4.73030039729159E-05 -6.65563931739724E-05
-9.53059090235472E-06 2.79005327427807E-05
4.83232897127995E-06 1.84525855306303E-05
-1.99698754383121E-06 -2.00965115612877E-06
-8.57154103189946E-06 -3.23849731840116E-06
-3.28311489549687E-06 -2.10720157895169E-06
6.45580465781344E-06 -1.68745105708386E-06
4.45347960345824E-06 -1.63216187546864E-05
9.31920710742319E-06 -5.59211413390413E-06
-6.25119069547676E-06 4.04382081063133E-05
4.7924334647386E-05 1.87046628908816E-05
6.57810951561721E-06 -7.09216682577957E-05
-6.18784229093515E-05 5.21646366360051E-05
3.91889931652443E-05 -1.54150416820789E-05
8.4548347169875E-05 1.54737250170976E-04
8.43895352590196E-05 -2.79096743301035E-04
-2.64620354505848E-04 -2.0613219245494E-04
3.21638680752172E-04 -2.09106321396666E-04
1.3131658979048E-03 4.35521252264637E-04
-1.33908358162272E-03 2.33489872666209E-03
-4.32417811279644E-03 -2.01343430293999E-03
5.91765583217759E-03 -1.72840906395097E-03
-2.31159641778457E-03 2.46398036899919E-03
-0.012060263678582 -7.06921912419123E-03
2.54640897024133E-03 -3.36499499814338E-03
-2.29145212536431E-04 1.66446527545587E-02
6.59004545399511E-04 -0.010511335380019
2.10833179290016E-03 -6.30934828411169E-03
-6.41688023290017E-03 3.56230852683576E-03
-5.46072939569514E-03 5.96202097030812E-03
2.21296106739068E-03 -9.4603158916593E-03
3.60847318123987E-03 5.68420413293423E-03
-1.94562188464905E-03 -2.96288180229662E-03
4.06297897309649E-04 1.99526633099194E-03
8.39656828922783E-03 -4.33178639477073E-03
9.65463156121488E-04 1.56915461741024E-03
-1.38604376009147E-03 -5.69513188061979E-03
-1.07142520476208E-02 8.44645770998388E-03
6.46377643145665E-03 -1.02494793200624E-02
5.95423219799071E-03 2.16609173997183E-03
-2.2635230796535E-03 -3.5568642374732E-04
-5.39748826653984E-03 -3.55006777483039E-03
-4.48843023847708E-04 8.27444365462744E-03
-6.66905538098357E-03 4.58472810197924E-03
-3.86749211805297E-03 -4.09086514929472E-04
1.25331555859543E-02 -4.98963228023078E-03
1.97070646322058E-03 1.98367994386664E-03
6.12941564936334E-04 -1.5760198057458E-03
-2.03000157293422E-03 5.06199834494677E-03
-4.90125501845195E-03 -2.3336367267531E-03
-7.25428959442633E-04 -3.06077018708849E-03
1.47419282617831E-03 -3.18038749962187E-04
3.59576163529988E-03 4.53156778258082E-04
3.35501581766042E-03 4.55149823264523E-03
-2.66025940284226E-03 -3.88886560323256E-03
-5.6347344472098E-05 -3.79430933241497E-03
-6.34655063345364E-03 6.91773164425887E-03
-2.89978740165921E-03 3.75395002415255E-03
1.02625572259665E-02 1.53175825763782E-03
8.74922195925063E-03 -3.22813131611432E-03
-5.07467171626006E-03 1.13576827861095E-03
-2.89349778246097E-03 -9.20005784244343E-03
-3.1221024441269E-03 9.60125497158223E-03
-9.7225993935693E-03 -7.03156794406128E-03
1.05251396479227E-02 -2.83998442095676E-04
-2.53520328731391E-04 3.24797309748361E-04
7.53073830390009E-05 -6.35609413334035E-03
-7.62099517402863E-04 2.47933237724276E-03
-1.03666912792053E-02 -4.09103858241183E-03
4.58498057477295E-03 1.59299922017804E-03
-7.35900419333157E-03 0.002782731550481
9.45496794966342E-03 -3.30298751569391E-03
-2.23044150842498E-03 7.14485596967207E-04
6.47145951987652E-03 -2.11354326562473E-03
-5.86146852541748E-03 1.18541563500229E-03
-1.79339824001963E-03 -5.59836353223596E-03
1.86232858955568E-04 9.42169470351183E-03
-4.97331924681649E-03 -4.14100774732104E-03
1.34174791099299E-02 3.01564821793802E-03
-7.87134962447559E-03 -6.13908834760407E-04
6.72294695003764E-03 -3.08209366389515E-03
-7.03813022793958E-03 6.45475055201494E-03
1.53415352764518E-03 -5.75574136819412E-03
5.44487189938335E-03 1.35729157756876E-03
-1.02392939155947E-03 1.27104275066851E-03
2.29157635682428E-03 1.58470100933735E-04
-1.93997424930824E-03 -3.31353984851571E-03
6.37111926862399E-04 1.96277668348207E-03
-1.82303877771927E-03 -2.03306291388591E-03
3.88100272285303E-03 -5.66656790102628E-04
-5.11482432331952E-04 4.20851274074272E-03
-2.06503314066635E-03 -1.45962598136596E-03
4.26738142490223E-04 8.98318719117899E-04
-5.47481787372264E-03 -4.87571799078101E-03
7.05860199964613E-03 4.45765451444218E-03
-3.34728296037124E-03 2.54380938928616E-03
6.75644270985793E-03 4.30009701542647E-04
-3.72632878426769E-03 -2.19511480126082E-04
1.24258355422902E-03 -1.9669307641917E-03
-2.10906616279775E-03 -2.91546686659419E-03
1.15242069415582E-03 -9.33856049481255E-04
1.45003309084938E-03 4.69664801269377E-03
-3.83229447245886E-03 -7.37927499269806E-04
3.46497778338089E-03 4.41825604850486E-03
-4.44048852826513E-03 -5.25262702060948E-05
3.72428078160743E-03 1.29208532724675E-03
-7.71899448081462E-03 -1.05740042025328E-03
6.17594126189061E-03 -3.95092719210607E-03
3.90206814926062E-03 6.97131501293176E-03
-2.57006580303131E-03 -1.09586742631817E-03
2.57812925698961E-04 3.61239158720532E-03
-3.71282885554498E-03 -4.66334970517622E-03
3.7694098549396E-03 -9.52648297942697E-04
-1.39460355989348E-03 2.9504913736146E-03
7.16420919584918E-04 -5.16179076922571E-04
-4.09346493217472E-03 2.64812501249522E-03
8.33413099446996E-04 -4.30988997702134E-03
1.81047201814156E-03 4.60471336243311E-03
-1.70344738075537E-03 -4.44850719964803E-03
5.91376509172838E-03 1.84364803636949E-03
-4.70735118648413E-03 3.7232521670569E-03
2.73956812054221E-04 -1.2418367841706E-03
1.81543682581061E-03 -6.23284917217043E-04
2.63195147565603E-03 -1.28523639671823E-03
1.06326259936645E-03 -4.24704464197043E-04
-1.63395728338392E-03 -1.01853500432303E-04
2.42060009438828E-03 -7.40129552169837E-04
-2.24876252625729E-03 2.24747277807145E-03
3.6349534987979E-04 7.53832255999012E-05
-1.20712759344326E-03 -1.56770412614243E-03
3.39403137170053E-03 -1.32922613578369E-03
-3.01903084733862E-03 1.02065259753913E-04
-1.03624474159295E-03 1.40356052309385E-04
4.3166588225832E-04 1.48654692339774E-03
-1.30565041080931E-03 1.55023916535723E-03
1.98604517060897E-03 -1.76545726381094E-03
4.9432337643101E-04 -1.65639929565072E-03
-1.16066491856175E-04 2.75656519299205E-03
-2.38122815010981E-03 1.71737476621916E-03
9.74682615331206E-04 2.61109526486108E-04
-1.55444448146452E-03 3.24818080105421E-04
2.00409205893703E-03 -1.09248527350511E-03
-3.70309403330433E-04 -8.4462566253248E-04
1.84562676887332E-04 -3.70429473958825E-04
-1.03903360716208E-03 2.49264040415537E-03
-8.0918159684454E-04 -2.13550406496523E-03
4.14758879457463E-04 2.7820471930244E-03
-9.30612478541653E-04 -2.23088154183304E-03
1.16994776285849E-03 5.68605038866086E-05
-1.32496897173972E-03 -1.06596794400256E-03
1.88316558477799E-03 3.79901364485201E-04
7.87005590120766E-04 1.32273110650166E-03
5.32638328099935E-05 -7.07374450438317E-04
-3.66006066566544E-04 1.02825995278087E-03
1.19898116712767E-03 -3.20018540044584E-03
3.83217193084304E-03 2.16571066157661E-03
-2.12090379607259E-03 8.57160213803194E-04
-6.99887586020139E-04 -7.03519351182718E-04
1.20866110334961E-03 3.3993980117694E-04
-2.88726381045849E-03 -1.48440591573662E-03
4.76164438211176E-03 -1.22405159766703E-04
9.35775811164833E-04 3.19505961389543E-04
9.25816098598465E-05 2.06780645059336E-03
-2.81729578813139E-03 -2.93850889661799E-03
2.60785468528532E-03 2.05906306552892E-04
-8.36695835426458E-04 1.31266656376911E-03
-8.47542574010121E-04 -2.38910405825236E-04
2.33318900037053E-03 1.53871640335731E-03
-1.92393628468821E-03 2.29022022239003E-03
-3.2558050259465E-04 -7.01931763706748E-04
-3.13004402258452E-04 4.96250117616473E-05
1.06314060321487E-03 9.70284195847788E-04
-3.89678856813575E-04 1.27817416527228E-03
-7.13835281165614E-04 -1.04673501271965E-03
3.12328870529887E-03 5.54869539394611E-05
-1.19956455149022E-03 2.93778556391198E-03
-1.45421932104763E-03 -3.50233529971877E-03
3.41215122944231E-04 1.10579632698142E-03
-7.61764645201932E-05 1.56096764433528E-03
-1.46706351621904E-04 -9.26498433694186E-04
5.14621272161481E-04 1.77680073153347E-03
-4.8649085407985E-04 -1.90121754620766E-03
1.0011776900988E-03 2.09491295160157E-03
-2.67379926865431E-03 -1.23557181255476E-03
3.02119517241043E-03 -1.24361060545268E-03
-1.99019047686896E-03 1.09812765828032E-03
-2.46093915979476E-03 -1.10610792630541E-04
6.76132656175776E-04 -1.72625156754316E-03
-5.94601207393685E-04 3.14474950637321E-04
3.70688124288588E-04 -1.55444846523578E-03
1.93775435507137E-04 -1.72002154624956E-03
-7.21814883152997E-04 1.16360731563834E-03
-1.49944909393585E-03 -2.38103924916038E-06
-6.04870812957897E-04 2.44526056429313E-04
1.43235712603614E-03 -8.72469310289337E-04
-3.17681168107233E-03 -8.04250910410814E-05
4.81626951834767E-03 1.88122743073796E-04
-1.16117913346564E-03 3.00989251800473E-04
4.9994272639333E-04 -2.79010050483997E-03
1.39985454681268E-04 1.58532982134468E-03
-4.29255783469999E-04 -0.001864676691041
