3.97208023181223E-05 -6.29743093052937E-05
-6.13456640994228E-06 2.80091603841286E-05
9.20084077540256E-07 1.99348269638396E-05
6.40302709775309E-06 -5.48824160722351E-06
-6.66453082728256E-06 1.2267434236604E-06
-9.54099632377984E-07 -2.97365221123109E-06
6.49139839354432E-06 -2.42441703454597E-06
3.2739542446863E-07 -1.23146461214369E-05
6.38865137251778E-06 -4.15522968431629E-06
-4.42409214990954E-06 4.12564027109657E-05
5.59372477316527E-05 1.76880546021295E-05
3.34839395567403E-06 -7.68713049438974E-05
-6.1398533756594E-05 6.14490824027663E-05
2.57271978612738E-05 2.82023230084722E-06
5.37291140256725E-05 1.62980391927319E-04
1.50565140318268E-04 -4.05688163285773E-04
-3.70194320727628E-04 -5.81945247008531E-05
3.14051957205726E-04 -2.85096697511479E-04
2.02557920301628E-03 1.15557244558421E-03
-2.77384140895346E-03 1.97529983685561E-04
-3.89590160109828E-03 -1.03740378045142E-03
7.66912607380902E-03 -1.63117357177913E-03
-3.44458995608402E-03 -2.47896242758209E-03
-1.02833124674226E-02 -7.79586413717955E-03
3.55806483016736E-03 -2.09388340919035E-03
3.01207225478916E-03 1.57639535866657E-02
-4.92563716526371E-03 -1.27382495771341E-02
-9.86590378113103E-04 -4.65749616030627E-03
-3.26444649337996E-03 6.77116822210556E-03
-2.1812343504271E-03 1.20644823487632E-03
-5.72181023634157E-04 -1.03593530521324E-02
1.45126072281623E-03 8.8880941221318E-03
-2.41778463253082E-03 -1.91727370448496E-03
6.88847110942027E-03 -4.1648086531425E-04
4.57910215956869E-03 -4.30696825210362E-03
-6.92656181721135E-04 3.39242585690258E-03
-9.61577427111534E-04 -3.39453892990014E-03
-7.38478731759445E-03 1.05365164479992E-02
5.70097695232907E-03 -1.17933649154415E-02
6.9516662870154E-03 5.34374339291816E-03
-5.26996190563416E-03 -6.09847559022718E-03
1.01694080122647E-03 -7.74142903004057E-03
-5.96500248936351E-03 5.96547484081005E-03
-9.37623543719223E-03 3.29055050949347E-03
1.45862365900175E-03 -1.02119143156826E-03
8.05385142094419E-03 -4.12100783546769E-03
2.82225476882909E-03 4.97871597993404E-03
-2.19649560396495E-03 7.04089650074309E-04
-2.00207117105363E-03 3.17747893906032E-03
-4.7156631297866E-03 -3.7299635634909E-03
1.36850046032434E-03 5.96746398154308E-04
1.05007995371097E-03 0.001030163806883
4.08925376967276E-03 8.4890673324094E-04
1.08454581126815E-02 6.39872607615402E-03
-8.41534422745291E-03 -2.30212649875266E-03
-1.74364404622566E-03 -5.83138100200487E-03
-5.64443847847761E-03 7.12204345933884E-03
-2.78028909634485E-04 5.26942985845894E-03
9.76331656066655E-03 6.21019647008398E-04
5.2386212969902E-03 -1.78582283530468E-03
-1.43509337157995E-03 -9.46452525412059E-04
-5.75483333236243E-03 -2.92133442259007E-03
-2.91651397803891E-03 8.34265796745957E-03
-6.3381919225146E-03 -6.39842421109666E-03
9.86301503015082E-03 3.3136555267387E-03
-4.95874283972474E-03 -6.93184813585137E-04
5.16811327570096E-03 -5.36913476060237E-03
-3.41518344664408E-03 2.60464521924098E-03
-9.60310823987828E-03 -8.19083339810633E-03
7.15319202176704E-03 1.85004219227206E-03
-6.90257966536567E-03 6.1820821583435E-03
6.76706540989777E-03 -4.32601571401123E-03
-1.05855497357715E-03 4.33231829940897E-03
2.55645092539731E-03 -6.98961577767765E-03
-2.7165015515542E-03 7.32581892935861E-04
-6.80556353605086E-04 -3.49108486953783E-03
-6.39627011826355E-04 8.48713437979359E-03
-2.59845972641689E-03 -2.16876178632509E-03
1.10440212467152E-02 3.36706998209089E-03
-1.00236590180116E-02 2.9831066528821E-04
7.70300780644869E-03 -5.82144645792142E-03
-9.35156269201441E-03 7.07312823863573E-03
-1.33274839426091E-03 -7.78162456115189E-03
6.02967418750652E-03 3.15022042945885E-03
-2.43537441268161E-04 2.21260921186029E-03
-1.87830427475545E-03 1.23993215326332E-03
-5.41942316569068E-03 -1.49324253990744E-03
2.58150128173011E-03 -6.16675887938438E-04
-8.13592629892675E-04 4.41854010093507E-03
6.14519783764225E-04 2.51769100621862E-04
1.3560496246909E-03 2.48314436155383E-03
-2.06724661196161E-03 -5.07243096994789E-04
1.96080101904927E-03 -2.13672855088166E-03
-4.55153172555423E-03 -2.51241488749461E-03
3.86973567005429E-03 4.70419439829103E-04
-4.81036352992334E-03 5.29886657948179E-03
3.10087454904888E-03 -1.65134405556942E-03
-4.25940477989071E-03 -1.04224267442028E-03
2.88558475607112E-03 -1.6462931291268E-03
-3.96471962729379E-03 1.16514780983822E-03
3.10842206702154E-03 -2.66967782315243E-03
3.73460539275595E-03 4.7642063550527E-03
-3.58948877065682E-03 2.87318013160554E-03
8.44224718615083E-04 -2.30531931697262E-03
-6.46308072728078E-04 -2.92457754184117E-03
3.71152594305552E-03 5.61394130516882E-04
-5.0720581684737E-03 8.42901005924169E-04
3.40705622824012E-03 -3.43867413660973E-03
1.05136764796411E-03 4.88967134062124E-03
-2.77342195556592E-03 -1.90452229901945E-03
8.55114972459062E-04 3.14111794709672E-03
-2.9709003635876E-03 -2.96057048002794E-03
4.18362359372442E-03 -1.76118022202757E-03
1.65065558231094E-05 4.6379861336799E-03
6.80961336657467E-05 -2.07679166064962E-03
-9.0822975172337E-04 3.48690878462808E-03
-6.51955608631198E-04 -4.35913600993608E-03
3.17728556044849E-03 6.20737857927306E-04
-1.42107591324927E-03 -1.57415295328323E-03
8.49056647133535E-04 1.37522695051103E-03
-4.99239705900623E-03 3.90927988492355E-03
1.60520860506276E-03 -2.55331082537977E-03
-1.41243087624731E-04 1.10202571980836E-03
1.61794607292826E-03 -4.02639440176069E-03
-1.65472166261724E-03 -1.11415437941318E-03
-1.04000661575901E-03 3.0803535317292E-03
-2.35098458692741E-03 -2.51812239610306E-03
1.40303419114549E-03 -1.49397358441279E-03
-2.8676025371606E-04 -1.26787703220857E-03
-5.79314742353564E-04 6.03758860524892E-04
2.61591103588247E-03 -3.67411982185667E-03
-2.9346145640121E-04 1.94894495437357E-03
-6.40680493699722E-04 1.67874798859752E-03
-1.41613603456228E-03 8.69500504387194E-04
-1.84156246440347E-03 -1.12542122673748E-03
2.68325508023669E-03 -1.66534242591251E-03
1.1865629824567E-03 3.47037045230048E-03
-1.11626548579666E-03 -2.92937881201076E-03
-4.28010672218828E-04 8.1792379100336E-04
-9.01793347852094E-04 5.05649865759628E-04
-1.81479892953345E-03 -1.96582693453479E-03
3.58574718876658E-03 -6.81080277248793E-05
-2.40031802112266E-03 4.15819095658847E-04
2.78680747823443E-03 -2.66955651881891E-03
-4.15579686759293E-03 3.40827173446864E-03
-1.21140636578341E-03 -2.71324230963947E-03
4.44777659029695E-03 -1.15310155408483E-04
-1.35655926635185E-03 1.59528800583971E-03
-1.21178470459846E-04 -2.76110869940968E-03
2.97879414984208E-04 1.43183982189915E-03
-8.81370645971619E-06 -5.30809455878061E-04
-8.95722121347534E-04 -1.6553241282211E-03
2.20629762088917E-03 4.26566818414189E-03
-2.24394670122731E-03 -2.43751989249672E-03
2.48445626857697E-03 -1.42207225385977E-03
1.00142123499044E-03 3.05264113225623E-03
-4.3950159700263E-03 -2.1139875706505E-03
3.66863030961838E-03 -1.14043348222193E-03
-3.17312507562438E-03 1.35020493726885E-03
2.89090601331076E-03 -3.86385521869826E-03
2.32099908228371E-03 2.26067365346717E-03
-3.03145984837609E-03 -2.45803104514314E-04
2.84262183285574E-03 -6.5843940831741E-04
-2.93455160982947E-03 1.07892223861686E-03
-5.35125512051117E-04 -3.55374525049326E-03
1.93631892603066E-03 3.1898517054724E-04
1.46688775754879E-03 8.15056359566812E-04
-1.55622925544875E-03 2.0197677325408E-03
-3.71450616668587E-04 3.60582387922815E-04
-7.731768432822E-04 -3.45937146256353E-04
2.45635390262142E-04 6.82539475427141E-04
-1.17177565018367E-04 -7.53945295436253E-04
-1.31956879762817E-03 -2.93401683295032E-04
8.75429161291296E-04 3.64880783679547E-05
-3.59609322942539E-04 1.11333724941914E-03
1.12709319154028E-04 -1.47901597109551E-03
9.94894695639154E-04 -3.75389605939677E-05
-8.03389298726912E-04 4.02097825364615E-03
-1.09672699383728E-04 -7.57314947548345E-04
2.21024791796582E-03 7.31194580347841E-04
-3.40567184936704E-04 5.82688427871535E-04
1.02245099025911E-04 -1.12656156340966E-03
8.98145723027413E-04 -1.33928094144819E-04
-1.44444964662114E-03 6.31428480374484E-04
1.69081275035672E-03 3.19073393577992E-04
-3.64493657256695E-03 1.96233173089508E-03
1.46955936898493E-03 -2.46000328710008E-03
2.96916901785429E-04 2.22080143557545E-03
-6.26269665290812E-04 -1.31134884958297E-03
2.69143227470897E-03 4.17553781953354E-04
-3.12336902406584E-03 1.74272444092389E-03
-3.70102331502532E-03 -2.91115529471598E-03
1.54836913176123E-03 9.40484095250226E-04
-2.55225882777466E-04 1.52488723370119E-03
3.85813164522246E-04 -2.18843674200825E-03
1.73750391791562E-03 9.76484733634194E-04
-1.9377665681163E-03 9.13340532295875E-05
2.33523158524297E-04 -2.65602094203868E-03
2.03427232779219E-03 -2.30206764075583E-04
-1.54564222900887E-03 4.0245421585308E-04
-1.03682736456466E-03 -1.05174871078464E-03
