4.0353094561607E-05 -6.23480727948301E-05
-1.00302311114996E-05 2.69105258351554E-05
1.36674005296539E-06 2.10957537046299E-05
1.32050486566152E-06 -9.57963293415542E-07
-9.98847428661657E-06 -6.31518013250238E-06
-3.15687216735912E-06 -3.79649313593352E-06
7.13331219157198E-07 -2.72957687355404E-08
-1.05376069141505E-06 -9.84763517336577E-06
1.04448033203274E-05 -5.89455940525433E-07
-2.74094699305376E-06 3.56870621603311E-05
4.85205202000098E-05 6.48752269209962E-06
-9.14530654900786E-07 -8.81450857037005E-05
-7.05546747213134E-05 3.52319242687539E-05
-7.03965455919247E-05 1.0177677495314E-04
4.5308851028756E-05 -1.44765404607047E-05
1.71538538620658E-04 -2.08070173277431E-04
-8.64499006182562E-04 -2.38097865974487E-04
6.98782092475883E-04 1.85262476898821E-04
-5.5196532644734E-04 6.02036456172927E-04
-2.69489092735465E-03 -7.37853105966223E-04
1.20052907008547E-03 -1.76128335682622E-03
-1.09147365447432E-03 -1.44587702222711E-05
2.64753945090337E-03 1.00133066273363E-03
-4.74707615587777E-03 -3.96319101986524E-03
8.78138156944173E-04 8.37819169122373E-03
-3.97275154416763E-03 5.67271943075307E-03
6.17986957421538E-03 -1.06962379324333E-02
-1.1051989506287E-03 8.06096908887441E-03
-9.46577049898081E-03 4.52895955884192E-03
-1.28893886728027E-03 -4.03684897416127E-03
-3.72841524996233E-04 9.26443157655697E-03
-1.9758595549044E-03 -3.04470490152859E-03
3.61507768298288E-03 5.46870293402573E-03
-1.06512420875759E-02 -0.003787247895927
3.26483530535513E-03 -6.65353055752625E-03
1.29826635129085E-03 1.67943399117428E-03
-1.01201303728247E-03 -5.97315615177594E-03
4.8529531139645E-03 8.87565450569356E-03
2.04290975122505E-04 5.4909849222142E-03
2.47044214846177E-03 -7.07717227460709E-03
2.7969989513135E-03 -2.72477848704645E-05
-7.69244942175683E-03 3.06769639739027E-03
1.96744531378426E-03 2.64189245370539E-03
-4.5436584941843E-03 7.2270564548862E-03
3.36375836331167E-03 2.72599473630537E-03
-7.46166372313304E-04 6.92151522836893E-04
-4.24044203132197E-04 -7.25661940915099E-03
-8.50505870835328E-04 -3.22482362890237E-03
-1.62610683077548E-03 -3.20515832922404E-03
4.92291990207165E-03 7.90088547164367E-03
-8.52743889483901E-03 6.49035279450776E-03
3.97494196612872E-03 8.67193880041591E-04
-4.20901974523817E-03 3.86453448845675E-03
4.86584095775186E-03 -5.68517141071239E-03
2.08179699279177E-03 6.43520737216348E-03
-8.32733463595352E-03 -4.42753163555744E-03
-8.66272062517002E-04 2.77928790399112E-03
-7.97050970621628E-03 9.58068668050326E-03
2.44775703198618E-03 -4.80487239228626E-03
5.8234176875087E-03 -1.0726130321881E-03
-3.54439197433604E-03 -6.64526451168076E-03
-1.86780557425882E-03 2.17434606516201E-03
-8.01210552905609E-03 6.07452704027167E-03
-1.34005261402929E-04 -2.9373845265108E-03
2.75253123313504E-03 4.68820980850386E-03
2.57634915226399E-03 -4.42105907289506E-03
3.6705434447542E-03 9.80844598535507E-04
2.36493635274805E-03 2.11018050732139E-03
-7.52574152264432E-03 -3.26157241488553E-04
-2.50832942328189E-04 -1.3002947796351E-03
-8.1707201920505E-04 6.24763281475373E-03
1.27272735930572E-03 -1.5685646816138E-03
6.96726137603227E-03 7.42600026695017E-04
-5.48597813233636E-03 7.97380830408803E-04
-5.44183219366063E-04 -2.8268067786206E-03
-2.90656183243253E-03 7.38692779681322E-04
-2.04067951076035E-03 2.73564215941059E-03
6.5937289969221E-03 2.86535892776396E-03
3.8312439181951E-03 3.15415163826679E-03
-5.25780062733152E-03 -7.97640825697821E-03
3.89435921169903E-03 2.28236794859513E-04
-8.58696235269558E-03 2.67562495222546E-03
2.23407305278687E-03 -7.54873900538671E-03
-4.21786879329988E-04 6.80202881908842E-03
-5.76419635911104E-03 -3.77955043083822E-03
7.28417330783454E-03 -4.31588585474817E-04
-7.30879791800669E-03 -1.53296172984737E-03
4.68891212209562E-03 -2.6406145459792E-03
8.76557227883258E-04 4.64056056089896E-03
-1.06969994066978E-03 8.07410374573821E-04
-1.15151894950265E-03 2.94649304774098E-03
-9.20510471555337E-05 -3.1959593659964E-03
1.15307722515148E-03 -3.78861693265768E-04
-2.98119464851125E-03 -2.33332590720774E-03
3.53018207674824E-03 1.57399155480815E-03
5.786804721742E-04 3.39907662849195E-03
-2.89623506158805E-03 -2.89084868837518E-03
4.54463162199739E-03 1.47931473560735E-03
-6.02672245799798E-03 -2.08257271346658E-03
2.14599118215095E-03 -1.25612493901754E-03
2.25198460604428E-03 1.01542009564492E-03
-3.08781636103122E-03 2.08732628918128E-03
-2.11997184874182E-04 -9.25263698329172E-04
4.08156993249873E-03 -3.56769943742444E-03
1.58483005563139E-03 3.54196985356535E-03
5.24233516332718E-04 -1.80956803847214E-03
-7.86563309303268E-04 4.75674527582422E-03
-3.4440495216483E-03 -3.34991508629096E-04
-2.44527232064102E-04 1.32641059683097E-04
-3.56379626856398E-03 8.08278976073448E-04
3.79062764150089E-03 -3.58714783878695E-03
-4.82884811286508E-04 5.04570323090064E-03
-3.88624098407556E-03 -3.33012793263095E-03
2.03324261490775E-03 2.97514392401848E-03
-3.45845344124382E-03 -3.08804571862511E-03
5.43861314193832E-03 -3.53342593348137E-03
-1.30685832359633E-03 2.94271132450457E-03
-3.63689473322909E-06 -4.39036461889405E-03
3.66019743841412E-03 5.03682250479594E-03
-6.76170368987121E-03 -4.71125010905492E-03
7.4684995492235E-03 -3.61186201899267E-03
-4.32383975123887E-04 4.43148076707799E-03
1.42891808776337E-03 -3.96765550861243E-03
4.16626939046348E-03 3.62724455197319E-03
-5.09373576667251E-03 -1.97021285722864E-03
-9.75444310917329E-04 -3.01421917095277E-03
7.81314306419598E-04 -7.40826641783983E-04
-2.30515928533732E-03 1.00690045031382E-04
2.76301187471042E-03 2.64639856086572E-03
-1.89644801181698E-03 2.43809172387486E-03
-4.0173926343983E-03 -5.80971553970478E-03
4.50449011506307E-03 9.16784033390608E-04
-3.44212577583582E-03 1.77379190874888E-03
-3.16241215787901E-04 7.79820882060614E-04
4.60436107050356E-03 2.79301787841712E-03
-1.73180927858025E-03 9.86872751222444E-04
-2.17960310898433E-03 -2.12730238532046E-03
4.19122119425317E-03 1.32921606767917E-04
-2.93067583825413E-03 -8.65920165328658E-04
3.99591411123735E-03 8.2630399631514E-04
-1.96971431075882E-03 7.89907045431905E-04
2.33859702405163E-03 -2.36888265730863E-03
-8.28565247100394E-04 -7.54675259874497E-04
-1.22940501561806E-03 -3.71255032911056E-03
1.46534125711488E-03 2.21662476535285E-03
-3.05439675729236E-03 -1.22632650844054E-04
2.3347952506191E-03 -1.17898175209771E-03
-5.26880532306098E-04 1.58931764630246E-03
-1.63114254975883E-03 -3.79236103784471E-03
3.98113415859133E-03 -9.53774333641707E-04
-2.66716495356515E-03 2.85890325624935E-03
-1.08270889849972E-03 -2.97839597759025E-03
-4.84745383424556E-04 8.03610871805314E-04
-1.67156359879704E-04 -3.61317702359212E-04
1.59671557066625E-03 5.02830235376198E-05
1.62621503282108E-03 -8.93922631617626E-04
5.97894182555602E-04 1.16090906084426E-03
-4.19984894810088E-03 -1.19041231014326E-04
2.69467296215252E-03 -1.89478930158114E-03
5.66461822352337E-04 3.08953760021038E-03
1.39967862082819E-03 -2.96171293028301E-03
2.6264784775216E-03 3.71365413072125E-03
-4.52016057010176E-03 6.91733829812408E-04
7.75960857308095E-04 -4.25715856785574E-03
-1.88234991322704E-03 1.98640426375688E-03
-4.30358542413512E-04 8.29454393979696E-04
2.33153412650032E-03 -1.67736321513019E-03
1.09802762318511E-03 2.85327842951061E-03
-0.002128270491643 -2.23425074870207E-03
1.3595411394362E-03 -7.55400981814466E-04
-1.38022601433829E-03 2.01342127623282E-03
6.48932382960662E-04 -2.41100386524693E-03
1.79878635952051E-03 2.43444863608268E-03
-5.38659872032781E-04 1.90176507336068E-03
-7.73629484784531E-05 -1.46954026660833E-03
4.78526206556983E-04 1.17865710919292E-03
-2.32699032394082E-03 -2.01190249366321E-03
1.67138268815447E-03 2.58290990383315E-03
-2.25390633081725E-03 -9.14791094582001E-04
1.29303352769186E-03 -1.46539365830831E-03
-8.92981676032175E-04 3.1388510581194E-03
-2.86181818489085E-03 -4.09313140702062E-03
4.4622749723585E-03 5.17055607531341E-05
-3.26930617867793E-03 3.65613562323391E-03
-7.75432722705501E-04 -4.43485163454029E-03
4.70696667843909E-03 2.57418710373522E-03
-5.43325673399993E-03 -2.47583157073053E-04
3.25469789563071E-03 -4.33651642311499E-03
3.59955661494978E-03 6.66668119103352E-03
-4.67256211580734E-03 -9.71873204236416E-04
2.96975248222439E-03 -3.68914955105944E-03
-3.26727337658926E-04 6.42830631377104E-03
-4.14915549998878E-03 -4.5418751673475E-03
0.004690084049036 2.72663355160869E-03
-1.71515116747254E-03 3.42807645344945E-03
5.49756470923624E-04 -2.57987648329959E-03
7.39600643905036E-04 1.68743798727325E-03
-1.54921765861526E-03 -2.57941411270252E-03
1.6167786415444E-03 -9.50221601104467E-04
-5.49394384013951E-04 1.36234641902669E-03
9.78771469046422E-04 -3.94603759547267E-04
