4.36571926908213E-05 -6.80701846570437E-05
-1.13429939167264E-05 2.39173919782351E-05
3.36967531452683E-06 1.68703232382868E-05
-3.26390200474667E-06 -3.27213485531159E-06
-1.04385014959749E-05 1.05280674823104E-06
-6.09024620143203E-06 -6.29446574790151E-06
3.33650085952073E-06 1.3261083165576E-06
1.96389803162192E-06 -1.61610491742988E-05
4.63671975782858E-06 -5.88636881224E-06
4.28580734941764E-07 4.38019334452299E-05
5.15037968325243E-05 2.1792392645978E-05
-5.53032318723724E-06 -7.91273297653155E-05
-4.63392858094366E-05 7.67233788806576E-05
7.16090421676067E-06 1.65127172873951E-05
4.17836752758601E-05 1.10827666522265E-04
2.9780908380304E-04 -3.11769645747748E-04
-5.84795344993647E-04 2.44998779863266E-05
2.21494255909673E-04 -2.07422540177859E-04
2.13375082717478E-03 1.56228867022185E-03
-4.04402463776016E-03 -4.26199307520851E-04
-2.19233898001631E-03 5.69116270258422E-04
9.49826185796932E-03 -3.85813953971511E-03
-4.27522248061213E-03 -4.0261459900245E-03
-7.35416163753659E-03 -6.42341478435099E-03
8.00329388809414E-03 -2.84575440406443E-03
2.75735519371594E-03 8.21370377745121E-03
-1.36327217457338E-02 -1.02995668244054E-02
6.3112087767483E-03 2.66350920134183E-04
-1.4219555607686E-03 2.88669282408251E-03
-6.33210956460785E-03 -3.3370656689814E-03
5.6957443719204E-04 -1.50782038757887E-04
-0.001539064323423 5.78094240536641E-03
-8.8923459417436E-04 -5.72507407543084E-03
7.20504615036516E-03 7.77744197370837E-04
-1.79082744758437E-03 -3.06684606115214E-05
3.14738514121204E-04 -6.84681359724168E-04
-1.05493854325943E-03 -1.53946117735176E-03
-8.86368882657077E-03 1.39565808182941E-02
2.36363807689645E-03 -1.15937738196479E-02
1.22743857436177E-02 7.15611386581989E-03
-6.30732821194787E-03 -8.32842493173961E-03
8.0189711665645E-03 -6.63313950398068E-03
-1.01292809699094E-02 3.60786233179267E-03
-9.0642233310067E-03 -3.34610420868858E-03
5.51956179633463E-03 9.98664956004358E-04
4.25481260118467E-03 -4.02175639776273E-03
5.78028621228816E-04 1.80402203052504E-03
-4.34058316687824E-03 1.67720259364438E-03
-3.1854030429462E-03 -1.41876115883893E-03
-0.004809208477203 -5.48247478361855E-03
9.69033796523487E-04 4.53965174606748E-03
5.55745122852775E-04 2.13848388455657E-03
3.09371708417601E-03 1.46883787474837E-03
8.94835845396462E-03 6.95366999687303E-03
-1.12463651670774E-02 -2.55531385445889E-03
1.00682289887899E-03 -8.88423449657927E-03
-5.82652858363327E-03 7.0835248870308E-03
1.50005930258313E-03 3.18013898077815E-03
9.25038960543726E-03 1.90149703253506E-03
2.76817949288665E-03 -4.00091217037301E-04
1.17784888091045E-03 -2.23847885878843E-03
-9.16251924045872E-03 -9.67262762364288E-04
-4.20978678130666E-03 1.33961690394726E-03
-1.68570638466931E-03 -3.32750820429646E-05
6.29869493192863E-03 6.48967573560109E-03
-5.67996599386324E-03 -8.48592288109339E-04
5.96433095090919E-03 -7.2698502134677E-03
-7.58494177718867E-03 4.66274605101244E-03
-4.54214883289675E-03 -9.41194368734457E-03
7.2077300582572E-03 4.35905699721279E-03
-4.41644276462725E-03 6.5792489338304E-03
3.91064394834147E-03 -4.15941719587387E-03
-2.81035412800142E-03 7.4074154938138E-03
2.47237676949733E-03 -0.011607941311684
4.42071242244208E-05 4.16730501312753E-03
-3.39167969842305E-03 -3.30342076692208E-03
1.84524030863359E-03 4.64344884413044E-03
-3.88469067524531E-03 3.48277262300544E-03
7.0685295823619E-03 -1.55626746104505E-03
-6.53261663657905E-03 -1.41511452881685E-04
4.80122417870025E-03 -0.006250402755683
-7.07036214582247E-03 6.63097781081198E-03
-8.74292208594027E-04 -8.16292662659253E-03
3.69996738105343E-03 4.31577174564811E-03
3.7575309833536E-04 -1.20009339939924E-03
5.15979456806349E-03 -1.79120404657895E-04
-4.5768287347151E-03 -3.30303378635963E-03
4.42598000654535E-03 -3.77784428985474E-03
-1.01629344099019E-03 4.35780376348841E-03
-2.20211983163526E-03 -1.41486773948186E-03
3.21158105437718E-03 6.99807677967437E-04
-2.66552597814659E-03 2.12385393081594E-04
4.23849354569884E-03 -3.72122640257684E-03
-2.61809419383617E-03 3.07175611928865E-03
2.3235112992863E-03 -1.86819684229189E-03
-1.40791852019469E-03 6.4459344339524E-03
-8.47929540226226E-04 -2.47434638494648E-03
-1.97357283751616E-04 -1.42295335561906E-03
5.21092680834342E-03 -2.98792749737868E-03
-4.46928115631627E-03 4.97518903917836E-03
-1.66187443600981E-03 -2.7535717009655E-03
3.35016069885202E-03 3.72582589084506E-03
-1.51666728218861E-03 2.62908320615687E-03
-4.16839535100167E-04 -4.52315142688991E-04
-1.17434580502451E-03 -7.51613055486096E-04
1.64905718872477E-03 2.1842580184612E-04
-1.29442522670429E-03 4.3100761803209E-03
9.75125585245539E-04 -9.08491726324947E-04
5.59617350738937E-04 1.87494057286975E-03
-2.61359012842049E-04 -4.32353140802659E-03
2.73330976457371E-03 1.72000491917474E-03
-2.61668910783251E-03 1.97939417536876E-04
5.96451603174088E-04 -1.83498905597437E-03
-6.06079901708778E-04 2.84002617412409E-03
3.8327282438187E-04 -1.77854586527106E-03
-4.83973581716114E-04 7.75178298860164E-04
-4.3642547801655E-04 -2.26030542293866E-03
3.15653447928852E-03 2.81131606433193E-03
-1.61770093375068E-03 4.62769186512474E-04
9.88265044202562E-04 -6.74154522662468E-04
-1.85630730089631E-03 4.85293422850969E-04
2.84402735629739E-03 -3.9816587287982E-03
1.11825905442194E-03 3.62553006329881E-03
-1.79094745214025E-03 -1.5885695513544E-03
1.55743214606546E-03 4.13808655428204E-04
-3.52470009966451E-03 1.79332767817542E-03
-3.40604151010618E-03 -2.55961113412307E-03
3.58702778992532E-03 1.47432990343042E-03
-4.40847888390578E-03 3.63835568028027E-03
2.64060824944324E-03 -2.29071897030846E-03
1.01311593873137E-03 2.12307073956381E-05
-1.97775507417886E-03 1.7803516785662E-03
-1.13456905137428E-03 -8.13570742510275E-04
-4.83224811026018E-04 2.27987287380371E-03
-1.55083281841727E-03 -4.94376856190527E-04
3.09807902424555E-03 -8.56257795568983E-04
-1.77491833002867E-04 -1.32650737088293E-03
-0.001344971611976 -1.58849491937254E-03
-1.32363148284501E-03 2.9265597969127E-03
-1.90016860415011E-03 -1.15916057376511E-03
2.02664859658477E-03 -1.12538923196596E-03
1.63772671711223E-03 2.86961525659678E-03
-2.88907884865086E-03 -2.30986738825945E-03
1.19939969485288E-03 -1.6138815962617E-04
-3.25531590535048E-03 2.31829229302777E-03
1.54571718755042E-03 -4.53415046788429E-03
3.11478520532777E-03 4.2621947146551E-03
-4.41170437622523E-03 -3.36493460088283E-04
2.30431758917194E-03 4.88198646658751E-04
-2.25029631676064E-03 1.35697069896329E-03
3.95099998700051E-04 -2.21456406043408E-03
1.49461170532239E-03 1.18168991517956E-04
-4.31125398399549E-04 1.58726175013747E-03
-2.72050452732955E-03 -1.72456168588023E-03
2.0872847072081E-03 7.38691644352958E-06
-2.31977425462045E-03 1.18009423611137E-03
-1.63962896995937E-03 -3.77064847883744E-03
3.35997446158065E-03 1.51168585430723E-03
-1.9870974805967E-03 5.58487365533715E-04
6.06337071631089E-04 -2.19561238225241E-03
7.7303052685477E-05 3.41280522150996E-03
-2.00476601420152E-03 -2.04974190320771E-03
2.23381299058642E-03 -9.34862119541882E-04
-7.62247618396994E-04 -4.51002147646524E-04
2.42978919035365E-03 -2.78261380681954E-03
-1.80075979923685E-03 3.91179720329476E-03
-1.38176345889595E-03 -1.94062381578642E-03
1.64787748120552E-03 1.64773910773035E-03
-2.94239922270557E-04 1.19576762307017E-03
-1.15088440258725E-03 -1.87112561940068E-03
1.65182785609241E-03 1.31679605753818E-03
-7.35299696588562E-04 8.46686705868256E-04
-6.17570206284573E-04 -4.51290596521206E-04
5.2404169794413E-04 8.88588546175398E-04
8.54527009865745E-04 -1.44214255986701E-03
-2.17967469000998E-05 1.63573403190104E-03
-1.80757258358869E-03 6.27046201788208E-05
7.7647424340631E-04 6.4601598931831E-04
1.18479110958102E-03 -1.82716966792224E-04
-1.96793474946532E-03 1.94987867978908E-04
0.001676862748866 -2.3766974941711E-03
1.49334825927424E-03 4.01438470443503E-03
-3.43656607070361E-03 1.46979462681124E-03
4.77977657808466E-04 -2.16135216169681E-03
6.93768041049594E-04 2.28794373899859E-03
-8.71668174960164E-04 6.41550718260075E-04
-7.98756556006856E-04 -1.78653908415557E-03
1.9464731499549E-03 8.61736377543336E-04
-1.59958539795364E-03 1.15838400535315E-03
-1.39964695839459E-03 9.04302772243159E-05
1.34737954697149E-03 -1.9092100551703E-03
-2.08268902236626E-03 1.45356815673525E-03
5.34597848979277E-04 -1.30679799621901E-03
1.7661863227345E-03 1.49341815270419E-03
-4.81990862671972E-04 1.02201774754603E-03
1.11180123822464E-03 -1.33572209256847E-03
-1.46960444181927E-03 -8.57112689302204E-04
-4.87236948652477E-04 -2.28685116612181E-03
9.21887179537172E-04 7.05296891393032E-04
-3.28301931696662E-04 -3.78581801488215E-04
1.90577684341877E-03 -1.31858989563905E-03
