4.14798754999634E-05 -6.49095391639376E-05
-9.24505954875936E-06 2.74955813186763E-05
5.9109367136336E-06 1.79948559276697E-05
-2.89129567271327E-07 -2.54235070224655E-06
-1.07684205672643E-05 -5.43932191251337E-07
-6.48409198801914E-06 -3.39104638344211E-06
5.98825286572145E-06 -4.99978584027076E-07
-3.06431754402329E-06 -1.26931009443006E-05
-9.26643408792214E-07 -5.15579204714025E-06
3.79664227890663E-07 4.05745963442884E-05
4.85677406332485E-05 7.35587774263384E-06
-9.88258687171419E-06 -7.73460777940541E-05
-4.18012590600199E-05 7.20124858915988E-05
-4.7045951367144E-05 4.38980273366218E-05
4.51539253252831E-05 3.49560677501014E-05
4.41015608605309E-04 -1.38919188330348E-04
-8.44234822039161E-04 -3.59049580627685E-05
5.27940192888029E-05 6.00066368588336E-05
1.89952240372048E-03 9.84957459626258E-04
-4.31775073263317E-03 1.49261214605311E-04
-8.29865435587707E-04 3.50266556930699E-04
9.10994402631996E-03 -6.44970868213577E-03
-4.45242573406419E-03 -7.54369331926335E-04
-1.57049176219239E-03 -3.45973151215571E-03
1.19546460724987E-02 -6.70563184419698E-03
-8.97816692788278E-04 4.0354839903445E-03
-1.00141393128183E-02 -2.30237504413903E-03
8.74936217053505E-03 -3.34375522027689E-03
-1.28839224106223E-02 2.71405399883376E-05
-2.19564239132053E-03 -4.27358435578184E-03
1.07651189082697E-03 4.46569788640208E-03
-2.50601258481581E-03 -1.80127678806588E-03
1.18434140923378E-03 -2.40282713172934E-03
4.28654657516813E-03 4.49528943156705E-03
-5.23957477174187E-03 -9.29175087793055E-04
4.91585320068547E-03 -3.07220335149897E-03
-6.53600540850878E-03 6.32188467992071E-04
-1.07061049397236E-02 1.12366691914878E-02
2.4910500884465E-03 -6.98166569252116E-03
1.64339673517398E-02 6.32875364594768E-03
-9.72269124579737E-03 -5.38699264061028E-03
9.71275111731757E-03 -4.69484364356615E-03
-0.011321388445241 5.84121203729661E-03
-3.27937213475629E-03 -9.39930120856179E-03
8.95132849218316E-03 6.24174130151536E-03
1.85131138324658E-03 -5.93431776388766E-03
4.88316173064326E-03 -8.39536826480921E-04
-6.46294030897583E-03 2.58458417863819E-03
-2.88124106209071E-03 -4.60627963808368E-03
-2.17148145434365E-03 -4.59849436559693E-03
1.84276562543325E-03 -4.58113777928435E-05
7.1776738510121E-04 2.47630244255098E-03
-7.03413648653488E-04 2.40444541112255E-03
6.44145616413251E-03 2.8347135017753E-03
-6.83642519165655E-03 -3.43462028351534E-03
1.48948690798557E-03 -7.8698135996943E-03
-7.14391326270937E-03 7.19956743887427E-03
2.19849884029157E-03 3.78400303819122E-03
8.59873059474939E-03 3.71295897777158E-03
2.38939650551091E-03 -4.24037572307979E-03
1.82092297694394E-03 -2.11142675934597E-03
-9.77230577492943E-03 -9.87863421492753E-04
-1.70767835200923E-03 -2.24162257531611E-03
2.66079303251036E-03 5.79498568843426E-03
9.4227209192707E-05 4.08934258754955E-03
-3.89739966035323E-03 -1.90649022589035E-03
3.73387458864199E-03 -3.97740102907556E-03
-7.05579143586831E-03 5.27010492979969E-05
1.57630954750269E-03 -7.70508311704079E-03
2.2540079194628E-03 4.86499561767327E-03
-1.92672417727476E-03 6.45086139839659E-03
3.85679417425044E-03 -1.77057872091036E-03
-3.61445813393224E-03 6.61479849316566E-03
1.98453843278399E-03 -1.44961266590576E-02
3.68888940185087E-04 4.63038044622852E-03
-0.005228241507829 -4.32204275434074E-03
5.93489210935081E-03 3.13277224338609E-03
-5.85137521928167E-03 4.35331282638481E-03
6.66265672166157E-03 -6.82749782975456E-03
-2.21250960857611E-03 2.35374025422502E-03
-1.41439850611951E-03 -5.9121084879156E-03
-3.38169808993776E-03 5.65017898359472E-03
-1.33618227766433E-03 -3.88116972489229E-03
9.08054554719333E-04 6.00175821982138E-03
-2.91549210898635E-03 -2.01533971332015E-03
6.75342720978018E-03 2.6396203438293E-03
-2.24653038792868E-03 3.66732586075595E-04
3.79965505895505E-03 -8.97772798747967E-04
-1.08566564902846E-03 3.78964589597929E-03
-4.15705600933542E-04 -5.49541171033131E-04
4.47729966731658E-03 -1.6635303136867E-03
-1.53879884172289E-03 -1.29364519726019E-03
4.20946996258763E-03 -2.35838259841191E-03
-3.64765808767461E-03 0.005774265756151
-1.37338576846529E-03 -3.25127727334165E-03
1.82194597621993E-03 5.13458600423074E-03
-4.14639431744726E-03 -3.14827468465961E-03
3.60760166973831E-03 2.99455563312942E-05
3.01631182261525E-03 1.22532344424052E-04
3.7583658936023E-04 4.48500906230344E-03
-3.40696207151948E-03 -9.91752062582729E-04
3.70125496551312E-04 -9.28998138711341E-04
3.42041770445538E-03 -4.15505003367338E-03
2.50616444785005E-03 5.95027555293186E-04
-2.91201147281364E-03 -1.81281509470933E-03
4.45941611808014E-04 -6.40925456581161E-04
-2.47751430343099E-03 1.39998332895077E-03
-1.5033633287351E-04 -1.53869599145121E-03
7.04872015638099E-04 2.85636043297632E-04
1.25945382487854E-03 -1.51512547818729E-03
2.44606209665967E-03 8.57062082602447E-04
-1.10599121549099E-03 1.10952775784632E-03
-5.01690596350843E-04 -7.53976081700754E-04
1.04502174336857E-03 -4.02980090806731E-04
-3.78682878582161E-04 -4.10915511504586E-04
2.27958318219811E-03 -2.87094213347961E-04
-1.0949730003249E-03 -8.76668755421168E-04
9.78311185590253E-04 3.39640940375494E-04
-1.33309465599616E-03 -1.13298371689207E-03
8.30000312430715E-05 -1.3539078535592E-05
-1.75354203624599E-03 -4.74892978041732E-04
3.48466565480447E-03 3.22494012548656E-04
8.88337172732961E-04 4.22137711407641E-03
-2.31384686612727E-03 -3.33377244395742E-03
1.42167225914739E-03 -3.59519194535574E-04
-2.69467936672302E-03 -1.04815383789416E-03
2.45211596414699E-03 -6.06731907162253E-04
0.004622413410414 4.18330489064406E-04
-2.55715977189345E-03 4.19887524846521E-03
8.88566057414808E-06 -2.81656430567207E-03
-2.8718629572524E-03 2.85172714325388E-04
-1.35484164023209E-03 -4.2663897815877E-03
3.46208060048373E-03 1.78460279253266E-03
-1.26995915792804E-03 3.16898089344632E-04
2.91088822794873E-04 3.62325052946869E-04
-5.13590547324275E-04 -3.26311877349085E-05
-1.34993505919259E-03 4.69950121360549E-04
-1.90996051952423E-03 -1.00672391120398E-03
-2.5029725713297E-04 -3.58345055597188E-04
0.003221946740903 2.27223002118328E-03
-5.11344945851046E-04 7.99107734829034E-04
-2.14282660480736E-03 4.69335317455695E-05
8.15399499583194E-04 -9.4757387602037E-04
-4.19588242171731E-04 -3.35045993762295E-04
-1.21275687872212E-03 -1.36186338011351E-03
1.38589326317067E-03 -1.13365715364761E-04
-1.18918729114273E-04 3.99014549655706E-03
-8.8592864463677E-04 -2.59277648084928E-03
3.53177454358489E-03 1.30827173187474E-03
-1.55942364196136E-03 -1.49176947958883E-03
2.61802081016132E-03 -3.74168620535855E-03
2.09162806529837E-04 4.93941354646954E-03
-2.37335864592836E-03 2.15746775792462E-03
9.704515716189E-04 -1.20725803198762E-05
-1.02011096360124E-03 -1.63176326816411E-03
8.25394355040906E-04 -2.20178482872907E-04
6.56556126971578E-04 2.1986642662605E-04
1.19016083003104E-03 1.58082399603435E-03
-4.95570628208495E-03 -1.21099607516137E-03
1.43970900099372E-03 -2.0372601277609E-03
2.81537085601091E-03 1.97892758126672E-03
-1.21375081527009E-03 -0.001138465517772
2.12614896115194E-03 6.04388434284627E-04
-1.69206923158396E-03 -1.99733213237394E-04
2.72741022185413E-05 -1.28631917616811E-03
-2.01932832407575E-03 4.78719751819747E-04
1.08920670812726E-03 7.53370807958618E-06
8.34064949579131E-04 -2.14756128162727E-04
-1.46422358600794E-03 -6.61596463295822E-04
2.41162781204625E-03 3.07170667643954E-04
-1.40000041122745E-03 2.68207725618907E-04
-5.43932734951741E-04 -1.28042401248367E-03
1.51753344744304E-03 1.25904810729926E-04
4.26403742662821E-04 0.001157579406526
2.90059365646328E-04 3.20505359767305E-04
-1.20540534267905E-03 -1.98956533858779E-03
2.80279674702534E-03 5.30318611823412E-04
-1.90433165730237E-03 5.31817396601319E-04
2.32834437324536E-03 -4.93785532544791E-03
2.28597841945258E-03 2.41204950271752E-03
-2.74344515202792E-03 9.73188388468782E-04
-6.43839957207842E-04 1.22706670067209E-04
-3.2774061912246E-04 4.23229907084936E-04
4.4196803849631E-04 -6.24767070165844E-04
1.38749009322204E-03 1.01534232790725E-03
7.68378674316599E-04 -1.36340854209524E-03
8.45696096620653E-05 6.02275404635093E-04
-1.58440640151607E-03 1.36217296499615E-03
-1.66312779504126E-03 -8.16542551994376E-04
2.21794763372883E-03 1.32923395356717E-03
-6.81544726934342E-04 5.80328505687808E-04
4.73766925748047E-04 -7.88899877571014E-04
3.74421346288752E-04 1.00564448796466E-04
-2.17841490027728E-03 2.42274509044594E-03
6.98279020935083E-05 -2.7838892421757E-03
2.1961544966461E-03 1.76706100426122E-03
-2.18288728502102E-03 -2.64698874344041E-05
9.92115864745441E-04 -1.17485930017201E-03
3.82163052739116E-04 3.60754178125291E-03
-1.65154456340473E-03 -1.48668628514732E-03
9.75320412223413E-04 -1.08587723363823E-03
