4.0555014774085E-05 -6.17959985661771E-05
-8.16141974311633E-06 2.4481285970436E-05
-2.78320949422029E-06 1.88518849221338E-05
-1.8077305573968E-06 -5.37184359052464E-06
-9.8527872943369E-06 -2.84659279109309E-06
-6.29665956825617E-06 -6.50893528427459E-06
2.70802779831418E-06 -3.12634940824919E-06
-1.56316054713957E-06 -1.40309778537406E-05
1.38182093432865E-07 -6.64556442919234E-06
-3.90505909641001E-07 3.91335567861161E-05
4.30325222050595E-05 8.4954210398743E-06
-1.24256711520169E-05 -7.31116933496327E-05
-2.79568378119804E-05 6.35562648365276E-05
-1.23424741750817E-04 4.88602171114302E-05
1.08130114949642E-04 3.73417323916845E-05
4.67849305678649E-04 -5.48290385058559E-05
-8.56596387542934E-04 1.46759829422163E-05
-1.10232033528372E-04 1.51704717652971E-05
1.89944068695041E-03 6.40307729825122E-04
-3.94211453114707E-03 1.7873545270733E-03
7.31153700736892E-04 -1.27846518468023E-03
7.13866864538026E-03 -5.97020913823813E-03
-2.00905329526909E-03 3.81793819801804E-03
1.19214808229825E-03 -5.49811555951422E-03
9.13640294556006E-03 -6.52630401654115E-03
6.94215836067183E-05 7.91432261874974E-03
-1.75233685147261E-03 -2.77507068531334E-03
-2.06838839827026E-04 -6.60718536501206E-03
-1.58065792946856E-02 2.57225773416521E-04
3.99711145980766E-03 -3.03091354775779E-03
-3.25643026204584E-04 1.41947099841563E-03
-3.74943216119434E-03 -3.18357936014972E-03
-4.87122700095261E-04 3.1000505940599E-03
6.21008774145329E-03 8.48146949738622E-04
-5.32802580981019E-03 -7.38609897742406E-03
4.20387072126648E-03 -2.27073063269553E-03
-7.63228385077917E-03 5.43104529230331E-04
-5.12241278713642E-03 7.72072454827382E-03
1.03852195069169E-03 -5.13769061328692E-03
1.36925377258425E-02 5.46436002097376E-03
-9.12029274426613E-03 -3.39853128105581E-04
8.32855517214028E-03 -7.34402605979822E-03
-0.013950365205879 8.24767588408979E-03
6.8299779614021E-05 -9.81800611159108E-03
1.32528983860468E-02 1.03577714144182E-02
1.00805158076808E-03 -5.07909842948424E-03
5.13211317947174E-03 5.06088008380987E-05
-6.55656368125752E-03 4.31049727333986E-03
1.39876089192972E-04 -7.63379802158394E-03
6.28688472317686E-04 -2.26766450384576E-03
3.71748808542004E-04 3.90431461731307E-05
3.78605308966651E-03 3.65335875782742E-03
9.50794715816666E-04 3.3697250517602E-04
3.47462865775467E-03 -2.95453352994746E-03
-3.78826577905997E-03 -3.12304965706711E-03
8.46652358704428E-04 -4.03848522193916E-03
-4.46805762410827E-03 5.30077858077571E-03
-6.91197360245506E-04 2.31331095902386E-03
6.46187932511079E-03 4.7306915502921E-03
2.72892460126154E-03 -5.22579325104758E-03
2.21193298415401E-03 -3.05767774786599E-04
-9.90153278560267E-03 -1.61701035010245E-03
-4.99532436069876E-04 -3.39569087014867E-03
2.1226642593855E-03 9.36734144016745E-03
-1.21437010384629E-03 -8.14000939557858E-05
1.67832915029015E-03 -2.63773557197451E-04
-2.38633119430138E-03 -3.23308232002637E-03
-4.50515718650042E-03 -4.33166055829173E-03
6.04037367935209E-03 -2.14902412274705E-03
-1.03193980718263E-03 3.9214361096561E-03
-5.58794293680145E-05 5.04210187482402E-03
8.51072008003336E-04 1.12658391708063E-03
-7.2846725790834E-04 8.25016709709718E-04
2.7451731414921E-03 -6.66346573659863E-03
2.44874475364221E-04 1.8460677522686E-03
-4.93044784259832E-03 -4.02638375268134E-03
4.64513826802168E-03 3.81861011698565E-03
-7.57821675798556E-03 2.67223079324261E-03
8.75955137025586E-03 -6.52065751175505E-03
5.99473373147926E-04 3.56243843896232E-03
-4.16462828692665E-03 -8.80975462322956E-03
1.72561184490766E-05 6.59978599748051E-03
-7.48783891734865E-03 -4.85692997392139E-04
3.82582738091459E-03 1.8205818025206E-03
-0.002381487304284 -1.39809189198945E-03
2.90894602777312E-03 -2.06560481180189E-03
-1.01388193220723E-03 -4.3653884375792E-04
1.17498939199941E-03 -2.30421900134913E-03
-2.29965941871745E-03 1.33506957669667E-03
1.20660487484255E-03 1.25230203022075E-03
2.7576962249625E-04 -5.95646906455956E-04
7.16034295137334E-04 -5.02232018835986E-03
3.71899423191965E-03 -1.58090930454101E-03
-3.10262034325592E-03 3.49095087879034E-03
1.22009446679717E-04 -3.95792364169904E-03
3.14683956775451E-03 4.31970776099397E-03
-2.68275774611323E-03 -2.53411193738424E-03
6.44653656753595E-03 -1.70454143331091E-03
-3.14409203907786E-03 3.97786743133299E-03
-8.08959466487651E-04 -3.33110464641845E-04
-1.82018840910592E-03 3.80261153579862E-03
-1.0317905577339E-03 -1.56956883656135E-03
2.17254306068587E-03 -2.64256121665427E-03
1.56404864184933E-03 2.74487399744704E-03
-2.44448392978119E-03 1.80117813596869E-03
-2.27250642567056E-03 3.72831811682504E-03
-3.71877351952615E-03 -9.43251692834803E-04
2.9014561246118E-03 -1.99341092687934E-03
-2.91268243422413E-04 1.77467259642676E-03
-2.8547301282006E-05 -3.75236907831679E-04
1.03330485592963E-03 7.99738174458269E-04
-2.3491043141695E-03 -7.67264002349841E-05
-1.9314121635828E-03 -2.95744575052904E-03
1.87581894024517E-03 1.30713411825405E-03
-4.54465293670367E-04 -1.38373742248683E-03
2.2885794258584E-03 -4.90757196977305E-04
-4.23798946527436E-03 3.72998870580895E-03
4.59298883281589E-04 -3.17754777270546E-03
2.48043024795823E-03 8.51806049415155E-04
-3.50397975849383E-04 1.65504191973326E-03
2.02045434039615E-04 -3.16925465742779E-03
3.95824981545958E-03 2.71328198152762E-03
-4.66941295032518E-03 1.55855705839472E-03
9.769468040701E-04 -3.62043415571642E-03
1.58757704480959E-03 5.20321242697816E-04
-2.53079522693079E-03 -5.63387143185538E-03
3.37457918086043E-03 8.378609113236E-04
-1.70960530774061E-03 1.41617341193627E-03
-8.00733731611581E-04 3.80485480678629E-03
-3.31328124866424E-03 -0.002519064100263
8.62575129986545E-04 -2.16416466602922E-03
3.25648789599465E-04 -1.0394374415778E-03
3.63868244809723E-05 1.24552684404089E-03
-1.55840832264048E-03 1.09297130312312E-04
1.52646093989445E-03 2.3067680400305E-03
-2.16737299622736E-03 -2.18064188054067E-03
3.40031141380942E-03 -4.2616548992162E-03
-2.36891498277874E-03 2.73283307306939E-03
-1.6440513816942E-03 -8.40457919546956E-04
2.03414613645593E-03 1.08500925255537E-03
-2.08693712599164E-04 3.75584861003536E-04
1.88345918443036E-03 -1.22808538205001E-03
3.33069061854333E-07 -2.24577885428901E-03
-1.25385328603364E-03 -9.98039838709816E-04
-2.99856091458939E-04 0.003422151910241
-1.47045712367772E-03 8.1881095067319E-04
2.25027932833074E-03 -1.09434291072739E-04
-8.15584646194741E-04 4.47077409436125E-04
2.26911755067265E-03 -1.16746851350052E-03
-1.13701867036782E-03 -1.02444332131652E-03
2.21690245379722E-04 1.57301791670112E-04
3.87051939095683E-04 2.89880753078149E-03
4.74482468775047E-04 -1.48802347363765E-04
-2.94370097154169E-04 -7.99821141552311E-04
1.37814232134581E-03 -1.4845220599614E-03
8.94796253819893E-04 2.06245681641826E-03
1.90491501535784E-04 -2.75603767920237E-03
1.73552315353854E-03 2.20410663820826E-03
-4.03118796988907E-03 -7.72282251781194E-04
2.53541135147819E-03 -5.48385153997526E-03
2.19618995626236E-03 0.005258376068823
-1.99217443452066E-03 -3.26169247723834E-04
3.74991768240033E-03 -3.78987651302984E-04
-4.01120509605666E-03 2.41322524135113E-03
-4.02617449342812E-04 -4.35294075187502E-03
8.70688879764703E-04 3.57241342396236E-04
3.52630911151189E-04 5.00134642178782E-04
-9.12549607059098E-05 9.52777156162326E-05
6.03145463680006E-04 1.16090721070266E-03
-5.42202513795634E-04 -1.37183970136213E-03
-1.22080733203275E-03 -8.61247463147552E-04
-9.13295128455801E-04 1.56829342304657E-03
5.28057760015223E-04 -1.88889782697083E-03
2.42608264863343E-03 9.07900347133763E-04
-1.79782377292799E-03 5.05802982882735E-04
9.31169751585354E-04 -2.61133888623302E-03
1.56371332293668E-03 1.60261007115658E-03
-1.74021098685352E-03 -3.44625740661478E-04
2.25478542816789E-03 -5.53211313475558E-04
-1.68411645112577E-03 1.65960245225911E-03
-1.01923917207306E-03 -3.68840046778435E-03
2.15239135165575E-03 2.47556486394554E-03
-4.55060946360061E-03 -1.32704473876052E-03
6.54000930036028E-03 -3.50101819357649E-03
-1.3972722687091E-03 5.76143841412646E-03
-2.13017281183031E-03 -2.15374802874061E-03
2.18499524147782E-03 -7.57560262093763E-04
-3.06991095725246E-03 2.71684797272483E-03
-2.56407037857266E-04 -3.59846614052963E-03
1.30143846495203E-03 1.80840949492428E-03
-1.51788315447215E-03 7.21708227619116E-04
-9.83747669125284E-05 -2.26985447984775E-03
-5.49055838848086E-04 6.6121752543073E-04
-1.03302142697541E-03 -1.22700286341607E-03
-5.37408390122471E-04 1.54655717098633E-03
-2.19807108643706E-04 6.38756445834517E-04
3.43786176490592E-04 -1.71445387020769E-03
7.70175438795781E-04 -3.29653921778799E-04
-3.03500813933212E-03 6.86963458385989E-04
1.33461849166901E-03 -3.31085838429793E-03
2.89160365436287E-03 3.75353972463454E-03
