4.23696874485154E-05 -6.50452450582609E-05
-1.16007800430597E-05 2.78614142667109E-05
-4.10508762782747E-09 1.99854409134936E-05
1.90873498397621E-06 -3.55743137548217E-06
-1.0515292677363E-05 2.39998341276537E-06
-4.01050894258962E-06 -6.75631322642543E-07
7.64804032915462E-06 7.42036589041034E-07
-3.13936352500081E-07 -1.4125176640981E-05
4.49400886624799E-06 -9.27989362182542E-06
2.77929849565946E-06 3.85005577401202E-05
4.24336308261365E-05 3.93875369495748E-06
-1.41331205935657E-05 -5.97071185080427E-05
-1.32101115326116E-05 5.11221734323775E-05
-1.68354534764654E-04 6.98425926912885E-05
1.49519624849143E-04 7.13767509451081E-05
4.14340822670166E-04 -3.70320663692321E-05
-7.97105735645985E-04 4.98468625477535E-05
-4.54227992316708E-04 -9.01485357020738E-06
1.86771058566183E-03 3.5854533674448E-04
-2.73424835664178E-03 2.52045915048148E-03
-1.86482680722546E-04 -3.01726752064738E-03
6.42834162349006E-03 -1.80149461763848E-03
2.29448620346862E-03 4.40235564440673E-03
-1.78385271145065E-03 -7.27109020286914E-03
6.4034667276057E-03 1.16853542084114E-04
1.99958291359741E-03 6.85547365717134E-03
2.10669618956594E-03 -7.56054056408058E-03
-9.84307869751213E-03 -5.1278666287188E-03
-7.72856287551571E-03 3.56219093682551E-03
3.68725374777875E-03 -5.81808066023769E-03
-4.2208448824701E-04 3.29341637194065E-03
-6.57561201821814E-03 2.05734359956519E-03
1.22150064292718E-03 1.46987566111077E-03
5.98667461842023E-03 -5.63215974963837E-04
-4.78402100993916E-03 -6.07691329094356E-03
5.03424788565811E-03 -6.42389416602929E-03
-3.07847108752137E-03 3.4459330712832E-03
-1.7084447390783E-03 5.89694077534229E-03
1.4200564700081E-03 -2.06886167754613E-03
1.24999552094211E-02 -2.83864204427044E-04
-7.93224648214102E-03 8.62131016404878E-04
2.39795538191642E-03 -7.01267067916397E-03
-1.13427916721388E-02 8.84558440550236E-03
2.97031650912972E-04 -1.25284232348091E-02
1.02126451003973E-02 1.45413508552974E-02
-4.15689839703566E-03 1.63853145283145E-03
6.28643104933138E-03 -3.5057109351927E-03
-5.97946223388433E-03 4.66968360161054E-03
-2.66136277692394E-03 -7.84880085311166E-03
-1.24430875852068E-04 5.80698086501783E-03
7.91112108762734E-04 -1.83977510125623E-03
5.85000415839092E-03 4.84255894274666E-03
-2.90465248207504E-03 5.22832680849721E-03
3.14467211622156E-04 -6.14757944696586E-03
2.3653274742122E-03 -5.24933062082942E-03
2.11343832815154E-04 -3.93544185806753E-03
-3.29555593260348E-03 5.56084138461821E-03
-3.74479946933821E-03 3.29772479752425E-03
5.09234882387696E-03 1.28641327213771E-03
4.16799520943427E-03 -7.89379192413443E-03
5.2613982330073E-04 -3.19786830791575E-03
-8.32658964736401E-03 -1.1960448869235E-03
1.13426421233033E-03 8.36409379300125E-04
3.18973160223933E-04 7.7415694744563E-03
3.55356801959811E-04 -3.72127105425159E-03
5.1993265379211E-03 1.03463759605909E-03
-6.56028045105618E-03 -2.17173882103755E-03
1.95937696280756E-03 -6.45822789520126E-03
5.05099455228414E-03 3.26839394245574E-03
-3.45303200638253E-03 4.85965805783809E-03
4.5660010499063E-04 1.69191805621377E-03
-1.34559674895329E-03 4.12795298397227E-03
3.11670716609018E-03 -4.90046105173148E-03
1.96112763573719E-03 -1.33226575944806E-04
-2.76282751163317E-03 -9.69085370362412E-04
-2.91169079201475E-03 -9.41272786332851E-04
-1.51313747785934E-03 2.78225733756378E-03
-4.30377661171795E-03 -1.40113842888461E-03
6.85228864295905E-03 -3.23340152102924E-03
-9.06134953673896E-04 5.56803920355742E-03
-3.33835029917732E-03 -9.29319073069304E-03
1.84619954300094E-03 6.79274162496506E-03
-1.12447118549475E-02 5.79028859745945E-04
6.10393788847008E-03 -2.30499765754818E-03
2.29755845200007E-03 4.89719425621399E-03
2.70081831193818E-03 -4.41849199545018E-03
-7.49524565908681E-04 2.51961810022787E-03
2.37098498231799E-03 -8.19663173456456E-04
-1.86128686196976E-03 4.65893682471048E-04
3.66177379894018E-04 7.459244757494E-04
-2.75058820208069E-03 4.65991535930566E-04
1.96749478280413E-03 -2.34444345024455E-03
1.81899461914171E-03 2.21581243167368E-03
-2.99440638008942E-03 1.43222753412142E-03
-7.73760102497365E-04 -7.68109071033816E-04
6.63955016902811E-04 1.56201857967869E-03
1.04485404679466E-03 5.34865137616399E-04
4.33849770317406E-03 -1.25282959742711E-03
-1.73693307740698E-03 3.05317516098405E-03
-2.08440829097884E-03 -4.53601154366669E-03
6.83892967403706E-04 3.0503213152393E-03
2.92302629935475E-04 -3.71679107106987E-03
3.81671391558764E-03 -9.81987671657837E-04
-0.000989064428936 1.16479416935393E-03
1.08523339488953E-03 6.66793114600975E-04
-3.65754615764861E-03 1.08661955456155E-03
-2.87984962528618E-03 -2.72637199897723E-03
3.8519882729268E-03 6.54607376268221E-04
-1.45383581769102E-03 3.98339690384862E-03
9.17678259826039E-04 -1.65600961115939E-03
-1.91435584808764E-04 2.17256808180222E-03
-4.14777921734985E-04 -2.9815653362185E-03
0.001393645355702 -1.12463547424548E-03
-2.33699045786069E-04 2.75921406217881E-03
5.82617358292833E-04 -5.03140293236223E-04
2.78105538771943E-03 7.2346966636661E-04
-4.80333793625493E-03 8.97998446108291E-04
4.92541524516736E-05 -5.28541413816477E-03
1.2531987356034E-03 1.74050107252259E-03
-3.59243961567247E-03 -2.25399125475131E-04
-1.05308101468613E-03 -1.34140202928153E-03
1.78588325919042E-03 3.58388595929966E-03
-3.31454554499383E-03 -2.17201561794924E-05
2.312450412207E-04 -3.41318945782218E-03
-4.63665567283646E-04 2.59863796575776E-03
6.30182643325543E-04 -3.11240936818008E-03
3.80179971127709E-03 4.65703048779766E-03
-3.2548867770223E-03 2.95909361543802E-04
1.91748492681945E-03 5.18153912359488E-04
-2.0536581816358E-03 -3.46403023618757E-03
3.10139748622467E-03 -7.12229121028508E-04
-3.33159131201157E-03 2.17593241018098E-03
8.22149032862396E-04 -6.70499644156764E-04
-1.07328943758305E-03 3.6950786468618E-03
-1.28932761412716E-03 -5.36389350823037E-03
-6.10011549099621E-05 -6.12880449731707E-04
2.67145008317222E-03 -1.71709884431408E-03
-1.14473209694224E-04 3.29560898963951E-03
-1.42242277672615E-03 -2.69203897649391E-04
-1.49989466602111E-03 -8.44060820527213E-04
1.1917986395222E-03 -1.79727150876302E-03
3.10108621560549E-04 6.03940534952665E-04
1.89998329850693E-03 -1.97794135566185E-04
-5.56312334658921E-04 8.60116943589026E-04
-3.68878411059392E-03 -2.96110251460492E-04
1.80744662011747E-03 -1.48829404368867E-03
1.65191555122058E-03 2.95457794842661E-03
-2.43172256264935E-03 2.78260856141963E-04
1.90237842802433E-03 -1.73783594490982E-03
-5.96231188810132E-04 3.81846526540016E-03
-1.59649935468409E-03 -3.05531131834184E-03
6.24712424428436E-04 7.23264814492697E-04
-2.37869380072582E-03 -1.41849210337638E-03
1.91633218248822E-03 -3.51188297415416E-04
4.01617887116994E-04 9.14760324308946E-04
1.4336041453949E-04 -3.44700638837723E-04
5.48152308013865E-04 -1.60852714982143E-03
-1.80041263625151E-03 2.46363854444964E-03
-3.04721561352229E-03 -2.3204145542396E-03
3.79956897099295E-03 9.83501994236041E-04
-2.5775591300925E-03 4.05929877920372E-03
1.69515443680004E-04 -3.50682924895195E-03
5.45144250096842E-04 7.90215324987698E-04
-1.92354001092627E-03 -1.0988312142674E-03
3.86994403228417E-03 -2.75177170191938E-03
-1.17513242096912E-03 2.32978085800349E-03
-2.0264910023932E-03 -3.68828498251505E-05
3.0201454300103E-03 2.81078015206959E-03
-5.23687434682595E-03 -1.85697007990078E-03
3.7908472683697E-03 -3.58750845391218E-03
-1.02518194878728E-03 4.50824821952613E-03
-2.1319694134035E-03 -5.34583972723917E-04
2.05815803063994E-03 4.85969957768954E-04
-2.91467755626219E-03 1.85462318562455E-03
-8.08369755730896E-04 -8.99705452922043E-04
2.2280005466816E-03 -1.37992675387138E-03
-1.52907771599814E-03 3.62341540539682E-03
-6.42538413925664E-04 -3.03605405707734E-03
1.46512761791472E-03 2.51730054757592E-03
-1.81071143768501E-03 -2.50959920401024E-03
1.21516590142513E-03 -1.31983916631278E-03
-4.18376612735217E-04 1.80304247486204E-05
2.15265453095599E-04 -1.5035022411289E-03
3.57969337639803E-03 2.5116799137558E-03
-4.32054464122814E-03 3.08918031665591E-04
1.0440808979018E-03 -4.28493209521043E-03
2.33027996077407E-03 3.04531304990811E-03
-2.83523053334484E-03 -2.00691526992571E-03
4.04115145161411E-03 -1.74052813590223E-03
-2.0790303321298E-03 3.50616084745095E-03
-2.51633585307938E-03 -2.76060072843609E-03
2.47982388533418E-03 -7.00877747635336E-04
-6.17121506822475E-04 8.83350436043623E-04
-2.15043268056454E-03 -1.1274658789651E-03
2.26113416133218E-03 5.53662948021944E-04
-9.66468171689665E-04 3.87947220200599E-03
-1.74599068653043E-03 -3.10169550813127E-03
2.85795202070367E-03 -2.1486158442885E-03
-6.53273352205365E-04 3.01072869058247E-03
-6.40640646200631E-04 -1.65497790300025E-03
1.74436737055115E-03 1.28313115682225E-03
