4.05793241167432E-05 -6.33788208517215E-05
-1.07196991546966E-05 2.50615461431911E-05
2.66623369888319E-06 2.05024101887187E-05
-2.75746721741962E-06 -6.02118333898862E-06
-1.06652050833737E-05 2.12630450699772E-06
-6.06935266528104E-06 -4.25259377560724E-06
5.80643278263791E-06 -2.44418157898872E-06
4.75797243815405E-07 -1.24577053685648E-05
7.67584630573806E-06 -7.00797009097828E-06
1.31090132856298E-06 4.01542371873528E-05
4.43921813413002E-05 1.02754126008786E-06
-7.20092916551988E-06 -5.69251346272644E-05
-2.09424613257199E-05 3.45680127420873E-05
-1.76932143845526E-04 6.33497932532568E-05
1.58781679022471E-04 1.11498770199323E-04
3.24911541124269E-04 -8.83948310421294E-05
-7.05099251339464E-04 -4.92704045710861E-05
-4.60440359964196E-04 5.89283750856333E-05
1.77805802827655E-03 1.01088245153499E-03
-2.51349163833553E-03 8.49945409282043E-04
-1.71745552052828E-03 -2.03975583778593E-03
7.37077921444826E-03 1.8583259920743E-03
2.17135779092947E-03 2.20205991888215E-04
-3.73735479127104E-03 -5.67940344473831E-03
5.44533869592226E-03 5.42755354136886E-03
2.00973344397275E-03 -1.31681443429648E-04
-1.43738444699377E-03 -7.67240029539987E-03
-7.17753729560092E-03 3.22656785353562E-03
-1.99940995528551E-03 -2.86165921363769E-03
-1.2062719756966E-03 -5.91487071419954E-03
3.04922020501184E-03 1.04838185800587E-02
-7.36674685546897E-03 7.2063738628784E-04
2.86971465192212E-03 -5.77422957946654E-04
2.46332341473661E-04 3.21256237823416E-03
-2.04989577412333E-03 -5.01969994094526E-03
1.06278785783042E-02 -5.90797092849194E-03
-3.64322342627432E-03 5.94947182416638E-03
-1.72426127337892E-03 5.35059169275511E-03
3.46218374784674E-03 3.73293680996596E-03
1.19709121223935E-02 -2.45645731545128E-03
-3.95428312512375E-03 7.63693260647753E-04
-1.4117703437062E-03 -8.9332333102543E-03
-9.18111726780358E-03 7.66738217793135E-03
3.56546747172025E-04 -7.88196205238748E-03
7.7579090495968E-03 1.23371163605621E-02
-8.12431238972571E-03 -2.68864442828958E-03
5.29125736786504E-03 -3.94319497776091E-03
-4.53758950474396E-03 6.51259741364831E-03
-4.29911431592349E-03 -9.1068832303661E-03
-2.8595043266094E-03 4.23568656086419E-03
-2.61637492377267E-03 -1.92658423329389E-03
4.1659011783096E-03 7.07581331412853E-03
-5.35212152287679E-03 6.70619438563698E-03
-1.80638241420035E-03 -1.05460101010879E-02
5.32812036631685E-03 -3.87112373417003E-03
-1.40408687109558E-03 -1.20724197764513E-03
-2.90500406047968E-04 3.67236340965341E-03
-3.26378283646042E-03 6.19439480565409E-03
3.61492789164671E-03 -2.12657221003683E-03
4.89656351344892E-03 -7.43352738200197E-03
2.66672498390263E-03 -3.95216502239487E-03
-6.21125084200095E-03 -3.28214254221605E-03
-6.16794830448375E-04 5.64877788586074E-03
-3.65415352389146E-03 5.64376119779994E-03
4.24416102526744E-03 -4.65724217996281E-03
6.98956671100976E-03 2.06989932352567E-03
-7.12207140902202E-03 -1.64446494554305E-03
4.50905580269538E-03 -4.51595360981402E-03
-7.11912135678472E-04 4.87272266018766E-03
-2.07041189155316E-03 1.59955285272008E-03
1.08830236545042E-03 3.20363846065143E-03
-8.06438019934145E-04 2.77496273627982E-03
3.72081067008222E-03 -6.61996359162215E-03
2.32602051891458E-03 5.12278739362592E-04
-4.15368381023934E-03 -2.78904604442364E-03
-1.35759977968255E-03 9.79751151253153E-04
-5.36269589815615E-03 -4.0996996359107E-05
2.34944879312343E-03 2.229150966824E-05
4.13777679481173E-03 -1.36674908887399E-03
3.84995738975674E-04 2.25566673788766E-03
-2.72605933508443E-03 -1.55686720488358E-03
1.06841619284648E-04 3.24562355527342E-03
-5.05749989075535E-03 -8.45753082181037E-04
4.0421534205196E-03 -4.93444548492973E-04
-1.29951482139896E-03 5.81522882145601E-03
3.11313146659571E-03 -4.35490835032548E-03
-4.32747101717118E-03 2.01284306037654E-03
-2.6196623698954E-03 -4.59585775410557E-03
2.49900265803147E-03 8.76475069095833E-04
-7.53876093480215E-04 2.6050242313928E-04
-3.40397813620571E-03 -7.2178489288582E-04
8.15311754549254E-04 -4.76299360387467E-04
-1.23679225444637E-03 1.19946194820239E-03
1.19455433266859E-03 -3.52241500396602E-03
3.86234289676788E-04 3.37775442585505E-03
-1.6931358504022E-03 -2.34381879381252E-03
5.30534194827226E-03 -1.40735681546479E-03
-6.2853264159057E-04 1.17585508967619E-03
7.0931626619144E-04 1.04115996266296E-03
-2.80762727826201E-03 1.13868100216237E-03
2.31585846024442E-03 -8.03956334445176E-04
1.45822026401192E-03 -7.76263643267443E-04
1.96334080666017E-03 1.51803396125643E-03
-1.5428338621788E-03 4.70151643062241E-03
-8.99928357173955E-05 6.93173802706282E-04
-2.48530097848819E-04 -1.36290999023073E-05
1.63331426260431E-03 -3.74283790638127E-03
2.56708146317267E-03 3.45057010579735E-03
-1.1406199088086E-03 2.89392900914067E-03
5.81209789693086E-04 -1.75806532111445E-03
-3.23895118636253E-03 1.52643028893781E-03
-1.38069040297674E-03 -6.31205141021277E-03
3.04720175213387E-03 1.41790605564457E-03
-2.57274740374707E-03 1.58734968268704E-03
1.98820843549241E-04 -3.39833902165156E-04
-1.0808897081749E-03 3.02387597367706E-03
-1.11726642890682E-03 -2.91516812068048E-05
7.85865055639144E-04 -2.45709326785819E-03
1.21950014226462E-04 9.72150087168658E-04
7.8427933203169E-05 9.47955933512028E-04
8.40251569014249E-04 9.09787753109521E-04
-6.94065940384608E-04 1.70231116737736E-03
-7.20812812645782E-05 -1.8209867361653E-03
3.30510000697062E-03 -2.56378728821857E-03
-3.31734422804754E-04 1.0957105108827E-03
-7.32345147935909E-04 -3.15317010129967E-03
2.72127133410186E-04 9.6735658082711E-04
-4.93025670134847E-03 1.74609297576693E-03
2.44044303676192E-03 -2.14896476937913E-03
8.88981747478752E-04 -1.66663896084505E-03
4.82905589619811E-04 3.98736643980939E-04
-1.19193771524491E-04 4.7012168520503E-04
-1.71422294860356E-03 2.59656747033687E-03
-9.78949207248043E-04 2.9968306638883E-03
3.72990783131184E-03 -5.55116332267283E-03
4.5589753691167E-03 4.11689662240564E-03
-3.11563455525126E-03 -3.51158490953913E-03
3.95244091601578E-03 -2.60305452010634E-04
-4.54138647553293E-03 1.74731322984129E-03
-4.44349952168758E-04 -3.7602482797287E-03
3.49111203178398E-03 3.25093149594732E-03
1.08145731199122E-03 -9.31013972272688E-04
-8.84042895211688E-04 -9.15959513568797E-04
-1.62729358088329E-03 6.53241258948418E-04
-2.46656164703321E-03 -1.44315098658776E-03
3.41447630365196E-03 -1.22382333916695E-03
8.38364492883814E-04 1.52450053252762E-03
5.95550337104168E-04 -7.2363701877429E-05
1.57005795630067E-03 7.75017243879397E-04
-3.58110977696902E-03 8.54010533740054E-05
1.47888737037404E-04 -3.0838745769548E-03
1.4503423670291E-03 2.86757419722913E-03
-1.64844906239072E-03 -1.35295961308111E-03
2.10930027958399E-03 1.64146358646545E-04
-2.07762290508673E-03 3.94595436133306E-03
-1.46340071464547E-03 -1.95652545247686E-03
1.81459071192677E-03 1.90742384918683E-03
-3.12059686417149E-03 1.71202714721811E-03
2.78906036211314E-03 -1.95597451209417E-03
2.98757389763793E-03 2.86507014797748E-03
-4.6055816228351E-03 2.08960606028311E-03
5.56950666632881E-04 -1.39111028820686E-03
7.33389347240119E-04 2.09322648237747E-04
9.58289865776945E-04 -2.66837050025407E-03
2.55731965439426E-03 1.48381966851142E-03
-2.32736810972396E-03 1.19552987398586E-03
1.73038901655155E-04 -6.16140777215355E-04
-3.98594639503061E-04 1.90143869439132E-03
-2.8375319309475E-03 -3.40694187839089E-03
4.34800428553757E-03 6.48121988075008E-05
-1.3740183531916E-03 3.0376624746572E-03
-6.06960370956577E-04 -2.82014008053798E-03
4.41434416412201E-04 4.47522897350316E-03
-3.22460572204292E-03 -2.10007808099067E-03
3.6499284761804E-03 -2.94867890052954E-04
3.00565111451475E-04 3.18898184298829E-03
-2.63368554692365E-03 -5.55378018633163E-04
1.05219809098792E-03 -1.47089190795016E-03
-1.3059362195325E-04 3.16843679039827E-03
-3.09132738057805E-03 -1.4125224728336E-03
1.89150460671806E-03 -2.39834729814613E-03
-1.44073617624879E-03 2.55187460571519E-03
-2.59817473749665E-04 -2.27666978628379E-03
2.62104236127334E-03 2.05868015293817E-03
-1.80229901855409E-03 -3.34706345814265E-04
-5.75075888256535E-04 -2.63987063843346E-03
2.44527702970565E-03 2.32177902252914E-03
7.2017492865426E-04 -3.29570806882388E-04
1.66675649274207E-03 1.58588199299155E-03
-2.65571829303238E-03 6.22252866298081E-04
1.47205319347775E-03 -1.68803861759483E-03
-1.12121741995468E-03 1.77472029917308E-03
1.16482726342653E-03 -7.17878757806206E-04
1.81407306174269E-04 2.14659392154012E-03
-1.24387670972628E-03 -4.75450155076439E-04
-1.36418294298039E-03 -1.80189655647676E-04
8.96049833649459E-04 -9.66387718040023E-04
1.01468450454067E-03 4.22709261659713E-04
-0.002928048444804 1.22043030284283E-03
2.32304162086337E-03 -2.75442438884573E-03
-2.07648993745653E-03 3.1414343976068E-03
