4.12001639612381E-05 -6.27737597554146E-05
-1.08090887547445E-05 2.43237268983779E-05
2.49100068878321E-06 1.43118123541794E-05
-7.53160383456584E-07 -4.41168669723048E-06
-1.41809848233604E-05 -2.17987825752854E-06
-4.5690577473264E-06 -3.84873117369239E-06
2.77615606140424E-06 -1.17532081576641E-06
-1.6564462385725E-06 -6.87455101967296E-06
1.10835623452701E-05 -6.41532014988429E-06
2.69161601657215E-06 4.13805023774468E-05
3.80845191492178E-05 -3.13603640803088E-06
3.27319373816338E-07 -6.28470915284809E-05
-3.6870611515417E-05 3.08452174461624E-05
-1.6670915025529E-04 5.53933450493287E-05
1.33701280391464E-04 1.21554667148691E-04
2.77161315325314E-04 -2.26198904714613E-04
-7.08249957662153E-04 5.71489797221465E-06
-1.28586470495888E-04 7.9379989688759E-06
1.64165544134722E-03 1.7634111287466E-03
-3.53883147416809E-03 -1.20323380332818E-03
-1.6933586819638E-03 6.15481829574131E-04
6.30177078830316E-03 2.65741966231233E-03
-4.53569266916348E-05 -2.74414631292681E-03
-3.8062176089217E-03 -2.53654862486275E-03
9.91602133590375E-03 4.13801385835237E-03
-3.63722970261095E-03 -5.4014302751788E-03
1.27775192778039E-03 -1.80292261890362E-03
-2.39177265298574E-03 5.52040909072666E-03
-7.61944007239506E-03 -0.011306100090542
6.14666913320349E-04 1.9181124471117E-03
3.38901791651109E-03 1.01971990173037E-02
-4.91487053063445E-03 -1.59733233293518E-03
8.6263665007588E-04 4.2644915778598E-03
-3.88241625250097E-03 2.41158032353141E-03
2.00720096191631E-03 -5.52857273687355E-03
7.68676487804762E-03 -1.30332845032281E-03
-4.92317663728417E-03 3.64975554822326E-03
-2.99369630384443E-04 6.05364923046926E-03
2.86157286722313E-03 5.21047700393884E-03
6.36142559268306E-03 4.41990626466385E-04
2.48031288659707E-03 9.750386520937E-04
-2.68322778854861E-03 -8.45405927163528E-03
-8.18704017598277E-03 7.41921746390456E-03
3.45761327204528E-04 -2.87939282618648E-03
7.55507709326163E-03 5.6772249614101E-03
-8.16333913850595E-03 -1.7812460539122E-03
4.1038542312817E-03 -4.75152740297675E-03
-4.64634458755685E-03 3.09303933191227E-03
-2.1260331334146E-03 -0.010774030253421
-1.40570244940461E-03 7.74300276720508E-03
-5.27912258453346E-03 -4.00219373762243E-03
5.01838976568777E-03 2.64832963812176E-03
-9.47090659233073E-03 4.82963041098257E-03
7.62366384379873E-04 -9.68831782288032E-03
6.10657734019475E-03 -1.97015738135994E-03
-2.11901938083549E-03 -2.61934773359838E-03
-1.10511775174759E-03 3.16647253153085E-03
-4.08778032872357E-03 0.011377856567752
3.97265000813827E-03 -4.21270235931218E-03
5.9868235941829E-03 -7.59671094168357E-03
1.56569823743658E-03 -4.58056901815513E-03
-4.78935958128962E-03 -8.55028419329871E-04
-2.41097248458918E-03 6.29450044659216E-03
-4.92534418643769E-03 3.18175523733308E-03
3.62367170595764E-03 -5.19863496843935E-03
5.77246307618003E-03 1.75660311855531E-03
-4.63624074796453E-03 -2.01223852370788E-03
5.16088200077481E-03 -1.60773634102433E-03
-5.13380495581682E-03 4.53093549117708E-03
-2.18262415895628E-03 -4.20530954213196E-03
1.85420463528874E-03 7.50614073148769E-03
-2.24439892830608E-03 6.43750972199799E-04
5.79116775532783E-03 -5.44389993618636E-03
1.66834775317845E-03 -1.17408073599919E-03
-2.96521051199402E-03 -3.12792933117847E-03
-6.34959746448014E-04 2.59434096232525E-03
-7.73456824212421E-03 -4.41646269521633E-04
6.52185354328877E-03 2.4862409257023E-03
6.60826853884978E-04 4.41380645741567E-03
1.69212449752988E-03 -6.32789754593219E-03
-2.03540978345667E-03 4.06046647248169E-03
-8.21702148821781E-03 0.001008301759707
2.69202177402033E-03 -4.73279107788195E-03
3.77749040922247E-03 2.83093145161532E-03
-4.22806383095659E-03 7.26328653927578E-05
2.51450602680596E-03 -1.28895758523642E-03
-1.70444201667343E-03 1.38891137328518E-03
-5.27420776770549E-03 -6.25768173841428E-03
6.60337336398362E-03 3.10688522410825E-03
-2.46411866052187E-03 2.12053607757583E-03
1.01655815004559E-03 1.49451905505762E-03
4.43571008600871E-04 6.13660974675145E-04
-1.22935510583523E-03 1.58537167871044E-03
3.2674260581174E-03 -3.25620264165828E-03
-9.91296359816765E-05 4.06038039698072E-03
-2.21500660784004E-03 6.36996100318791E-04
5.08982762552013E-03 -1.53716904638011E-03
-4.93533556946089E-03 1.00257948321194E-03
1.09268062569319E-03 -5.43206342048297E-03
-2.24332837298188E-03 4.80481731430722E-03
6.14133188437032E-04 -3.81297027540814E-03
2.94457457116854E-03 1.74018572071576E-03
-4.40567640540713E-03 -9.68224927198974E-04
2.15724958334108E-03 1.13457029554385E-03
-4.28286180983985E-03 -1.1081476252133E-03
1.45178907387458E-04 -3.29567678219078E-03
3.38840701938364E-03 -9.16146953080336E-04
1.3321259598872E-03 3.74323867317386E-03
1.81529920236972E-03 2.06655340599684E-04
6.45495505665825E-04 -1.32117594885251E-03
-1.37600791995436E-03 2.06286002011343E-04
5.70550613622884E-04 -5.07351517376922E-03
5.28912791624153E-03 7.75146282057353E-04
-2.71793702046111E-03 3.55450939002714E-03
-4.21942734851467E-04 -2.46437307582277E-03
-1.31702688791448E-03 -1.08034517226604E-03
1.41760571612514E-03 -3.14271518832201E-03
1.1840515448042E-03 8.34032211167226E-04
-1.05354095942448E-04 -1.80061257100172E-03
-1.71757537578198E-03 3.85404061862235E-03
-3.12911573540718E-03 -2.7518455785045E-04
4.41684881765164E-05 -2.42859803322606E-04
1.42235471320975E-04 -2.82592715341821E-03
2.67711223190375E-03 1.21889484148534E-03
-1.9108002140925E-03 2.38709045039582E-03
-5.23174818401458E-04 1.98582597832683E-03
-1.11146918436697E-03 -1.73776305098387E-03
-2.6237477230484E-03 3.73571678546767E-03
4.5000393572432E-03 -4.40616432010225E-03
3.77201455394579E-03 2.51737065479111E-03
-3.45717062876475E-03 -2.36971716153908E-04
1.15226330816031E-03 -2.15887453797978E-03
-1.4604683136793E-03 2.0639260738954E-03
6.15544169384522E-04 -1.79900425693982E-03
3.05757908418162E-03 -2.64657502220909E-03
1.41091013885588E-03 2.42166740613989E-03
-3.28164953004905E-03 -1.03681583269369E-03
8.8336199696978E-04 -1.37942125210339E-03
-7.47458583970574E-03 3.28920968588877E-03
5.29113664468576E-03 -4.83123413540387E-03
2.67317788678968E-03 6.80444768593889E-03
-2.08744340592608E-03 -2.91841889098357E-03
2.41747748370999E-03 1.52336258371321E-03
-0.005642123428999 2.09193106198239E-03
1.19361235707262E-03 -4.70197026566991E-03
4.77487189691795E-03 4.5562130622082E-04
-2.45307073125888E-03 1.56378700912102E-03
1.07215717506006E-04 -3.47124464428703E-03
-1.23722558568969E-03 2.3359858700195E-03
-2.88327559399945E-03 -1.15822105362733E-03
3.31172749131704E-03 -3.68052900544325E-03
-1.40626230643099E-03 1.40074781940379E-03
6.021415726438E-04 1.85794328880554E-04
9.0996323440611E-04 2.88971917235348E-03
-4.35965248083606E-03 2.30681851645267E-03
2.38863524214193E-03 -6.77983107751788E-03
2.74279143986182E-03 3.76765512243123E-03
-6.6468897695376E-04 -2.64648091451926E-03
4.34742936111451E-03 -1.11038628434018E-04
-9.33526892993558E-04 5.99553122856769E-03
-3.8787996830864E-03 -2.42002870427226E-03
2.35269074274807E-03 -1.8417485963231E-04
6.76544979854492E-04 1.28141706031723E-03
-1.44148151808046E-03 -2.3745212440499E-03
3.32415844928809E-03 7.92695715419387E-04
-1.21396132706909E-03 1.8181037084643E-03
-1.76661577923454E-03 7.56083371656394E-04
1.54286050493484E-03 -1.06800984455685E-04
2.55051912734973E-03 -3.48230060021649E-03
-1.58904913161509E-03 2.23472288395012E-03
-2.79418427710527E-04 -1.38857451529908E-03
-1.41825119562373E-04 -1.85226384599358E-03
8.60764779643318E-04 1.18387322023318E-03
8.99269902987511E-04 -3.64406127038647E-04
1.59663076333465E-03 1.08028128801162E-03
6.52499732037835E-04 -4.40275303536509E-04
-1.08435058166792E-03 4.49739901285678E-04
-1.02401879913179E-03 3.34722136558516E-04
9.757229993223E-05 -6.88554912253413E-04
4.92506733737714E-04 1.18996305534584E-03
4.40847120434137E-04 -2.35642444108365E-04
-2.35450106958328E-03 2.57498424618724E-03
-2.11139608637531E-04 -3.39901009230989E-03
2.53730055178258E-03 1.63167811832676E-03
-3.98127433885611E-03 9.44619532789687E-04
3.19409661078291E-03 -2.76282968897286E-03
-1.09395834367575E-03 3.97825586934122E-03
-3.34837005719292E-03 -1.28888232889207E-03
3.59468983594288E-03 -1.1478809592809E-03
-2.43977676677598E-03 2.10881365428514E-03
2.43430619524599E-03 -5.43178112388817E-03
1.99002211240905E-03 2.89218222609869E-03
-1.71699761398615E-03 1.35279803061678E-03
1.54191436252157E-03 -2.66346287523531E-03
-1.33105285511209E-04 9.89296496866924E-04
8.17985529013067E-04 1.37118932312529E-04
-3.51130820023076E-04 -7.21527401920403E-04
1.70444929930788E-03 3.03179274960979E-04
-1.73383311775692E-03 -5.20844780062582E-06
-2.12970749543402E-04 -1.06627098066707E-04
-1.56096327224646E-03 -8.52181956578898E-05
