4.25488520579892E-05 -6.3933972128645E-05
-1.00114654730238E-05 2.70671434992115E-05
3.31047352999419E-06 2.0562388788697E-05
2.15395852294113E-06 -5.26643329132617E-06
-1.32671348237401E-05 2.42832759191152E-07
-1.03529218416417E-05 -5.20638040879578E-06
7.61174932113684E-06 1.13148126699083E-06
-9.58492322542235E-07 -1.22619949516259E-05
1.36093370006313E-05 -4.07610884576236E-06
3.12937953381914E-07 3.93097986795174E-05
3.82182629006528E-05 2.07115554918791E-06
4.01128376537838E-06 -7.13894921879356E-05
-5.32438644594743E-05 2.75426866494281E-05
-1.34369381031522E-04 6.9921694463674E-05
8.02138391340962E-05 1.10298941805796E-04
2.80277369179252E-04 -2.99636038673197E-04
-7.93767800842403E-04 3.93409804691513E-05
3.30434917283066E-04 -2.87179979351151E-05
1.09456181435462E-03 1.63786502148269E-03
-4.05550852970185E-03 -1.71545561066059E-03
-8.82348524395265E-04 2.06046156996798E-03
3.23287613544282E-03 8.44616689496966E-04
-2.00347977166873E-03 -2.82671277715476E-03
-8.70221707129227E-04 4.98794337100888E-04
9.8717938113608E-03 9.18561116082151E-05
-6.63077542531588E-03 1.77405385570916E-03
8.56877770512077E-03 -1.6117614028165E-03
-4.8974272527036E-03 2.38198011543878E-03
-1.10771159022703E-02 -8.2814982020586E-03
3.51608101541619E-03 6.6530268074633E-03
-1.67363526675376E-03 2.95002745508264E-03
-2.50319466952851E-03 2.74444399442087E-03
-1.05444218929398E-03 7.43227124581582E-03
-4.30729101685716E-03 -2.90217721073755E-03
1.10716723105401E-03 -2.78918366321369E-03
1.39444379950878E-03 -3.42833816185566E-04
-3.9261815734121E-03 7.41156731542799E-04
-6.21678834316357E-05 5.75432941333236E-03
2.38929964231456E-03 5.60702164762652E-03
2.40418977528758E-03 -3.29693996324311E-03
1.19120412452063E-03 3.83206338841053E-03
-2.85209334647864E-03 -2.86475008029914E-03
-4.11015837279863E-03 6.67902955755305E-03
-2.74957928754999E-03 -7.40767303384312E-04
9.09914904548694E-03 2.84160859995459E-03
-5.78449648807059E-03 -1.21063934949101E-04
1.36895743270047E-03 -7.89931610274446E-03
-2.91148069475598E-03 1.28268945841379E-03
4.80758957627303E-04 -6.66523840063559E-03
6.60819058470614E-04 8.01951891853913E-03
-7.42745258796195E-03 -3.30243274965317E-03
0.007291408215944 1.56839231768909E-03
-6.64782089559944E-03 5.31361381590952E-03
3.43817457676411E-03 -9.29571926285409E-03
4.33200133131345E-03 1.4493398663547E-03
-3.02885653196112E-03 -3.63735052860891E-03
-8.9607341091103E-04 1.39898833863728E-03
-5.25741868890399E-03 0.010258760107132
3.97944250446058E-03 -4.39783881535271E-03
5.47485742856698E-03 -3.95460577885014E-03
3.69010331086058E-04 -4.3236638556348E-03
-3.38301004096705E-03 -4.23444681283385E-04
-4.40270232123196E-03 4.51850533980074E-03
-3.73565133009709E-03 2.49110743781073E-03
3.68377424015235E-03 -0.004840804586364
5.00144246461975E-03 -1.46726550573574E-03
8.91166280465001E-04 -0.002348035314027
5.84907563038642E-03 7.83447421769366E-04
-7.26714804231425E-03 4.66976812701566E-03
-1.57688336277525E-03 -8.84563852025074E-03
0.004297947876328 7.93480737069974E-03
-3.21060672594447E-03 8.66175180700417E-04
5.37171023221468E-03 -3.37298357697612E-03
-5.62054754832392E-04 1.17125268712267E-03
-4.81309289149905E-03 -3.66817939996864E-03
-9.38696732855311E-04 9.29740743969223E-04
-7.00489907587214E-03 1.58253719662322E-03
6.7858334354457E-03 -9.44017027842799E-04
7.67802946517708E-04 9.34707833455749E-03
1.3715931954902E-03 -9.09016764564647E-03
6.79082664770647E-04 2.85459686597681E-03
-1.02497205190975E-02 -4.29298372952836E-03
5.42573086490958E-03 -3.97546419202796E-03
2.66176480011279E-03 6.69150772854648E-03
-1.17480121105517E-03 -4.68272799478798E-03
2.04851552518337E-03 1.49171102184439E-03
-2.57412647638475E-03 -1.458896115228E-05
-3.44813070835479E-03 -4.20254801662931E-03
2.77211038970457E-03 2.20960439965283E-03
-1.26467013806686E-03 1.05228501752735E-03
1.26148014551795E-03 4.17500210411024E-03
-1.32747473247085E-03 1.45837031142724E-03
-1.80705528750344E-03 -3.0586888852793E-03
1.36107874943024E-03 -5.22548205471905E-04
-6.27356126470904E-06 4.46498718780328E-04
-1.82549121838613E-03 3.98661174507795E-04
1.97616669104778E-03 6.7364795736168E-04
-3.96402164133837E-03 7.6272403744879E-04
1.6077210304842E-03 -7.17366724137963E-03
1.65774449463424E-03 3.97902821483563E-03
-9.84394995396979E-04 -2.97569492936125E-03
4.94617683958965E-03 4.72252560500303E-03
-6.04353838927228E-03 2.15409542191411E-03
5.17269642027825E-03 -2.5144031647769E-03
-4.0875217527348E-04 2.79452685618971E-03
1.85222445737594E-03 -6.41080717076195E-03
3.60114422960299E-04 3.78794924333662E-03
-1.15060014164293E-03 1.33491346863897E-03
8.38533792722973E-04 1.46515847639707E-03
-4.15059371108242E-03 -1.70109165324348E-03
6.97854027875028E-04 -2.80926592078161E-03
-1.32019101273802E-03 1.10739715574955E-03
2.76617354429103E-03 -2.27535325963118E-03
-2.52217357902894E-03 2.96912939904018E-03
-3.55408994491885E-03 -2.00755973632124E-03
1.21537490177455E-03 3.46528888527597E-04
-5.56238685713106E-04 -3.11850170576997E-03
5.08718190825448E-03 7.43493288174917E-04
-4.48721037472909E-04 2.97813483578844E-03
-1.30263243959004E-03 5.86357764057149E-04
-6.0142163702377E-04 -3.23474467105575E-03
1.80113027077673E-03 2.26871968148535E-04
5.33981701345628E-04 4.94995189095349E-04
5.54659752997146E-03 -5.43411770432882E-04
-4.71619088063548E-03 2.07247108732984E-03
-4.4428595574087E-04 -2.26968683219494E-03
-1.33213448809363E-03 5.88472754234668E-04
-1.01241650981414E-03 2.82825568941863E-03
1.40001031557613E-03 -6.69315849963376E-04
3.39159435118071E-03 1.1986158111942E-03
-3.14942843198736E-03 2.06450650421401E-03
-6.78017889136204E-04 -2.44409507333589E-03
-2.23637682176453E-03 1.33154658872184E-03
-1.95642504612038E-04 8.98641255341807E-04
2.81936031790796E-03 3.18424661765861E-03
-8.58421705121234E-04 -6.11180234312027E-04
1.40716392029592E-03 -1.25811031159332E-03
6.32184764160418E-06 -1.01907259988068E-03
-3.80548624537728E-03 4.73254478446248E-04
2.93524826761488E-03 -5.53263086081534E-04
1.80824578802887E-03 5.00714046324889E-03
1.36022275082317E-04 -4.89632233830538E-03
4.55462249018122E-03 2.02533739559042E-04
-8.57985718824013E-03 -1.16967179934485E-04
3.14832625361274E-03 -4.07437816300261E-03
3.30263711099993E-04 5.62914188897467E-03
-3.02920376909737E-03 -8.16619671858811E-04
1.40311452388642E-03 1.89174427801039E-03
-2.6034995871281E-03 -1.07127156279341E-03
-2.00605758420357E-03 -3.33344927987842E-03
2.85201616462211E-03 1.37798986595841E-03
-2.46823782958387E-03 2.30333448802078E-03
1.19599793173462E-03 -4.61327999976147E-04
-3.18971335615302E-04 1.12341184812646E-03
-1.87675124234322E-03 -1.25629360721443E-03
3.08975024443003E-03 -2.04905559493856E-03
-1.65008928856378E-03 3.5425741158428E-04
-2.78492562302345E-03 5.05647654663712E-04
-2.46354019003416E-04 -1.17184168715132E-03
5.87501743291587E-04 1.17249960441866E-03
1.09497227043829E-03 -2.34478811289316E-03
-1.76582024604301E-03 1.56847756203545E-03
-7.322393626521E-04 5.64617431950903E-04
5.89435744807725E-04 -1.15810696317989E-03
2.14322141666282E-04 1.43904953911454E-03
2.69090809445385E-04 9.1400415316415E-04
3.15483157085586E-04 -1.29019672645726E-03
1.53022308228252E-04 6.25990033672258E-04
-2.20205139996379E-04 -2.60829026257486E-03
6.24147160554131E-04 1.78591969082465E-03
-2.17143997042556E-03 8.14634658615595E-04
1.00431418082948E-03 -2.03584975199748E-03
-1.22748391683506E-03 -3.10612778396533E-04
2.43505481994728E-03 9.68986097699813E-04
-1.44962399620075E-03 -7.45287332211117E-04
-7.06374560299691E-04 1.30055280742823E-03
-2.0910123493967E-03 -1.22780477644424E-04
1.86229292036253E-03 -2.32850228853806E-03
2.03301313978119E-03 -7.0154346005362E-04
1.32371619453606E-04 1.41757525923935E-03
-1.79785014986878E-04 -4.79780344858305E-04
1.70598036254453E-03 1.7103984305198E-03
-2.66790644657129E-03 -1.54092168776488E-03
3.33716776156561E-03 2.30210578550026E-04
-1.16080186789513E-03 7.86152742383659E-04
5.00033621891438E-04 -1.50194229246097E-03
-1.76039433373281E-03 3.4408140780032E-03
-2.18030182766585E-03 -2.1731069870398E-03
5.45482616827635E-03 2.13430974517161E-03
-4.64957612720303E-03 -3.64678036071405E-04
3.12261611782085E-03 -2.78302931859554E-03
9.06771019066728E-04 3.58774908013169E-03
-5.70078582732537E-03 -1.63963691095218E-03
5.5805175402072E-03 -1.59364382547788E-03
5.57405200653558E-05 3.99959344803788E-03
-1.49384865846998E-03 -3.83190117130413E-03
3.26804745224847E-03 1.47489393593149E-03
-3.14449397738789E-03 1.84884395409277E-03
-6.947124929331E-04 -1.47366699770675E-03
1.1989052425652E-03 1.71034960224565E-03
-2.27336881558283E-03 1.36480973645103E-03
