4.25436969153642E-05 -6.39004870942421E-05
-9.98094018037736E-06 2.77391063530986E-05
2.69161335142867E-06 1.72005266227491E-05
1.11852006019869E-06 -3.35454061256269E-06
-1.40350928284064E-05 8.88661983561045E-07
-2.22499247456462E-06 -6.31466481737583E-06
5.4411774754076E-07 -2.30677695014646E-06
-1.68622678947522E-06 -1.12892346560545E-05
1.08744273689249E-05 -2.68892428505504E-06
-2.8851897678628E-06 4.27433800855004E-05
4.39005884450866E-05 2.81358896233637E-06
-7.56539150629315E-09 -8.08322578918782E-05
-5.66039204260843E-05 3.41565475707158E-05
-9.81877015606434E-05 8.98022782895005E-05
4.05755248289325E-05 5.97978701983862E-05
2.22781231935521E-04 -3.04802224665753E-04
-8.72754133862769E-04 -6.64414822810302E-05
6.32277782273009E-04 1.83803265904269E-04
-1.64330663078087E-04 9.981900760654E-04
-3.55862696491712E-03 -1.43703841699053E-03
2.43089947314623E-04 1.0482959946268E-03
3.17613779508587E-04 -8.01171219135558E-04
-7.4700139040718E-04 3.14972265912631E-04
-4.30339421945447E-04 -2.01172312967902E-03
4.88342536263114E-03 3.01279256251091E-03
-5.82711939021242E-03 7.82424026815632E-03
1.18335883207832E-02 -7.23426794669155E-03
-8.32394759783534E-03 2.75144771910239E-03
-6.99398415440709E-03 2.47828722313608E-03
4.38515447324236E-04 -1.34710535618672E-03
-2.35077637169957E-03 4.1288968795423E-03
-2.60608129293709E-03 3.42462679172384E-03
1.25817140967861E-03 6.94055473537542E-03
-8.49979064905479E-03 -5.10913945674082E-03
1.59404268059032E-03 -2.8930532336989E-03
8.63378359963059E-05 -1.33050007289854E-04
-3.69133254662291E-03 -3.01911456860458E-03
2.70019696686493E-03 6.04861853644083E-03
1.53519506554476E-03 5.40068518168504E-03
1.76069142151228E-03 -6.99839810101505E-03
5.36758937919429E-04 5.0840648782143E-03
-3.54421847503621E-03 9.46326132942627E-05
-3.72697565174836E-03 5.28822100752879E-03
-3.05021296160523E-03 4.65002728883705E-03
9.22277902017494E-03 2.8397888706504E-03
-6.47727127142542E-03 -2.60689275900947E-03
1.18723285716213E-03 -6.59737695236018E-03
3.72468028370174E-04 1.09418163851458E-03
-2.10834284531137E-03 -6.6087226327532E-03
3.2921463608769E-03 1.01613736056394E-02
-8.58100992764424E-03 2.24587317869238E-03
8.9803531417593E-03 2.16857278008317E-04
-7.9784486637282E-03 6.05040795069323E-03
6.72995388659816E-03 -7.16157600902936E-03
3.85721719439591E-03 7.03719001594422E-03
-5.49038761353529E-03 -6.47737062088666E-03
-1.96363963269416E-03 -1.70368824146375E-04
-6.78131407222288E-03 1.22769018346562E-02
2.62221171913493E-03 -4.81035654298506E-03
7.16352888484275E-03 -2.52900444421759E-03
-4.8754186954221E-03 -6.67823283468526E-03
-7.68860073182657E-04 2.73711130285672E-03
-5.2585658592591E-03 3.98466308358109E-03
-1.76356333721083E-03 1.52276332152854E-03
3.83900636757878E-03 -1.66099673065029E-03
4.23787317059432E-03 -3.11358648130184E-03
3.95786421292224E-03 1.84005011069043E-04
4.20615188049821E-03 2.30934467620776E-03
-6.92896790972552E-03 1.79281296341537E-03
-1.21037703936162E-04 -6.5839866532926E-03
2.65239557880896E-03 8.09342141904753E-03
-3.08832895524197E-03 -8.33221496982983E-04
4.78223640169906E-03 -2.3411923351578E-03
-2.02743925854815E-03 2.28110605859849E-03
-4.05765373506731E-03 -4.26321114038589E-03
-2.31717138114388E-03 -2.30176705982924E-03
-4.27802772188592E-03 4.72747035506721E-03
6.70417847712183E-03 -5.90612376303631E-04
2.93782653533936E-03 8.19698988499454E-03
-2.05080149422515E-03 -9.16031360461597E-03
5.47536997812914E-03 3.82774135649136E-03
-9.39738749971195E-03 -1.05127265044803E-03
2.6130479899878E-03 -5.44028786838999E-03
8.01336490992699E-04 9.50631489418039E-03
-3.35808038036639E-03 -4.2180003334631E-03
2.86299513320997E-03 1.62952181638045E-03
-5.42021164210831E-03 -2.57580191176195E-03
4.70194229812967E-03 -1.76373351303486E-03
1.09674552533679E-03 4.15844805967415E-03
-3.99463217334214E-04 1.03845650738622E-03
-1.25276048352149E-03 2.52215880241478E-03
5.60728437765018E-05 -2.1061603046052E-03
4.33106744179304E-04 -4.49881591988564E-03
-7.1777327621054E-04 -1.33494099811047E-03
2.42448944000409E-03 2.90830558511874E-03
-2.11063730579061E-03 3.39706010793378E-04
-1.41088851502255E-03 6.15936277510152E-04
-2.34774241398295E-03 1.85134023606184E-03
-2.94484498918346E-03 -5.96749965033073E-03
3.82627931438203E-03 2.19390801688837E-03
-1.98107549203384E-03 -3.84374283672954E-05
-6.16666165054579E-04 3.29459647580797E-03
-4.48708500646499E-03 1.7104737113099E-03
6.12324914953647E-05 -6.79005092134836E-03
-1.79581107285278E-03 3.47172860009761E-03
3.04220544284734E-03 -8.06489085471466E-03
7.7532323119811E-04 5.66869484350032E-03
-3.93592479509637E-03 -2.35476882961085E-03
2.16259563680457E-03 1.02150703318643E-03
-4.85183258054986E-03 -3.1586526174791E-04
6.62351415377883E-03 -3.57046087406602E-03
-1.0128896823229E-03 5.09613654350097E-03
1.14390602124733E-03 -3.70966308450055E-03
2.14895409856974E-03 3.94019985017475E-03
-5.7555174753457E-03 -3.02297164439112E-03
3.38120113397089E-03 -2.7086945911712E-03
-2.97196205812987E-03 7.01259666432436E-04
2.71369949852376E-03 -8.34045728540116E-04
-3.39448116187263E-03 5.50579848167118E-03
-5.92069139758929E-03 -4.57046602628284E-03
4.00124612794102E-03 -1.74804505153263E-03
-3.1493960389164E-03 1.3878887230551E-04
-1.56054995753915E-03 1.63297898723746E-03
4.48998415399449E-03 3.08229363447738E-03
-3.91319844688073E-03 3.43374334933969E-03
-9.63405282864744E-04 -4.02098067546921E-03
4.65914278603762E-03 5.01730246003659E-04
-3.46342508930797E-04 2.74796379497949E-03
3.48050951162264E-03 7.73407130893571E-04
6.79805289501338E-05 9.48686151480521E-05
-1.9203836968876E-03 1.06158899293961E-03
3.94957409544292E-04 -3.2756162927041E-03
1.00844981401299E-03 -1.05910217301288E-04
-3.50224555659999E-03 -1.49218536908044E-03
4.22326305411272E-03 4.83663983317477E-04
-1.96646339772914E-03 5.60482827213253E-04
-1.59178733659379E-03 -1.51422873205611E-03
-1.50014880150504E-03 -6.41069311447361E-04
-1.90497537131307E-03 -2.22339181960877E-03
4.87488406426582E-03 1.00567241921351E-03
-4.38286238894109E-03 2.20943123535023E-03
1.59942758728025E-03 -9.88843316224479E-04
-2.67916983748911E-04 8.32444927110505E-04
-1.78544236857636E-03 -2.78587216903233E-03
3.08110695479909E-03 -1.52761158037897E-04
-1.04817400853561E-03 4.67196385504908E-03
1.00928120885363E-03 -2.37468714360448E-03
5.89640666561415E-04 1.59232678227543E-03
-3.4312444586584E-03 -1.82851047829322E-03
4.44914897012703E-03 -2.09408297834626E-03
8.52164559817531E-04 5.41652643486031E-03
-2.06295707094971E-03 -3.0740930555087E-03
5.21747155136962E-04 -1.85635114760217E-03
1.33374427008112E-03 2.1613965989409E-04
-2.3233911207952E-03 -9.57315465168594E-04
3.73914564679586E-03 5.5039900637772E-04
1.0940442307618E-03 4.60866399918799E-03
-4.4638320137239E-03 -1.73598637700789E-04
-3.77493372709916E-04 -4.96531389618622E-04
5.33432324179588E-04 1.79303349938502E-03
-1.75690709369935E-03 -4.97676509433619E-04
1.64718965035067E-03 -2.68355029715389E-04
1.5504530042155E-03 4.63087290218192E-03
-2.88167112955916E-03 -1.02544752381171E-03
4.1551942951797E-04 -1.90897039013386E-03
1.58504558691467E-04 1.36349206300444E-04
-1.86536643028866E-03 -1.00378207421441E-03
3.30654400711174E-03 -2.63294910481877E-04
7.70735846041394E-05 1.80658225931571E-03
-1.07901684538032E-03 -3.77899719179594E-04
-1.25019738659646E-03 -1.0561689017792E-04
1.40478544308208E-03 -2.17688254460625E-03
1.61409332420396E-03 1.70546542848368E-03
-2.81354181939356E-03 5.28469054928775E-04
0.002003942134975 7.55678726489655E-04
-2.63917742480006E-03 2.04954669002716E-04
-4.61779433885724E-04 -5.1694651032532E-03
2.90295672741623E-03 -8.44144942926016E-04
-2.54027943963766E-04 1.53196928996863E-03
7.12998850522524E-06 -3.0101324724438E-03
3.03392948747146E-03 1.10922068012192E-03
-5.30409932464616E-03 1.97490370044571E-03
1.21644372599074E-03 -3.88980352439337E-03
2.88008319201779E-03 3.03057293340255E-03
-3.27399379908253E-03 -3.56173473076359E-04
1.5591877860909E-03 -2.33020149560533E-03
9.8123581693654E-04 3.96646958681705E-03
-2.40813039986343E-03 -3.49585499305523E-03
5.44213695052296E-03 1.42978819665443E-03
-3.22591798090177E-03 1.1051904301056E-03
1.1258460653402E-03 -2.6657409788585E-03
6.14063250569807E-04 2.36111459538512E-03
-4.56958315994026E-03 -1.65726772027011E-03
5.01869288474256E-03 2.52766791888654E-03
-1.69123368599947E-03 5.81563893901883E-04
1.82797341881626E-03 -3.15905964215581E-03
-2.65639134950192E-04 2.49451382817667E-03
-2.83391815761896E-03 -1.45880219447548E-03
3.22858612011248E-03 -6.92256156318115E-05
-1.47626518072565E-03 2.35625525166039E-03
-1.15498627352847E-04 -2.32741791017117E-03
