4.15090950176107E-05 -6.20266683158478E-05
-1.17350716895601E-05 2.5265718576224E-05
1.74429524287359E-06 1.82780795930198E-05
2.33100246515978E-06 -4.35319602551718E-06
-4.9775206194319E-06 -3.08817272447599E-06
-5.83713106713599E-07 -6.13510323162265E-06
1.00639417205276E-05 -7.71248027602518E-07
1.48590404334551E-06 -1.45852430519141E-05
8.0103270775779E-06 -5.35396916813223E-06
-5.90250254088065E-06 3.82615271008508E-05
5.02878249990426E-05 1.97159437249083E-05
-6.43704450506801E-06 -6.59823508806313E-05
-5.81978721932233E-05 2.56455279441995E-05
2.09534228060275E-05 2.31050191015448E-05
7.16382394691754E-05 3.24754339475861E-05
2.42368649065555E-04 -3.54772100000844E-04
-1.05084652877616E-04 6.42475834442918E-05
1.3610232525982E-06 1.87892338156457E-04
5.82429706357812E-04 1.42677912958408E-03
-9.22125371063488E-04 8.21197765479393E-04
-5.75322119465044E-03 1.11470266092687E-06
5.70696826411115E-03 -1.10906122343148E-04
-5.97885538913592E-04 -7.57244918889427E-05
-6.29844183818834E-03 -8.31011080092964E-03
1.68030318659796E-03 2.86741266918309E-03
3.80406694755809E-04 9.16778402571368E-03
-5.75968581430155E-04 -1.77524206989085E-03
5.5777040673595E-03 -1.11032987580201E-02
-6.27925203703337E-03 7.8535164096097E-03
5.12970393243534E-03 2.89731045234712E-03
-2.64895510694101E-04 4.56443704230939E-04
2.49068655000358E-03 -1.67639988135804E-03
-4.55127276878922E-03 7.19371638605208E-03
1.93952046554146E-03 -2.18329043234533E-03
-8.04600781614354E-04 5.57672619446001E-04
6.92023068791129E-04 -9.17148085895059E-03
4.73720573280977E-04 -2.72562444383386E-03
-5.66373308049122E-03 7.1918118103816E-03
2.88610701210573E-03 -6.30244258517619E-03
1.22917783428707E-02 6.43224206019881E-03
-0.013986315553619 -3.49048015095151E-05
-6.65443787847629E-03 -7.24116313067042E-03
5.25424244845816E-03 5.58512393305786E-03
-3.00513954771518E-03 6.20737835550206E-03
5.56625432177832E-03 2.38061981955814E-03
3.38798632199147E-03 1.66403018899199E-03
1.55700681332096E-03 8.27127657829193E-04
-4.27921554469006E-03 -4.79120725081435E-03
4.68114987826022E-03 6.23227649645171E-03
-1.05779378635017E-02 -1.66560096437666E-03
1.05467538844822E-02 2.12200123256921E-03
-4.51301976528502E-03 8.36640303773785E-03
1.0275201663458E-03 -5.55338842100521E-03
6.90622500757099E-03 -1.72198870118751E-03
-4.56181298433271E-03 -2.16037605059446E-03
5.38058289462233E-03 -6.87366756699914E-03
-6.14712187484649E-03 9.07353271306286E-03
2.14305086490607E-03 -6.55121830247024E-04
1.03340944135147E-02 7.65763602697038E-03
6.11988406235668E-03 -3.71076003631949E-03
-9.55342599055297E-04 -0.006194490519805
-1.16688711232764E-03 -1.23008946082649E-03
-2.96905686639997E-03 2.53147750522072E-03
-9.02274267545481E-04 4.17676746714978E-04
3.48269718867836E-03 2.95659327564207E-03
-3.90561429128819E-03 -2.48095851819565E-03
1.06467640584355E-02 -7.70947399008741E-03
-4.52318033559646E-03 1.04075876143689E-02
-1.07490530292248E-02 -1.07590977639997E-02
2.43484280643683E-03 2.51697576835923E-03
-3.01916154076194E-03 5.91999040792264E-04
6.58877411903486E-03 1.55386152834687E-05
4.38576181139791E-04 1.06674979808581E-03
2.78486476661052E-03 -3.6486826015079E-03
-1.96987236398268E-03 2.97666094763409E-03
-1.20476243600541E-03 -4.46156957750593E-03
-2.68901573052461E-03 1.05048458639746E-02
4.30911958838316E-03 -9.09769150244219E-03
6.32447621152542E-03 1.30052822211996E-02
-9.11204183573715E-03 -9.14626406235999E-03
7.82538035995381E-03 2.27320205457712E-03
-1.23839614169823E-02 3.74702642952614E-03
6.47514343906817E-03 -1.12471440847809E-02
1.71649694918227E-03 1.16689502315952E-02
-6.08614362729649E-03 -1.09540180167064E-02
8.46470417423439E-03 6.07203561897123E-03
-9.3853208078925E-03 -3.38776766561035E-03
4.48882317415555E-03 -3.1151623776755E-03
-7.26640708643475E-03 3.28925700220859E-03
5.51519170793286E-03 -6.29230486960482E-03
-1.80720260979205E-03 1.03327556226382E-02
-1.4229699112846E-04 -7.48088632773281E-03
4.87409297792788E-03 4.38918989388087E-03
-6.98553501336079E-03 -7.86426490417977E-03
0.010134874050425 3.35536913548396E-03
-8.16969394468369E-03 2.71329795706838E-03
7.35675415102447E-03 -2.34712978688371E-03
-4.57190429000577E-03 4.10859457371743E-03
3.52372302714184E-06 -6.86380047219441E-03
2.38356946159237E-03 4.6253854306516E-03
-4.19115964513115E-03 -6.74843269969515E-04
6.57846528747862E-03 1.2898868285714E-03
-4.36630740598207E-03 1.94140790966725E-03
2.49966437752862E-03 -1.03092809455939E-03
-1.54576780113066E-03 -1.25105868531526E-03
3.28866757364531E-03 7.35765049074892E-04
-2.74728265396145E-03 1.51222158335326E-03
2.54050241538201E-03 -1.32810118903771E-03
-2.66466511731978E-03 4.48169769139668E-03
-1.4106438354638E-03 -4.58504968401167E-03
1.28531699019564E-03 1.98919281874478E-03
-1.64441468126546E-03 -3.21837205104072E-03
8.03221665230636E-03 3.25508091663975E-03
-7.52487534180018E-03 3.68258780910865E-03
1.30948087096888E-03 -5.26461458179044E-03
-1.83104015429016E-03 3.83133337520316E-03
8.91233432577841E-04 -4.40545615153176E-03
3.39884314728134E-03 5.05532427002629E-03
-4.9406474530673E-03 -4.35396202398246E-03
5.88429388760313E-03 5.47759539120703E-04
-7.11589064474541E-03 1.91656363332595E-03
4.71940628747512E-03 -2.77291869268203E-03
-2.59942584456592E-03 2.76873409030387E-03
1.36581520195988E-03 -4.1663172223148E-03
-9.65653971318169E-04 2.92852790911819E-03
-1.92070991689756E-03 -3.42402656254343E-03
-3.71523469964179E-04 3.08783959997762E-03
-2.0361814844071E-03 -6.19006679056398E-03
8.86915963554901E-03 1.95275735004323E-03
-5.17014927131105E-03 4.17152614368428E-03
2.3447823344495E-03 -6.7801045286969E-03
-1.83636554092543E-03 7.28516979276129E-03
-0.0028765886562 -4.88034784659513E-03
5.55825503951807E-03 2.03217876887506E-03
-1.12414050574998E-03 1.79957289061643E-03
2.16972345867897E-03 -1.25057005132011E-03
-1.42358597526207E-03 1.99624271305759E-03
-1.07780539194175E-03 -1.78380038279195E-03
-2.35395386078731E-03 1.74918481464526E-03
1.76363180243853E-03 -1.56649170626659E-03
5.60906461329333E-04 4.08047722810173E-03
-1.6272042522147E-03 -4.43320343420484E-03
1.50838375683888E-03 1.26679661263726E-03
-1.76579640896506E-03 -1.78264143788204E-03
2.17133148689293E-03 -9.13280340562319E-04
-2.91535955149188E-03 2.55161797607081E-03
2.18684202971194E-03 -1.65850339423942E-03
1.63709247319836E-03 2.91711378535467E-03
-1.31365852977875E-03 -2.60538123134581E-03
-1.72100996872996E-04 -1.02670400747172E-03
-7.93323232758612E-04 -1.44676891454213E-04
-8.65277440420339E-05 -3.34080442068268E-05
2.56108553382589E-04 2.53480611954459E-03
-1.86350289666961E-03 7.45925037574372E-04
2.18934384702419E-03 -2.08911219777109E-03
3.69991295449335E-04 -3.60467513772532E-04
1.38718232078624E-03 -6.05592514479661E-05
5.60962252431151E-04 -7.64963243792156E-04
-2.02452527220746E-03 1.06093039533765E-03
-8.31497954063142E-05 -1.81808318148851E-03
2.90441456085056E-04 7.89726357862948E-04
2.92756850204593E-03 -9.44427861871858E-04
-1.00410564100724E-03 6.58972423837262E-04
-2.00053597850868E-03 -2.53379772374619E-04
2.82717097204286E-05 -1.71556492436374E-03
-3.7569684686611E-04 1.81619961556869E-04
-1.89717481411648E-04 6.76986665446908E-05
1.99519128195156E-04 7.95086440852301E-04
-9.51810479663264E-04 -2.01758781667213E-03
5.18077154674595E-05 1.47877254189061E-03
-1.85744613437106E-04 -2.45370330518372E-03
1.10620894133683E-04 6.567940941221E-04
-1.9291497474128E-03 -3.69658123602515E-04
5.07500443546432E-04 -1.64965596352031E-03
-1.47383512162567E-04 9.56487432252584E-04
1.24027526875652E-03 -7.13829756164149E-04
3.57185119726868E-04 3.1218940531925E-03
-2.89342924138917E-03 -1.62999908589211E-03
1.31017879613548E-03 -1.73990903470122E-04
5.97608507145204E-04 -6.36658421859669E-04
-9.93953843198015E-04 9.68953969017972E-04
-1.67781857861688E-03 -6.59036369441564E-04
3.5714021640239E-04 3.74175578476514E-04
9.78538876134228E-04 1.10968681211572E-03
9.84235292700357E-04 -8.73645309016978E-04
-2.8351273765085E-04 1.93097669078226E-03
-3.43218262837386E-03 -6.99906856694218E-04
2.46435860531784E-03 3.01545041863602E-04
-1.46840440122895E-03 1.50476634693122E-03
8.92756839507618E-05 -1.1541332390155E-03
-5.55768271055566E-05 2.5373063824724E-03
-2.23686499756789E-03 -6.86830639792981E-04
2.17484436186275E-03 7.99898292513749E-04
-2.06882514026047E-03 8.39160397778488E-04
1.13042073951442E-03 -1.45340409164291E-03
-5.85458352399724E-04 7.71575046897548E-04
3.93282565844863E-05 -8.83810338353057E-04
-8.52596280280612E-04 2.26322330000691E-03
-2.11707336768274E-03 -1.66808666771645E-03
1.64941761914754E-03 -4.9744798728814E-04
-9.67979025338629E-04 2.1557038822472E-03
