4.25685790964123E-05 -6.37330071626278E-05
-9.58866436637006E-06 2.67044442549588E-05
2.62508341834425E-06 1.78581471690045E-05
1.83128951896705E-06 -3.14120153835922E-07
-1.00068672968774E-05 -8.43087893915473E-07
-5.95396386318196E-06 3.04597661971484E-06
3.48180726866395E-06 -1.32802182870649E-06
1.01861787636241E-06 -1.80482231261869E-05
8.417624605764E-06 -1.81527782775306E-06
-3.00687974045035E-06 4.188488279928E-05
5.64587298843507E-05 2.95066456875203E-05
-4.56793727581418E-06 -7.40061197043662E-05
-5.13833630785126E-05 3.52216977222322E-05
-7.50709252230188E-06 2.58279494435859E-05
1.21532578948072E-04 5.16932429842144E-06
2.81137396114039E-04 -4.23966457120745E-04
-3.37023343951064E-04 2.54421754119995E-04
-9.93694774547541E-05 8.26029761954469E-05
1.39921523414014E-03 1.85663300596054E-03
-3.63096004099145E-03 -1.91072080434775E-03
-5.42200470920397E-03 -4.09746217918581E-04
6.79924343508261E-03 -3.57280577399708E-05
9.17194755552049E-06 -6.32236283111538E-03
-3.10450604522887E-03 -7.04018431214446E-03
4.2654717717534E-03 6.85667279664298E-03
-1.87822161185332E-03 6.86069910043936E-03
-3.05366935431369E-03 -7.82646063547455E-03
3.01205964628289E-03 -6.62248038713248E-03
-1.32436194224489E-03 1.11585260443778E-02
7.41074373433042E-03 -2.37862632196781E-03
-6.56536610898492E-04 3.41316384281862E-03
-6.38280684139999E-03 -3.21676418390017E-03
-1.57147575129047E-03 6.7846185848136E-03
4.89877211842853E-03 -4.83097267948807E-03
1.62915380286523E-04 -9.4575026503359E-04
-2.10594959678755E-04 -7.09205304993086E-03
1.93738255788613E-03 2.78095510514936E-04
-2.64185323315923E-03 2.36486981484061E-03
6.0219156186461E-03 -5.48596248491168E-03
7.99808429148527E-03 8.96459267429825E-03
-1.57070786848387E-02 6.81170026642583E-04
-5.00276682045015E-03 -8.82450456059121E-03
2.41826945882635E-03 4.62345979838603E-03
-4.25801468912483E-03 5.09292381853836E-03
3.53116413537048E-03 2.87007864587774E-03
1.04069160837982E-03 -2.78240753567779E-03
4.99177878729213E-03 8.5221372812009E-04
-6.85068919863961E-03 1.79618611358195E-03
4.82278607287664E-03 4.45231690367518E-03
-0.010290827501483 9.89782197864023E-04
8.49327651254005E-03 -1.16193814336257E-03
-7.28319016358647E-03 1.12076342304245E-02
1.13001579121047E-03 -7.86805780673474E-03
8.30466875586018E-03 9.89826317702475E-04
-5.65937016070927E-03 -1.98111077950086E-03
1.22502265449872E-03 -4.84092171060703E-03
-7.53808123008187E-03 0.010925132027472
-2.86397686884334E-03 1.02871695195532E-03
1.34680426018052E-02 5.20008169673194E-03
3.49749415371229E-03 -5.11364531748868E-03
4.49552749456505E-03 -4.88946289386391E-03
-4.06371243930841E-03 4.33647817874808E-03
-4.85937789683258E-03 1.97566245302479E-03
2.81197081960709E-03 -1.35473717516344E-03
4.15242298606182E-03 2.98488466026981E-04
-7.89538495242077E-04 -8.17489739387041E-04
6.71059283093286E-03 -3.37380422964563E-03
-5.01801799066579E-03 8.91067572216086E-03
-9.33259270543321E-03 -1.27318848696835E-02
3.85243113512395E-03 3.77909340693273E-03
-0.004009156055197 -1.96777487249296E-03
1.02508171419784E-02 2.01263792225918E-03
-4.31688730024162E-04 4.73288558183583E-03
4.62883985046429E-04 -9.16587454481777E-03
3.40167487735683E-03 -4.55595839737299E-04
-2.32545896100854E-03 -2.39945361332008E-04
6.44136965529907E-04 5.67748983325068E-03
3.34369128966183E-03 -5.74204534762935E-03
5.7168773320717E-03 1.12651531359186E-02
-1.10385853257227E-02 -8.24383027765204E-03
9.1088517630211E-03 -5.01558343804073E-04
-1.00379404183493E-02 5.11518793892571E-03
5.82015576611556E-03 -7.94106092773116E-03
1.98695703239669E-03 1.43101852210819E-02
-3.76390966336805E-03 -8.26806068120288E-03
6.42350591330045E-03 8.9497523139351E-03
-1.19718386734112E-02 -2.66045036957171E-03
8.76587114468992E-03 -6.49043173004863E-03
-3.54210038122791E-03 8.64505785452583E-03
4.9889125319949E-03 -8.56502814613825E-03
-3.7562771755019E-04 1.12856279117242E-02
-6.40506280018055E-03 -1.01129819406093E-02
7.17856571263583E-03 1.63653334577619E-03
-6.28384760440073E-03 -3.35778623957596E-03
6.56673758493588E-03 1.40868444803867E-03
-8.00644651179721E-03 6.11062458254831E-03
6.33112633638812E-03 -5.82838685519204E-03
-2.86434443896029E-03 6.30967847060998E-03
6.38330184483493E-04 -5.48028233826963E-03
3.33941940555851E-03 3.51462816927968E-03
-4.1308863111523E-03 4.56010985303577E-05
3.05056527963825E-03 -1.56209368124462E-03
-4.10552295093275E-03 4.08352846018807E-03
-1.61646205978007E-04 -3.9521529912788E-03
-6.80700620849954E-04 7.74354379538166E-04
2.92734186753836E-03 4.13097051351235E-04
-8.06641091781909E-04 3.04442170647692E-03
-2.06912940693418E-03 -1.57088457252187E-03
9.87204791335954E-04 1.96088479514763E-03
2.56672067580583E-03 -1.48414417618063E-03
1.39960069032112E-03 -7.42613265189254E-05
-1.9144837714869E-03 -9.81899266461328E-04
3.69917078459414E-03 5.74767342431599E-06
-3.74494888793838E-03 1.56915015977855E-03
-3.44894108613661E-04 -1.67754963673338E-03
2.61078327874499E-03 3.07134511715408E-03
1.04483304454701E-03 -2.76773395968318E-03
9.17688582960772E-05 5.31141858933267E-03
-3.64957460493384E-03 -3.12879260666975E-03
3.94951077221783E-03 -1.39363901460117E-03
-3.40050074974372E-03 1.97994597680533E-03
3.14874263345819E-03 -2.5899832743333E-03
-2.31182930735903E-03 5.82600102539099E-03
-1.42501524126681E-03 -5.11692073685974E-03
-4.97971108420774E-05 3.21607746241912E-03
-6.21921104067688E-04 -4.11049993291877E-03
-1.18441514594259E-03 2.39294707742564E-03
-2.85147196530474E-03 -2.2955083748394E-03
3.42321381562592E-03 -4.09669341743927E-04
-1.51345847518724E-03 2.96490154675936E-03
-4.14249787555094E-04 -3.43226059939633E-03
-1.51340353294728E-03 3.09802193234744E-03
-6.00357654936304E-04 -4.61827272644442E-03
3.31988023750027E-03 4.1689323357775E-03
-4.71121535044806E-03 1.29885824368173E-03
4.00128970985185E-03 -3.00794595164488E-03
-1.96148919515871E-03 1.22905545145454E-03
-1.12077971210749E-03 -4.98813668130888E-03
1.76026563021765E-03 4.34694091981986E-03
-2.94236456356888E-03 1.08275426469126E-03
1.65460724082881E-03 5.72688660522572E-04
-1.57493707102557E-03 -1.65328781247606E-03
1.17363719841884E-03 -2.77093675701618E-03
2.60527218900705E-04 2.33784743176907E-03
-1.51578812126492E-03 -6.29820712367194E-04
-2.55849451651927E-04 2.33503604894432E-03
-8.0042016368219E-04 -4.04413860960862E-04
1.20412567482839E-03 -1.80667253107212E-04
-2.2531754583179E-04 3.21890309189312E-04
1.3341644208881E-03 -2.0503662938924E-03
-0.001937690149265 1.3483762720795E-03
-9.71442672704334E-04 -2.55479739728695E-04
1.17789558490434E-03 -1.58059104021652E-04
5.37360659968916E-04 1.59692389024635E-03
-4.8674844442877E-04 -1.30274011372798E-03
-9.09855744538451E-04 -8.95620489571825E-05
7.95173303996776E-04 -3.94203343639744E-05
-2.17422526120186E-03 1.51058311524893E-04
-8.10632945965958E-04 -2.83516462793192E-03
1.76786194027611E-03 1.08325881419526E-03
-1.44836275424185E-03 1.17666621615741E-03
3.23331369554473E-03 8.63222159243129E-04
-8.79802677363349E-04 1.76035567719601E-03
-2.35192661963921E-03 -4.21981240162534E-03
1.91425062509123E-03 -9.1611375210217E-05
-9.47304011433829E-04 -7.58407770215398E-05
3.24114200326791E-03 -1.72941746715483E-04
-8.16275380108339E-04 1.86968544790354E-03
-1.69074174012885E-03 -2.4412870913737E-03
2.20097835304704E-03 -1.32664964059018E-03
-3.25319682463112E-04 8.76578240285747E-04
1.0247575705015E-03 2.46007406241301E-03
-3.08002691091901E-03 -7.8509066705982E-04
1.53669205092892E-03 2.04132359774167E-03
-9.1277084363903E-04 -7.32688652366633E-04
3.59485623180355E-03 -7.64850520076996E-04
-1.44056757145679E-03 5.98459462517726E-04
4.02204927576196E-04 -2.02154703988051E-03
7.87884425009009E-04 3.06353205250327E-03
-1.93831275614951E-03 -5.17867737684265E-04
2.28064079573745E-03 -1.11141697166249E-03
-3.16292741332931E-03 1.49143226223518E-03
1.37916684963519E-03 -1.5905918707311E-03
6.70722318305119E-04 3.2683788429687E-03
-1.56675214943286E-03 -1.8356978910483E-03
1.59434209075754E-03 -1.43566855503722E-03
-2.78257191280828E-03 3.28446388160159E-04
2.66264821479746E-03 -1.02040231291576E-04
1.89444600927916E-04 4.33219854713363E-03
-1.47990013105621E-04 -1.56918788873644E-03
1.43741680313433E-03 7.30536952666091E-04
-1.36068857677412E-03 -7.63905365681183E-04
2.81761505780397E-03 5.88289395306273E-04
-2.03313389803701E-03 7.7921572833068E-04
2.18248238291869E-03 -9.25258382469784E-04
-1.7709025248918E-03 1.55841287746354E-03
1.98267594722339E-04 -2.62761566384958E-03
9.31180332673601E-04 2.43916102254818E-03
-1.86495579739647E-03 -5.16521552108612E-04
6.8491826993567E-04 6.13080482280301E-04
-1.38091684122735E-03 1.19949176654975E-03
