4.0748683961766E-05 -6.13308859143509E-05
-5.78538654942007E-06 2.4053954239663E-05
-1.60691124225433E-06 2.02103971241198E-05
2.29343938926208E-06 -5.80041607479145E-06
-1.03243428276346E-05 1.07334201604038E-07
-5.12270927210097E-06 -4.75276087101357E-06
1.49838877832958E-06 -1.3063036549512E-06
1.07109285612017E-06 -8.72258657889594E-06
1.78000395180205E-05 -7.02250934983152E-06
-4.97414229680351E-06 3.43156035000503E-05
5.29513189057418E-05 1.53563392909012E-05
-1.10951419783405E-05 -6.60845896640218E-05
-6.01086924254751E-05 3.27865897040714E-06
-7.40339392091571E-05 8.6106556907425E-05
7.58424618832619E-05 3.66558443452825E-07
2.32773100600618E-04 -2.03544547786892E-04
-9.4484048870289E-04 -3.95091777370101E-04
1.11704211166062E-03 -1.54817435416656E-04
-6.59902840197672E-04 5.82473853699985E-04
-3.8829745613428E-03 -2.57112413066899E-03
2.99346836949946E-03 -1.6124532721282E-03
6.00613696773209E-03 -5.67916318683495E-04
4.25260293109836E-03 -9.5200762960491E-04
4.32765509322827E-05 5.55012057305529E-03
-8.37960208328651E-03 6.26735306598402E-03
4.70546363541623E-03 2.24414219375441E-03
2.26041131733801E-03 -5.34756747222775E-03
5.6826709073695E-03 1.81939633089985E-03
-2.60333730432777E-03 5.94347111235822E-03
2.49327443519044E-03 -3.32275229149063E-03
-4.00404453341339E-03 3.02223893678737E-03
-2.52664672412992E-03 -9.54948376039091E-03
7.32416877627719E-03 1.96435036906761E-03
-7.19911135186517E-03 1.14858742434444E-04
1.25886084541657E-02 -1.95914612005733E-03
-3.89403212318214E-03 1.33098151135492E-02
-1.02639836732235E-02 -1.55476615721786E-02
1.05326253909657E-02 5.18921112851272E-03
-0.00457183782083 7.88127492087987E-03
3.49656749731812E-03 -1.01700042999421E-02
1.46040153080329E-03 3.44023720601724E-03
-5.32862304103096E-03 -4.61132565517312E-03
1.57813050008799E-03 -3.2010392313372E-04
-0.001268012993909 6.83951058701125E-03
-2.34025550508991E-03 -1.26638411420328E-03
6.56237897188301E-03 4.03369205618144E-03
1.18831506347742E-03 2.41082109488878E-03
-3.7331117725862E-03 -5.25851679820374E-04
-0.001171265696351 -1.0922680684769E-03
-2.70582170102524E-03 4.0790675393833E-03
-3.48387058783063E-03 -2.95538902961182E-03
2.98130188020503E-03 4.83350581460177E-03
-2.75237088822415E-03 2.82672430763611E-03
2.69717501906879E-03 -4.85802139425328E-03
-5.47630780189756E-03 2.87195279441813E-03
-9.25222992332448E-03 -7.2493455724099E-03
8.24717771277517E-03 5.04447733328756E-03
-7.00741632645408E-03 9.73171144271266E-03
7.57448716274738E-03 -1.88239646367283E-03
-1.01614865519705E-03 4.49984898445484E-03
-1.80442609172938E-03 -1.21863579551724E-02
2.12814365485166E-03 4.50189154323415E-03
-5.96767178004919E-03 9.54520683130893E-03
5.90662399187746E-05 2.11559779423907E-03
-1.01545767169486E-04 2.93680119573848E-03
2.22647952492251E-03 -3.60376189367974E-03
4.56220064132676E-03 6.41707087232023E-04
3.49648292373405E-04 -2.17706683400361E-04
-5.73991297921776E-03 -1.11508811946169E-03
1.69168831124701E-03 3.80283625578162E-03
-5.64268721291109E-03 3.25114454977187E-03
1.42104769986673E-03 -4.5078012786628E-03
4.47505276147653E-03 1.33475737128978E-04
1.39472711294706E-03 -4.60776743560666E-03
1.03790501476659E-03 -1.48703462567941E-03
-2.8331292934477E-03 -2.50113825191305E-03
-5.45639534467189E-04 3.41841764112842E-04
6.46829795659717E-03 1.81588809084818E-03
-9.25063389714337E-04 2.37153085299606E-03
2.45777069430048E-03 -5.35073757074394E-03
-1.85978205804329E-03 5.39250559136804E-03
-6.1434271432451E-03 -3.00705749680108E-03
6.31632834358141E-03 1.84639711948521E-03
-4.11262973088885E-03 6.10093649061266E-03
0.002382872615156 -1.33656472188541E-04
1.33377318906101E-03 4.30528083159906E-03
-9.14611337863442E-03 -2.69836411346119E-03
7.47153188920836E-03 -3.13055710450068E-03
-6.50676538395781E-03 4.73044408954217E-03
3.28133955246168E-03 -2.66388581275773E-03
4.48505834056573E-04 6.30814955461317E-03
-3.93762640805653E-03 -9.25059788248854E-03
1.01488379194943E-02 4.91674502286227E-04
-7.89066528829063E-03 -8.59413490462232E-04
7.31336128504527E-03 -1.23991800525611E-03
-5.40699116849352E-03 7.29029311271538E-03
-2.80736145309104E-03 -1.04390308307883E-02
6.60716373898849E-03 5.18028680949283E-03
-9.01012688962128E-03 -3.82057574299358E-03
7.12129789568537E-03 2.69017825944769E-03
-0.008610525153236 5.65244409834803E-03
-8.60281252309873E-04 -6.62542045057291E-03
2.66555786379427E-03 7.15029236691236E-03
-3.14545374996222E-03 -7.61540661237738E-03
1.80764051156226E-03 4.81371691209856E-04
-3.16262140008923E-03 2.47864267161472E-03
5.82987531224642E-04 -1.13206821019253E-03
-6.52182108949084E-04 -2.10147049190812E-03
5.01952895005857E-03 -2.30254437928375E-03
7.60506341769967E-04 4.60034848277577E-03
7.33886926929443E-04 -4.03679643235073E-03
-1.52369201272461E-03 3.72007853149134E-03
-4.81329521028425E-03 -4.46304836535035E-04
6.42808896896776E-03 -3.0396986554903E-03
-2.7406696844857E-03 2.18249257502442E-03
4.13597547895633E-04 7.59328828172165E-04
-1.56870744980759E-03 4.29088978227492E-03
-7.6348719631953E-04 -3.82672883020752E-03
1.59159387607609E-03 -1.05714809450635E-03
-1.86938198729866E-03 -3.13760706659916E-03
3.28989635494731E-03 7.61518212128054E-04
-3.62912433337919E-03 9.80806660297686E-04
-7.16314413249866E-04 -1.66608026077321E-03
3.31754804552114E-03 -1.88977237075446E-03
8.06814997503816E-04 -2.48733859581668E-03
1.87190771523852E-03 3.06491220135427E-03
-3.58332113734844E-03 2.44559389687254E-03
1.01949936883149E-03 6.83090995569163E-04
-2.44314366935919E-04 -1.0839119911263E-03
4.62242861053759E-03 -1.46228023495236E-03
-1.08891810674165E-03 4.08393266905931E-03
-5.53362397374581E-05 -1.00631738269097E-03
2.24722422965417E-03 2.12525087567615E-03
-4.52050060943709E-03 1.77785316576304E-04
2.59456709947374E-03 -3.24606554649866E-03
2.11252062085612E-03 1.40306916668143E-03
-4.1712032366817E-03 -6.73942022130921E-04
6.68938628940972E-04 -2.73111154675663E-03
-2.9658060554024E-03 1.70773993778977E-03
1.56983466287734E-03 -3.1178476712958E-03
2.36761072038313E-03 3.21510481078895E-03
-2.3328463581858E-03 -6.42221250177907E-04
7.37912487633285E-04 -6.14154373853483E-05
-6.52757128213333E-04 2.04170881934896E-03
-3.13412387819131E-03 -5.23791734485945E-03
3.87400631546774E-03 -9.67977505349332E-04
-3.02487220534712E-04 4.27260194184615E-03
-5.58710951702959E-04 -3.50603961103085E-03
1.89004737968416E-03 2.05297160601155E-03
-4.32285215956184E-03 -1.4219951422657E-03
3.44991322676735E-03 -3.87593054174802E-03
-2.14685225830047E-06 5.19502105291799E-03
-3.27359040062689E-03 -1.29629312921588E-03
5.13552564612867E-03 -2.61276755670753E-03
-3.55292623607783E-04 3.95627247708126E-03
-2.74769280017705E-03 -1.37401710243112E-03
1.53435013067025E-03 2.61311229755033E-03
-1.26685733794003E-03 -1.47297567739037E-04
6.77276351194822E-04 -2.70929968066897E-03
3.9947370785125E-04 -2.24469278677254E-04
8.36710490475557E-04 -1.59876435757416E-03
1.89576005089493E-03 0.002456595364692
5.71837151464889E-04 1.04161462463344E-04
-1.72979581574381E-03 1.96929790946409E-03
-2.9166124356663E-03 -2.50110519290684E-03
3.80655139424271E-03 -4.06194574824604E-04
-4.89719747225996E-04 2.62236636239199E-03
-4.90923552833729E-04 -2.55318216168682E-03
3.32120523673442E-04 3.36739841224463E-03
-4.43264710062015E-03 -2.13979691281279E-03
4.04847361145429E-03 7.56458038091632E-04
-6.77111197489093E-04 0.00343398200744
-4.12466721931081E-05 -3.63774037139643E-03
1.45087355482026E-03 1.78910844847714E-03
-1.23254650923752E-03 -1.84997712933057E-03
-1.53303959527366E-03 -1.10832311993728E-03
2.63948550253618E-03 1.74515448698758E-03
1.03053603664924E-03 2.97256575895883E-03
-2.53044977357036E-03 -4.80939843373597E-04
6.67746206018409E-04 -2.13633961589181E-03
-1.84784953561709E-03 2.98048649474173E-04
9.51473487341543E-04 -1.03032245003711E-03
1.67044317280923E-03 3.79107381035934E-03
-3.6847123320299E-03 9.37118113983005E-04
4.03097644215319E-03 -3.58396500591432E-03
-1.86433651922413E-03 2.43245288654702E-04
-9.6440179355439E-04 -2.40501582287782E-03
2.44116275538743E-03 3.20711696452868E-03
-2.37320009365612E-03 2.01784326060045E-03
2.55840670356406E-03 3.49623817857082E-05
-1.01863859232953E-03 -9.60348424741204E-04
1.79174140214118E-03 -3.86065506753145E-03
6.55329328790289E-04 1.47973852892786E-03
-5.68185671027519E-04 -4.89093843301453E-04
1.55414138134092E-03 1.83840741608489E-03
-1.44284031449374E-03 -2.5476338730011E-03
1.71961915567451E-03 -1.20976823478598E-03
-2.48588042466779E-03 4.22057911839549E-03
5.0429005891934E-04 -1.16319946358132E-03
-6.31085783659244E-04 -3.29895908794906E-04
-4.97194175410683E-04 3.7010488149268E-04
