3.8460401061444E-05 -6.28569134598074E-05
-9.08416177142785E-06 2.50877176477783E-05
-7.21160678657224E-07 1.81993362321764E-05
-1.51914790611488E-06 -4.34181598127125E-06
-8.70347183087644E-06 3.08576205327212E-06
-7.65304312664824E-06 -4.51538208992515E-06
6.8092983914321E-06 2.16819814861823E-06
1.41154225809403E-06 -1.36317536082964E-05
7.15426818713341E-06 -2.2474569302481E-06
1.77917572737652E-06 4.53547911570253E-05
5.74413427321728E-05 2.15423556874393E-05
-9.35923196708614E-06 -8.46669784361627E-05
-4.36359046682904E-05 5.49730927309756E-05
-4.01537783171227E-05 2.61359175090812E-05
1.07018077327593E-04 -4.83460627249578E-05
3.6053444304801E-04 -3.08506903926136E-04
-5.85896691484156E-04 2.03714752158001E-04
5.21702725893713E-06 1.16510124291687E-04
1.61345516903442E-03 1.99352510618412E-03
-5.40649726691097E-03 -3.9460892352896E-03
-2.99560224448121E-03 4.79801798457992E-04
7.93114189671148E-03 -1.82781060310566E-03
-4.68166173423397E-04 -4.91710567711462E-03
-2.23194424185431E-03 -2.43311673457013E-03
7.85211631394354E-03 8.09280506478864E-03
-6.46562257110693E-03 -3.84877223745159E-03
-4.68637181499023E-03 -9.79354979519181E-03
7.25624798911401E-03 2.90954765613721E-03
-1.85149567463965E-03 0.001962379531757
4.71837475110429E-03 -6.67115580916829E-03
1.85629040712046E-03 9.91024683121793E-03
-9.24378854029563E-03 -6.09296153489495E-03
2.13708680140601E-03 9.47896434311545E-04
1.7635818581318E-03 -3.89708097539998E-03
-4.69959525564469E-03 6.27065165547191E-03
8.62509648207212E-04 -9.84976784372292E-03
1.68673949976346E-03 2.80554970465691E-03
-4.10042775461302E-03 2.39956535369134E-03
4.41261131905417E-03 -1.79679499237219E-03
4.2174151931218E-03 4.76835187981908E-03
-1.10676183909195E-02 -1.86464232878102E-03
-2.05270992794146E-03 -7.34387607877669E-03
-1.84552421577312E-03 4.87043401685171E-03
2.89065047609995E-04 2.15046412689985E-04
1.81331918304871E-03 4.98597459759959E-03
7.45832810204342E-04 -6.21090727259861E-03
3.44653024743896E-03 -1.9902086324879E-03
-6.2317502642682E-03 3.79726687485839E-03
1.98795572923532E-03 9.30968915968185E-04
-1.16646182127363E-02 3.19534580016342E-03
4.46265889146763E-03 -4.1075392651876E-03
-4.77284962738473E-03 7.93827739174897E-03
2.66814844135934E-03 -8.85708181209138E-03
5.58421125516655E-03 2.03735305280326E-03
-6.79410012412998E-03 -4.45171652735556E-03
1.82765492287693E-03 -4.4425421570622E-03
-8.34462417631913E-03 7.16772078094886E-03
-5.00073153317248E-03 -3.93510256562492E-04
0.011478849802306 3.62019720500343E-03
4.79409744326147E-03 -6.72189964003571E-03
6.3030018331722E-03 -1.67678415670207E-03
-9.83735539882769E-03 3.21760644825607E-03
-7.34959999286221E-03 -1.26838308627659E-03
8.84859212354855E-04 2.30558679503051E-03
6.51874883446755E-03 -1.64915581993809E-03
6.46401894909317E-03 1.89531526610367E-03
-1.04628718525941E-03 -1.94741531871983E-03
-4.84403240166189E-03 5.61022243134412E-03
-8.31340440940254E-03 -6.69216484290361E-03
4.1918820951862E-03 3.25800880970023E-03
-2.79741732633397E-03 -1.64477699338389E-03
7.79328728477457E-03 2.67188198864973E-03
-6.05953548009012E-03 6.69418829522199E-03
2.41962480913806E-03 -1.23645504712991E-02
4.79253217798587E-03 -5.30248889953244E-04
-3.63951459008103E-03 1.81742258865878E-03
3.82046673707809E-03 4.97076875241404E-03
-1.57340204218722E-03 4.69239444014531E-04
4.41232857137827E-03 4.16542891619804E-03
-7.95845636350264E-03 -4.11478606319613E-03
6.97375739453683E-03 -5.08078852930872E-03
-6.99834785132692E-03 5.23068942587159E-03
2.96650235257408E-03 -6.91190882128177E-03
-5.0914221209668E-04 1.15210707817493E-02
-3.23563237029546E-03 -7.86600514665872E-03
5.68541326498092E-03 5.15707670440759E-03
-1.03478055769165E-02 -3.92779976964947E-03
6.25633185963256E-03 -5.57087704594033E-03
-5.99996946461073E-03 9.77863261888656E-03
3.07016826257016E-03 -9.80949907706935E-03
1.22215076025931E-03 1.10633139906416E-02
-7.56255361387625E-03 -1.18061807122999E-02
9.46269551154349E-03 -7.23017867978837E-05
-7.31826098087757E-03 1.61391539333073E-03
4.81724335146324E-03 -2.77283258888296E-03
-7.50177771542049E-03 7.94421764241556E-03
3.04143655815656E-03 -9.61743994358705E-03
1.4843579485771E-03 6.72590448451232E-03
-3.46429065960883E-03 -4.61552959412668E-03
3.23071373213038E-03 1.43798349100516E-03
-3.63762881518162E-03 4.47243964959679E-03
2.01929115992914E-03 -3.58765349197434E-03
2.13506101486109E-03 3.43657198975881E-03
9.87667868416312E-04 -1.94523555683574E-03
6.44019719317835E-04 1.44145664474146E-03
1.44034275792481E-03 -1.31705464971247E-03
-1.3631018031351E-04 4.65641581825314E-03
-4.3254589241512E-03 -1.80284889890626E-03
2.21308615316573E-03 -1.43592344111839E-03
3.36927895983135E-05 2.60920930457308E-03
1.0889852406285E-03 -5.14218708347517E-04
-4.75222314920136E-04 1.10926727038036E-03
-2.42939496378378E-03 -2.68718426178307E-04
1.56479525184408E-03 -1.90393281467703E-03
-4.96959501705887E-04 -3.02677365166417E-04
5.95042818510598E-04 2.37253974563048E-03
2.61608722790599E-03 1.35911427658161E-03
-2.58476782623954E-03 8.77796472684282E-04
7.84779080555003E-04 -3.40171269305357E-03
1.69923302122147E-03 1.12986651697912E-03
-3.4707478492307E-03 2.90644565544528E-04
3.12059619209773E-03 1.59671223821697E-03
-2.95730529254306E-03 3.42335088168306E-03
1.06776577969387E-03 -5.3920985688736E-03
2.87255986167926E-03 1.81545980562555E-03
3.92114133629254E-04 -1.48497200176264E-03
4.42459023613216E-04 4.89683675276152E-03
-4.92333907855296E-03 8.65746986052955E-04
1.91577592923761E-03 -3.98495747501564E-03
1.67983941451594E-03 1.08576986563693E-03
-6.16466077216672E-04 -9.42106325107075E-04
1.91408202511067E-04 1.70948440809237E-03
-3.88098014685687E-03 2.43486073823819E-03
1.42861172250995E-03 -1.07230906776554E-03
-2.03865648456622E-03 2.13561962266199E-03
3.78244621565423E-04 -1.69645316970958E-03
-4.64127798248668E-06 -2.24663103202687E-04
-1.13431666247692E-03 -1.96273203539454E-03
6.1451301336823E-04 1.95573385961242E-03
-2.75056135209839E-03 1.60971533271689E-03
1.41271347511467E-03 3.4462021526787E-04
-1.07463562556361E-03 -6.53994223988029E-04
1.72933383307155E-03 -1.02589201789987E-03
-3.44492014903158E-03 2.38468694008155E-03
3.86676344457757E-04 -2.35290693878651E-03
-4.36666987106439E-04 1.74540418244882E-03
-2.34654147917958E-04 -1.81979609717244E-03
3.52183954575302E-03 -5.83147194073001E-04
-4.53655223652797E-04 3.39044945611516E-03
-9.86702449244077E-04 -1.75290761739475E-03
7.79365052857721E-04 1.38562636397622E-03
-4.37749084793964E-03 -2.46265216197944E-03
4.3037801577244E-03 2.30561962462893E-04
1.32597076632797E-04 5.04469026779289E-03
-0.002224483659219 -3.28931255672964E-03
-4.78167282595357E-04 3.00924990705551E-03
-3.5281365591641E-03 -2.3545507880469E-03
2.31889342602122E-03 1.06427462803523E-03
-1.50577635086026E-03 7.69039684557095E-04
1.85282908119759E-04 6.76475896493605E-04
-3.56951884824832E-04 5.41637326998206E-04
4.5638898207447E-04 1.59873956686787E-03
-1.50442983518301E-03 9.5809335621537E-04
9.87186501766643E-04 -3.96732605989642E-03
2.37965179437433E-03 2.54325910263052E-03
-3.85455083507566E-03 -1.31251880742486E-03
3.44832848701572E-03 1.54917499199394E-03
-2.93242119750184E-03 6.82509402173982E-05
3.78900123757099E-04 -4.15665835032289E-03
8.79151870350231E-04 3.11642816079795E-03
-2.65032669988981E-03 -9.93370171207805E-05
2.65266197888362E-03 1.62652223578823E-03
-3.11870143716691E-03 1.78147416336164E-03
2.64014023602211E-03 -3.37026420166619E-03
1.33531814230532E-03 1.3534807801879E-03
1.37844122474564E-03 -3.41745577586184E-04
3.02806810155532E-04 2.43825736357767E-03
-1.83521917191538E-03 -1.93690558537994E-03
8.84922375333704E-04 -6.88462403621465E-04
4.69986165838523E-04 2.41493002170652E-04
8.03003450971813E-04 -1.09786099358605E-04
-2.91924422784873E-04 -8.42060225569392E-06
1.39881260474228E-03 2.8396707005821E-04
-3.46710660310424E-04 1.36969372369985E-03
3.91434699788357E-04 -3.18805534045156E-03
1.28558417504965E-03 1.68358730005077E-03
-3.24889327165324E-03 1.51039327864355E-03
1.99749975116653E-03 -1.0861677541404E-03
2.75670084068917E-04 2.98683361461324E-03
-1.42024589730133E-04 -2.72071007986231E-03
1.64362805751787E-03 2.2986215119078E-03
-3.29568913652375E-03 -1.16656564558039E-03
3.73971142309593E-03 4.91770203617763E-04
-2.5659436373605E-03 4.10703655289575E-03
2.58398779995745E-04 -3.97966355057252E-03
4.67782068318349E-04 1.26047512601376E-03
-1.54470527589768E-03 -5.29204486996181E-04
1.29149975378984E-03 1.96694642635521E-03
-2.71416192078099E-03 3.53466829565144E-04
1.5528872587899E-03 -1.57080736558058E-03
-2.00001680930016E-03 1.27114882669321E-03
