4.10393448338406E-05 -6.3368493493903E-05
-9.18684836996874E-06 2.354799255638E-05
1.66254127292402E-06 1.93009344158722E-05
3.71773028866236E-06 -1.01901581115199E-06
-9.69630696148095E-06 2.25243719743326E-06
-6.64980029366603E-06 -5.98625143258352E-06
4.58876451135173E-06 1.82824453971905E-06
2.59867777267727E-06 -1.38934933959628E-05
5.06576399940907E-06 -6.07202015077262E-06
-1.27478974924553E-06 4.57781530779634E-05
5.72864557593938E-05 1.85215606104599E-05
-1.27016110608657E-05 -8.03202161762157E-05
-3.9938718751751E-05 5.20062577311092E-05
-7.29047771848585E-05 2.43274970371907E-05
1.54313237115537E-04 -7.32638900252475E-05
4.3724861262596E-04 -1.64217242516672E-04
-7.27103946884167E-04 -2.43085924521752E-05
8.29107250103384E-05 4.20087013648129E-04
1.27441360152571E-03 1.46065029702998E-03
-5.25206264255745E-03 -4.13202932492885E-03
4.67733092271209E-04 1.17666965063742E-03
8.09183922261698E-03 -2.77276793455269E-03
-1.98367954729668E-03 1.22340454517216E-04
-9.80271291713444E-04 1.33672729654047E-03
9.68871745589805E-03 4.59852682106949E-03
-1.13643623005727E-02 -9.75037181784197E-03
4.40068780703657E-03 -1.66428810886537E-03
7.60222343869638E-03 -3.62760534970905E-05
-1.01809119081178E-02 -4.77408487522978E-03
8.21179682583775E-03 -3.13954634147958E-03
5.40490957439381E-03 8.93393984134176E-03
-8.81265910292219E-03 -7.42730045499282E-03
5.73507135280985E-03 -1.36239521142957E-03
-3.39031443512074E-03 2.95361939991475E-04
-7.57553046674592E-03 3.90146043598329E-03
5.47463666638198E-03 -9.54752923036008E-03
-3.30733553138359E-03 5.51188142516828E-03
-7.76628458671218E-03 3.71906343610377E-04
3.24064889280957E-03 1.11255941562538E-03
5.96307365539156E-03 2.505649470274E-04
-4.36042246883498E-03 -1.88842475113268E-03
-8.8691407957416E-04 -8.88044396086158E-04
-2.80737313496305E-03 4.14193662107329E-03
4.9261935301229E-03 1.40815174596707E-03
-2.93536844115959E-05 7.45525679041557E-03
-3.7239231015655E-03 -1.02331802599874E-02
1.02437016315467E-02 -5.79240394817978E-03
-4.08196096225134E-03 5.18945191072373E-03
-4.0276299551863E-04 -1.06717191922449E-03
-8.95682773385172E-03 5.3375683803776E-03
2.4819873656138E-03 -1.06370052766903E-02
9.99859772081576E-04 6.72864037274324E-03
4.75775430962882E-05 -5.56963999570214E-03
8.61707587357973E-03 1.00138748687055E-03
-2.55800665351965E-03 -4.60511998223966E-03
1.7976058506865E-03 -3.13745138587376E-03
-8.12934258153599E-03 3.31816580813491E-03
-2.86907250533953E-03 -1.11112405299495E-04
9.90555531929034E-03 9.58036222694255E-04
6.03265982358471E-03 -8.90651708736328E-03
4.86324939380146E-03 -1.90651676516527E-04
-1.20252730399841E-02 -9.08882133516858E-05
-2.7602880341667E-03 -4.5234536198983E-03
-1.79544271150023E-03 7.58967743475252E-03
2.39587797042937E-03 -4.01321049297471E-03
8.0621706322918E-03 6.81585388215393E-03
-7.10297019215602E-03 -1.5033694737622E-03
-1.8226577777308E-05 -9.66813733996616E-04
-8.63814679574495E-03 1.10039707453872E-03
1.30067260144783E-03 -4.28381741757855E-03
-1.16983123986519E-04 4.8276483052436E-03
3.99897836977205E-03 -4.59653370041273E-04
-4.94074932854416E-03 2.06354114524331E-03
2.78512691650338E-03 -1.14598220150078E-02
1.95829258305706E-03 -3.14722458699743E-03
-1.7218776856678E-03 9.92551339531738E-05
4.71107653331019E-03 5.9480416636676E-03
-6.5298695651003E-03 1.48568979373515E-03
6.13329840656183E-03 -2.96437266153146E-03
-5.11497872768854E-03 -3.70782134637091E-04
6.20438695840941E-03 -4.82804947582379E-03
-3.63698216628335E-03 7.34526743576051E-03
1.37593833160503E-03 -4.62940852912326E-03
2.06744209669946E-03 9.25166690581877E-03
-3.46498007441205E-03 -4.52871240576165E-03
7.03320263171603E-03 4.99875857986446E-05
-1.63867886980509E-03 -1.33040866414972E-03
5.54734278701097E-03 -6.03810242643092E-04
-5.50198932216857E-03 6.79708370851585E-03
1.52640749975997E-05 -7.25282569603745E-03
3.38545618485765E-03 6.87589473752867E-03
-6.11326202061379E-03 -7.62708473186663E-03
9.36422990271648E-03 1.21658110138094E-03
-8.59636355869411E-03 3.90338179516823E-03
4.44813929221144E-03 -3.56365198258187E-03
-4.45817295849189E-03 8.10690330392216E-03
1.3062647184667E-03 -9.23484424999349E-03
6.11151902366356E-03 9.56174655968932E-03
-5.77512380835284E-03 -4.0025492549636E-03
4.43070508894301E-03 2.2030480359625E-04
-5.93947061242661E-03 1.95220271582796E-03
1.1370604885724E-03 -5.16415554734943E-03
4.08717660594891E-03 3.73647089911114E-03
-1.44894467957751E-03 -7.20887309542605E-04
-1.02084260603174E-03 1.69641126346643E-03
-3.69870858418884E-04 -1.92221275851104E-03
1.28579658097797E-03 1.00819907226889E-04
-1.40739322035982E-03 8.54273151106006E-04
4.10175440017397E-03 -4.59930772511982E-04
4.953848530484E-04 2.17683011029911E-03
-2.14839852298347E-03 -1.57933598738285E-03
2.79393007531922E-03 -1.35040364566952E-03
-4.43243599167571E-03 1.01716060778523E-03
-1.78954353182313E-04 -3.89249522919859E-03
2.33099333621923E-03 4.2560406404337E-03
-2.50934631605904E-04 -1.75645624620923E-03
6.61890837019479E-04 1.73193532983745E-03
-2.91150109703958E-03 -0.002145344224174
3.13563709072404E-03 -3.20777903674261E-03
2.13277133171377E-03 3.15810856242821E-03
-1.33650046942475E-03 2.42757913702861E-04
2.39776205057748E-04 4.59924360120535E-03
-2.37787563279765E-03 -3.00453700974576E-03
0.002314859442017 -4.93909571856235E-03
3.70434167371867E-03 1.8680086587535E-03
7.05034555342857E-04 -9.20110218239128E-04
-6.72123503124974E-04 2.89127923891062E-03
-2.7683660507729E-03 5.94081992033269E-04
1.72140093862998E-03 -3.06077801413957E-03
2.13415110604639E-04 1.67438873846585E-04
1.95502356571877E-03 1.94207261600412E-04
-8.71812659037816E-04 2.22696747112988E-03
-1.08153416055697E-03 -1.28984570702729E-03
5.06560207898935E-05 -2.49098230552311E-04
-3.15929226609063E-04 1.68183909351871E-03
5.90136866959811E-04 -1.69600176836804E-03
1.7867739245425E-03 3.73049022664332E-03
-4.54232988433734E-03 -9.81152144148439E-04
2.23635505732541E-04 -1.21385366510904E-03
2.50003774483488E-05 2.33597576304363E-03
-3.15214375984883E-04 -1.90190793976174E-04
3.58957389916535E-03 -3.26225048767136E-04
-8.35806202737875E-04 1.51887101007012E-04
-1.20424352858578E-03 -7.96829804579222E-04
-2.26844825009151E-03 4.8483304522139E-04
-2.90856271316426E-04 -3.62978583624515E-04
3.02252583956217E-03 -2.02572841398439E-03
7.69137675436545E-04 3.53649242713175E-03
-2.19044615831793E-03 -8.27601488087361E-05
1.15074579222659E-03 -3.46782613285954E-03
1.19950691441118E-04 1.48263403955666E-03
-3.48765797876047E-03 -1.56704080862817E-03
2.81678951860818E-03 2.21254454473769E-03
-2.76527308804978E-03 2.89415461159778E-03
-2.93801625131809E-04 -5.49938716724709E-03
1.7020764251835E-03 3.68441277415077E-03
-2.41666747185505E-03 -3.35236496367645E-03
3.50651672178433E-03 2.10409135331379E-03
-4.00732096257094E-03 2.26962882493047E-03
1.78710706441916E-03 -3.9165837260564E-03
6.15198952882787E-04 2.37594997746558E-03
-2.86890063771626E-03 -2.99357010728341E-03
3.41531111888111E-03 2.91286461860381E-03
-6.67948610242864E-04 -2.20957875244031E-04
3.26910461882445E-04 -3.89168047670222E-04
-2.71357590865612E-03 1.58219586764327E-03
2.99250343267399E-04 -5.88489379436734E-04
-9.18054479365872E-04 5.35478789168616E-04
3.68608865456197E-04 -2.60966507355715E-03
7.06737027707933E-04 2.45586509420311E-03
-8.91333456863993E-04 -3.0268468736547E-04
7.59188194837451E-04 9.44313523874725E-04
-2.64470607308645E-04 -2.00140489645421E-03
3.41589423798328E-03 -1.16365301875377E-04
-7.68436655195214E-04 1.47725972860861E-03
3.66198431848243E-04 -1.57653934825149E-03
6.43477263407453E-04 2.54733458068618E-03
-2.15158892009717E-03 -2.90192352242191E-03
4.41065943166283E-03 -5.19451909270889E-04
-2.77841520410577E-03 1.59350537725812E-03
0.000796837743134 -1.24925258349638E-03
1.38183319209714E-03 1.41620785267199E-03
-1.2403462125597E-03 -8.72874256219926E-04
3.82526030365302E-03 -7.66669370662892E-04
-8.96338982092151E-04 7.53455988309753E-04
4.61148250896297E-04 6.34404368659794E-04
-4.68207348982295E-04 -3.19172281586104E-04
1.66147118415807E-04 -1.07048122833496E-03
6.95286894511353E-04 9.18524062722587E-04
-6.13821706184532E-04 6.54063750811486E-04
1.49347037460427E-03 1.79689777386068E-04
-1.29177440921922E-03 -4.02313667310994E-04
1.09694598823792E-04 2.00641091017087E-04
-2.9319960351008E-04 1.59984091715659E-03
5.00996302693911E-04 -1.39875927011449E-03
8.50764895019114E-04 7.55689025632776E-04
-1.07756075165167E-03 -1.73984010901218E-03
4.93106189966856E-05 9.23300034418734E-04
-7.84663537137563E-04 -1.59283788187872E-03
5.58425805054095E-04 2.99211183184349E-04
-3.77848294269639E-04 2.45500646254176E-04
