4.1849273997681E-05 -6.23683233685245E-05
-7.27598999780804E-06 2.5712887593687E-05
7.47879514892559E-07 1.78217601975751E-05
4.60981380246455E-06 -2.51355376095981E-06
-8.39668809370965E-06 1.93246235090716E-06
-1.05316339994617E-05 -6.47909404198662E-06
7.75117828871861E-06 8.51788210911419E-07
-1.15276627878451E-06 -1.54963668224423E-05
2.00009048095934E-06 -6.44953665075047E-06
2.88152474539247E-06 4.33067121871671E-05
4.89026567248815E-05 1.78714459463277E-05
-1.16191019824534E-05 -6.93576924640754E-05
-3.21450011937407E-05 4.12270728152071E-05
-1.26278700651743E-04 2.66988067142293E-05
2.073600670822E-04 -2.35958672368126E-05
4.32353895737096E-04 -8.17771110757654E-05
-6.58909238766834E-04 -1.20506745009216E-04
3.19474742994472E-05 4.11048106344169E-04
1.15538961530113E-03 1.12706843798472E-03
-3.55150036389387E-03 -3.0093636226059E-03
3.52004962462951E-03 1.78159316764564E-04
6.72053475168883E-03 -2.38987404835208E-04
-3.42127338571777E-03 6.06669046894148E-03
2.56111789676152E-03 -1.62635812224454E-03
6.27827951040265E-03 5.97764422721033E-03
-7.9756614686044E-03 -2.86533053991715E-03
1.08619283630929E-02 -2.35920929979542E-03
1.53782908340103E-03 -5.35784459766352E-03
-8.46904600619959E-03 -2.45111313222778E-03
1.36094990537151E-02 -4.10139680302786E-04
6.45257407318381E-03 5.81383752881244E-03
-9.09657198354228E-03 -6.47959010452918E-03
5.64436556723359E-03 9.26485709098849E-04
-1.19663854478069E-03 -1.74632801522791E-03
-5.36311553888989E-03 -2.72744858249233E-03
-6.24010048395331E-04 -4.5899815858609E-03
-2.84859304644396E-03 4.29154520306941E-03
-6.95310387057873E-03 -2.2979700981234E-03
3.22486735354806E-03 -1.22868018182019E-03
3.82224876134528E-03 8.72184269360766E-04
2.19566022892059E-03 -9.41853098211188E-04
8.30176236825844E-04 4.59997578672141E-03
-6.94096326395776E-03 5.25758797772522E-03
2.28001888308988E-03 2.2905070787852E-03
3.80496277510021E-04 8.07542259383565E-03
-2.74496482697196E-03 -1.52584250202814E-02
1.31837715660703E-02 -3.30022505139781E-03
-1.85558688457956E-03 8.84870747612279E-03
9.34570189742201E-04 -1.30230190844001E-04
-6.81043179624034E-03 5.68449182325267E-03
-2.72710481151303E-03 -6.62645124595294E-03
5.87279045180278E-03 6.58242519794924E-03
-2.27371514096016E-04 -2.98147459057755E-03
8.31070027513756E-03 7.64360388987038E-04
-2.83394014076729E-03 4.31043751732654E-04
2.04261739113585E-04 -9.79002096357801E-04
-5.61664188810057E-03 8.85690333517846E-04
-4.38132099983731E-04 2.24585033999226E-03
6.68645806670796E-03 2.19118522477012E-03
5.23281920694684E-03 -8.00630345536031E-03
4.45914990873942E-03 -3.41355539126528E-04
-1.05447111409681E-02 -2.71925311976646E-03
2.51515602768653E-03 -3.8561082550644E-03
-5.46303140471326E-03 1.13941448120017E-02
-1.85205009562961E-03 -6.15725502079743E-03
9.5329613595127E-03 6.33607910833121E-03
-9.56216278687055E-03 -2.81436739385516E-03
4.57602905236504E-03 -4.52208940365967E-03
-1.04542762611575E-02 7.04424382000578E-03
1.66611145160914E-03 -0.010186996557755
2.91973625636861E-03 1.36017109383605E-02
-3.10687911170762E-03 -1.13869994510031E-03
1.65898215359561E-03 -3.25391822011198E-03
1.40389752505474E-03 -6.56850665813669E-03
1.58782995144127E-03 -6.20745501350132E-03
1.20218138045256E-03 9.4518679884767E-04
3.13063430096827E-03 6.70298099102398E-03
-5.84886259773471E-03 -4.0801439453658E-04
7.73021652349688E-03 -2.70653584837214E-03
-2.64588252989148E-03 -9.32622021171948E-04
4.45706254050143E-03 -3.2614134591131E-03
-5.41786679189937E-03 1.05832824489959E-02
-4.08166980883049E-03 -2.5045164324277E-03
4.75419334962316E-03 6.70934986056668E-03
-4.16487392102035E-03 -1.1847476824007E-03
3.42965187523661E-03 -1.62347517398873E-03
-1.48445064571446E-04 1.4240131544697E-03
-6.68085869186741E-04 1.88212177469398E-03
-3.54741321122335E-03 3.20005946333305E-03
-2.26602615663591E-03 -3.43554815286781E-03
3.79638482580894E-03 2.44886581961926E-03
-3.59660269390318E-03 -4.04727757260609E-03
5.56972511527123E-03 1.94359284597917E-03
-8.00071832389611E-03 2.38255628518189E-03
2.15707465683144E-03 -5.61622673909423E-03
-1.29271591452094E-03 6.64575646850349E-03
-4.08336230088818E-04 -9.14636767229199E-03
6.56584542054204E-03 7.4833564572281E-03
-8.14792234675561E-03 -2.78711400886977E-03
5.40389790134436E-03 5.1623831201877E-04
-3.07610973235962E-03 4.35156326170167E-04
4.31636081397194E-03 -4.58449673893037E-03
3.02734487427769E-03 7.19389567606851E-03
-2.73191638039231E-03 -1.77710075875479E-03
-8.92695580244464E-04 3.29379866838735E-04
1.94079549394374E-04 -1.5862050975075E-03
1.54317539398238E-03 -2.33687660694711E-03
1.35373918189154E-03 2.28921533024678E-03
-2.25438697589097E-03 6.75871706170199E-04
5.96738650570296E-04 3.00207665267891E-03
-3.45452735898364E-03 -2.88500650484526E-03
3.17338724323743E-03 -1.18523607288632E-03
-2.76467660243724E-03 5.22168125004188E-03
-7.04249265584141E-04 -4.97593378592246E-03
1.16477688977163E-03 3.84898553063398E-03
-4.27162264432187E-03 -1.79923800475653E-03
4.53422048930977E-03 -9.10241973006944E-04
-1.20360685647508E-03 -9.71528397427019E-05
3.71582323010127E-04 -3.2012119114653E-03
1.85219294897939E-03 -1.64636104071237E-04
-1.48526892189725E-03 4.64308515625751E-04
-5.25235589937964E-04 4.0438473575556E-03
-1.93675901093282E-03 -2.78620494234477E-03
1.54580408565366E-03 -4.58401838143957E-03
1.3772973330252E-03 -3.21839810564866E-04
-8.3456882841642E-04 6.12621691806951E-04
-4.58058986718878E-03 1.95099769512051E-03
7.17591256906062E-04 -9.05193673275349E-04
2.08411462769272E-03 5.64286556582725E-04
6.2672894723925E-04 -1.48427451388474E-03
3.39948360385142E-03 1.17704627878769E-03
-7.14822525752794E-03 1.13315148324368E-04
2.43825516006236E-03 -3.77727627561544E-03
6.10355588569772E-04 4.2030787398626E-03
3.89215853931667E-04 -2.3279320619861E-03
1.26487395937125E-03 1.72742266298905E-03
-2.41991237157761E-03 1.17816481761611E-03
-2.57117002389311E-04 -2.13429444697213E-03
-7.87503859300092E-04 6.96824650375277E-04
4.77594015937375E-04 2.0276185554962E-03
1.34916825130867E-03 -2.53430124562339E-03
1.11895007202023E-04 7.52682927088014E-04
-1.08905438233988E-03 -1.02844393836947E-03
-6.48822173889813E-04 -3.78871730220621E-04
-2.85425692413274E-03 1.98240901697129E-03
8.88887122245227E-05 -2.13074053099964E-03
3.02223903225291E-03 1.44217501196204E-03
-1.04130177037849E-03 3.55304947485538E-04
1.73721628514994E-03 -3.54226796966508E-03
-2.65109499797822E-05 3.42201031802105E-03
-5.04682113941916E-04 -1.88273922129893E-03
2.24464224653083E-03 1.62838712855673E-03
-2.17006463119266E-03 1.63409880990011E-03
-3.73520356282179E-03 -1.40195008666964E-03
1.0059950112386E-03 -3.65734180702344E-03
1.86277243122211E-03 4.51631805311628E-04
-1.82393965343242E-04 -6.29130808956172E-04
8.45048657326009E-04 7.54481948518075E-04
-3.39415955652118E-03 -6.24378875101458E-04
1.13985240229468E-03 -4.01358870410893E-03
9.24122593638123E-04 2.93567515279396E-03
-7.62510604402462E-04 -2.02321044422658E-03
2.63533636069123E-03 3.81358120971213E-03
-1.15477822317827E-03 -2.41209097397803E-03
2.0411825040694E-03 -1.23160469022947E-03
-9.08329937568554E-04 7.52256077087546E-04
-3.86945183568804E-04 4.45665153882325E-04
2.2713115733923E-03 5.03656371531614E-03
-1.26572198277049E-03 -2.65054476504803E-03
3.56709754928617E-03 -7.54496323508821E-04
-2.47711585576141E-03 1.93581877712289E-03
-1.88448374427527E-04 -2.99403773490997E-03
2.51749213196552E-03 3.10307674984915E-03
-1.87180754180467E-03 1.92553834713536E-04
1.36719806689627E-03 3.12647887999013E-05
-8.11588589390631E-04 -5.2901030653993E-04
-1.54910540763006E-03 -1.64080509964226E-03
3.30200929154989E-03 3.72454146000671E-05
-1.97203402767958E-04 1.64401415490464E-03
-2.91875374602399E-03 -1.43579925279856E-03
1.98506193112085E-03 -7.98009345237274E-04
-1.09819220121578E-04 9.97691415642995E-04
1.84939753615647E-03 -2.27258928517087E-03
5.90115156450591E-04 1.58059578924267E-03
-5.76145127106658E-04 3.69324533818392E-04
1.59962395623065E-03 2.64588453939798E-05
7.50707571786501E-04 -2.12983107526308E-03
4.56972859544002E-04 -3.4689936300697E-04
-7.28350960201489E-04 1.14361010098743E-03
-5.60504136834274E-04 5.33142512729793E-04
1.36468413908525E-03 2.08591415951328E-04
-4.22294914076275E-04 -1.92023104047014E-03
1.90419524814146E-03 7.47602975656895E-04
-8.90206456488169E-04 1.89416758133353E-03
-5.13221351637478E-04 -6.16102307039277E-04
2.32245890907089E-03 2.41611453005553E-03
-1.10255974631601E-03 -1.19043515463947E-03
1.09279847566848E-03 -6.98302699663028E-04
4.59612416931321E-04 4.43023945581452E-04
-6.70062952966728E-04 1.83513497721812E-03
1.2976300943682E-03 -9.24416754183903E-05
