3.86852101571037E-05 -6.4431870596062E-05
-7.42087713267134E-06 2.4935277958288E-05
1.48038765240073E-06 1.79145565392843E-05
9.04117640233777E-07 -4.24968887569441E-06
-8.65674581322906E-06 2.61036002936249E-06
-8.21665777976799E-06 -6.33099988756437E-06
6.10370500297291E-06 6.63443998078375E-07
1.04268358986442E-06 -1.26205538678185E-05
4.69016756590915E-06 -8.41718178832198E-06
4.72391142511848E-06 4.23145418700082E-05
3.97001352059217E-05 1.48251544786324E-05
-5.8224573142758E-06 -5.98638610738049E-05
-3.41182224951304E-05 2.50947092300343E-05
-1.58850075895329E-04 2.90178300606447E-05
2.19131630215052E-04 7.38737597830689E-05
3.80742071517246E-04 -1.57502903324152E-04
-4.95998265426318E-04 -2.01321492889342E-04
-1.57355737638961E-04 3.38529744524336E-04
1.51859838185623E-03 8.67989366794606E-04
-1.87203712055709E-03 -1.72697026653782E-03
3.30365681061253E-03 -1.65193721288451E-03
5.38688915435802E-03 5.15604520845681E-03
-1.97755459574472E-03 6.45888215724145E-03
1.02056706430529E-03 -4.56443257838929E-03
2.85148873215652E-03 1.26302693199617E-02
-2.70907126161405E-03 1.90688327392134E-03
9.48480996924071E-03 -1.02204574749679E-02
5.10182911267909E-04 -2.21737236791963E-03
-3.30878633863493E-03 3.64731969852301E-03
1.45545543729137E-02 -2.62386953451369E-03
1.23968243638901E-03 7.42309263284949E-03
-7.48113232503568E-03 -4.14520406072194E-03
6.39289585313414E-03 3.51999874005109E-04
2.25510541374448E-03 -3.34550732478001E-03
-4.75175135512365E-03 -1.53688164488673E-03
-3.19151621587405E-03 -4.84227195176495E-03
-8.30706368837122E-04 2.72263542005786E-03
-4.58762952262867E-03 -5.13125123835322E-04
3.27426764773442E-03 -1.50590199652069E-03
1.88665412841836E-03 -7.43546075487176E-04
2.67327601647329E-03 -4.07533551894065E-03
1.87775698313303E-04 1.21065527256321E-02
-8.20041087558778E-03 3.46072204195429E-03
2.77274463596199E-03 -3.01357486288373E-03
-1.04365488655715E-03 1.04192624580154E-02
-3.00962497684969E-03 -8.9278829057002E-03
1.17297497657561E-02 -2.73807142260685E-03
-2.72378696204634E-03 1.06396760204149E-02
-1.2218776628396E-03 -6.29367853377378E-04
-7.76560667317523E-03 1.21332004981764E-02
-5.47528616702234E-03 -9.41398034459283E-03
1.07577746401626E-02 4.48730759795695E-03
-6.82306592706582E-03 6.17225992323014E-03
6.11384245656975E-03 -1.73340108363353E-03
-2.44321296063948E-03 2.33599148418052E-03
-3.43315869968278E-03 -4.26128531335274E-03
-7.07440084502417E-03 1.24297903349232E-03
-1.18877724330052E-03 7.14527356311034E-03
5.12278139840674E-03 2.83751501171174E-03
3.20306732377704E-03 -5.19787287549172E-03
-1.98605599522158E-03 -2.87772672527927E-03
-9.41002431853948E-03 -5.02456346172671E-03
4.5976638693633E-03 1.05218971317519E-03
-4.15871027561388E-03 1.03507747468964E-02
-1.4306786907637E-03 -6.79781574976353E-03
8.1027709692683E-03 6.31477335953854E-03
-1.00778394599478E-02 -2.64489079954571E-03
7.40756190550673E-03 -7.66497293600224E-03
-1.00732129136529E-02 8.05989455485057E-03
5.67096465793331E-04 -0.013428169541153
1.88169962305238E-03 1.48004415101383E-02
-8.68421764160141E-03 -2.34887026758154E-03
9.98905786227101E-03 -2.05178222961797E-03
-2.78193264868338E-03 -2.99620657918783E-03
9.1879172019775E-04 -8.93937853253261E-03
-1.74184381010322E-03 6.32841190643639E-03
-2.5830835796447E-03 2.58523446704112E-03
-6.29315237045438E-05 -8.12548971199043E-04
3.38824646057107E-03 -1.37153975870724E-03
6.3152520346077E-04 -1.74079139637176E-03
2.89493793363109E-03 -2.19154607610219E-03
-5.63237962583029E-03 7.03568163512782E-03
-6.78826064352453E-03 -1.00911730472119E-03
2.71854027953986E-03 6.68186648955902E-04
2.48863829805217E-04 -3.67317042617867E-03
3.87698942674769E-03 -1.05242257275115E-03
-1.64565477941201E-03 1.62559160275407E-03
-1.48550570940714E-03 2.12338449094378E-04
-1.50643537463211E-03 -3.68596279861719E-04
4.8364050667109E-04 7.82763546739476E-04
2.99908300408541E-03 6.46706761177693E-04
1.27020258547849E-03 -6.76394373506583E-04
3.26246621628715E-03 6.1182948293706E-04
-3.41278547728485E-03 2.18051739615514E-03
1.48374552557694E-04 -2.55843011649575E-03
1.23605837996789E-03 4.25322729870932E-03
1.36863331889476E-03 -3.49043901645678E-03
5.46381484936131E-03 3.04249010377064E-03
-7.26042503387554E-03 -2.93883915632918E-03
2.8693465057176E-03 5.2312739992845E-05
-3.3451160751661E-03 3.18949117268218E-03
4.75018955900108E-03 -3.50406035807256E-03
-8.31564900227164E-04 6.45842225017505E-03
-2.64353836499708E-03 -2.51119595196653E-03
-1.31487890285557E-03 3.41464508566854E-04
2.08619428273208E-03 -4.85875995824313E-03
3.94471395672138E-03 3.42411360572567E-03
-2.75451732319872E-04 1.32979615739451E-03
-5.90763624731805E-04 -9.38513719395721E-04
6.09220303463994E-04 -9.40726058491512E-04
-1.61599240839032E-03 -1.64609125454242E-03
4.61097972732395E-03 -3.30659152840597E-03
-2.14056437783991E-03 4.96069809620326E-03
-7.11035721446369E-04 -1.99743967478139E-03
4.17287507904393E-03 2.61461040184252E-03
-6.6242260164431E-03 -4.82145350770536E-03
4.95051934393254E-03 2.57807841368359E-04
-2.10714290579086E-03 2.80318090721358E-03
2.08503941573053E-04 -4.69007018977665E-03
1.32021649437699E-03 2.0025934574808E-03
-3.21591848516944E-03 -2.5027348369947E-03
4.48140184694426E-03 1.20068245811049E-03
-1.86980941662585E-03 6.83587081620088E-04
-1.87047224234478E-03 -1.05588639429948E-03
3.77387786726957E-03 1.64172857071731E-04
-3.21294295097972E-03 -7.96121559899586E-04
-1.40972657060734E-03 -5.61052847676072E-04
2.92121844318322E-04 -1.32191894339654E-03
2.3581412384008E-03 9.73615963960493E-04
1.74334622148336E-03 4.7016774573825E-04
-1.70239424678208E-04 2.65542522377164E-03
-4.8417273805498E-03 -2.78109241460399E-03
3.02541758068754E-03 -3.77720666653103E-03
-1.06554777410478E-03 5.36790819593649E-03
2.31948531744332E-03 -4.54269460850806E-03
1.90203078670707E-03 5.99440646144379E-03
-5.08762718152516E-03 -4.29046538942266E-03
6.32262105033467E-03 -4.3475049411011E-04
-4.68108757150618E-03 3.72395122537926E-03
2.46982644847925E-03 -5.97458238528929E-04
4.0592401662938E-05 4.98020894960101E-03
-2.32581230017051E-03 -2.17497102956461E-03
7.94181686039705E-04 -2.16632721655677E-03
-1.38008019950349E-03 -1.46563376574438E-03
-1.32036525689538E-03 3.03857572019921E-03
-7.60425617575109E-05 -1.21819522023451E-03
2.65277677575934E-03 2.06589896331896E-03
-2.2495368443461E-03 -1.44870565929049E-03
8.642670261926E-04 -2.23809312900876E-03
8.37013902421273E-04 1.50475334622011E-03
-2.36676543596877E-03 -1.62937333163467E-03
1.53960138878641E-03 2.55970583311782E-03
-2.37474933169923E-03 1.47166672071079E-03
-3.07198725799285E-04 -1.6579284200826E-03
-7.21214416597841E-04 5.71602707473632E-04
3.17514124332809E-03 -2.84386320757193E-03
-2.40748008056753E-03 3.72296403943551E-03
-2.36918269771826E-03 -4.79283674138907E-03
5.63438233092191E-04 1.45173899076613E-03
-1.00301483140397E-03 -9.60669548538465E-04
3.90814752624028E-03 4.72332820438032E-04
-3.49321180247963E-03 2.40002249468496E-03
-3.14467529360058E-03 -2.23520481392998E-03
2.74520495931155E-03 -7.89947672957641E-04
-5.63594414108162E-04 -1.9137162606263E-03
-5.9826973050064E-05 -2.68579521713848E-05
4.26563415496108E-04 2.40861376847346E-03
-1.85012503224538E-03 9.68199302490341E-04
3.19779307100707E-04 -9.85366068633825E-04
1.44826334116753E-03 -2.24884867803469E-03
6.39124613042365E-04 -1.46548687574645E-04
-2.70019571393778E-03 1.17290781858428E-03
-8.63374905970256E-04 2.32560137463463E-03
-7.44181747034069E-04 -1.54323234347266E-03
2.48124258227109E-03 9.95426293706985E-04
-1.27039612831674E-03 1.06675260301539E-03
-7.475041976335E-04 -5.37129881058977E-04
7.73682765659603E-04 1.72241003678306E-03
-1.16221749009744E-03 -5.6600478628824E-04
2.32803895086388E-03 -5.4410372647742E-04
-2.66491479787825E-03 1.00202435859562E-03
5.35470131913028E-04 -8.06764259938283E-04
1.2123510025483E-03 3.80164329488656E-04
-1.52140389580812E-03 -1.63354061882378E-04
1.23729195728523E-03 -1.73007346881748E-03
-1.67819967686701E-03 8.65398220767391E-04
-5.41751195391114E-04 -2.28997653908479E-03
1.47843089597607E-03 1.08976232300488E-03
-1.73685848016941E-03 -1.8361436399042E-03
1.00567859913762E-03 -4.24655845942703E-04
-1.20529382347552E-03 1.85526562950917E-03
1.26622426304463E-03 -1.8025343731305E-03
1.10007913629354E-03 1.3037207091271E-03
-3.68593958707363E-04 -8.35270473494005E-04
1.67882996024469E-03 6.01932268904637E-04
-1.28368239491797E-03 5.70586489727555E-04
1.73992906703558E-03 -8.72470474924974E-04
-3.29000107931883E-04 1.07176815312583E-03
-2.11482478864149E-03 -3.28025199832166E-04
1.72501184862853E-03 1.9885474980246E-04
-9.04606051468803E-04 -1.15987221374757E-03
