4.13091558207408E-05 -6.06258416225462E-05
-1.25175914624734E-05 2.39437232028284E-05
-8.46016481693008E-07 1.79554035029951E-05
-3.61594177634116E-08 -4.96255710310289E-06
-1.05174664504265E-05 5.75248583928438E-06
-1.0095044587431E-05 -1.10136852794366E-05
4.58240846257144E-06 2.23472283943958E-06
2.68088910297768E-06 -1.02421976806031E-05
7.16275491334879E-06 -1.08070966634811E-05
2.34100813031863E-07 3.89262327801659E-05
3.32847044727338E-05 1.30037644714755E-05
-1.17719132272154E-06 -4.69812285505229E-05
-4.8392381615679E-05 8.58033870114353E-06
-1.51617027860408E-04 2.31354603489252E-05
2.12849664858435E-04 1.51860802273782E-04
3.30288538554486E-04 -2.46436133590678E-04
-2.72701378300858E-04 -2.11336777528001E-04
-3.3050208144458E-04 2.92683478488563E-04
1.93180410747987E-03 1.25645262460802E-03
-1.84302756798559E-03 -2.38035385208598E-03
1.87013423177732E-03 -1.29284957242809E-03
5.66600146496069E-03 8.46083652357118E-03
-1.38908861166857E-03 1.78584223976779E-04
-7.39770104577966E-04 -1.48813168538138E-03
7.45471774553283E-04 1.68128094229598E-02
-2.8767725533236E-03 -1.23945814325545E-03
4.22825173264695E-03 -1.40292107576726E-02
7.81113293074793E-03 1.00636916699755E-02
-5.11753560537941E-03 -2.73375398597989E-03
9.3706268167843E-03 4.91466626082062E-04
-2.99300462786639E-03 1.02837357436336E-02
-4.22731302250122E-03 -6.8508554285193E-03
7.92174130595048E-03 -1.25800432260647E-04
-1.9133963508557E-03 1.40938711459264E-03
3.36220805493106E-04 -2.53633815644582E-03
-2.38175046173783E-04 1.23053967582829E-04
-3.46805381666373E-03 -2.32408692463925E-03
-4.15219432475947E-04 5.52908171074243E-03
6.47190819381079E-04 1.24213852699436E-03
3.02617383113894E-03 -2.95933358531368E-03
3.34474623593943E-03 -5.7981510826947E-03
-1.12917392881874E-03 8.82774041375778E-03
-5.47112507094892E-03 1.66211090517428E-03
4.1538660958621E-03 3.71461525524728E-04
-2.15836173036279E-03 9.96599028998702E-03
-6.18597075530187E-03 -1.06878940709537E-02
9.52216573276904E-03 -1.13903865569037E-03
-4.24342178149953E-03 6.82201937439377E-03
-5.24278232776627E-04 -7.23595615030523E-04
-9.84670431368806E-03 8.62724311636581E-03
-7.42631998841363E-03 -1.21073343242995E-02
1.30828177316916E-02 5.06700506240922E-03
-8.38321964845165E-03 8.43838376892233E-03
4.91141122042118E-03 -8.87691049495111E-03
-3.28000314287839E-03 3.05673211060841E-03
-5.67626460473413E-03 -8.2083633998983E-03
-3.91458407798241E-03 -7.08473396523098E-04
-4.02589316143439E-04 8.86959855795601E-03
2.46894128228075E-03 2.80266024941029E-03
7.91112058047739E-04 -3.4245435557168E-03
-4.83700650393655E-03 -5.73318071151475E-03
-6.38683901540952E-03 -9.05130915587406E-03
2.49322858114115E-03 3.9217988885184E-03
-2.50956537838803E-03 1.13808138782569E-02
2.18608038681793E-03 -1.43935835018222E-03
4.51493590440908E-03 5.43884878212152E-03
-8.06673052869445E-03 -4.02835586275185E-03
8.59330132745769E-03 -7.28786938486636E-03
-7.90778272149378E-03 7.3305625896827E-03
-2.27997795702694E-04 -1.03902524611872E-02
4.3803989605308E-03 9.36723494966647E-03
-8.02338334357867E-03 -4.21467924072661E-03
1.09462806499257E-02 6.24173007624488E-04
-5.7653586409961E-03 -6.22836608321598E-04
3.47928398732581E-03 -8.32747193395208E-03
-4.17120209226754E-03 8.04963704477093E-03
-6.31329459370054E-03 -5.77438616070222E-03
8.04488052637081E-03 1.66743014659371E-03
-1.95126833319611E-05 -2.77533072261499E-03
7.0136670891073E-03 -2.35382971854478E-03
1.47596330401689E-03 5.46529577797111E-03
-5.45131892355854E-03 -6.22912660267963E-04
-5.70541693190731E-04 2.05616152756819E-04
-1.04254127790463E-03 -8.00271569705627E-04
3.16450277233525E-03 -4.22816880056964E-03
5.43667810021794E-03 6.90008119404401E-04
-4.31390273391971E-03 -8.05531466217727E-04
-7.01201821498149E-04 -1.88417551097231E-03
-2.02335263532556E-03 -8.24299213650677E-04
1.76656167514634E-03 1.42099135063133E-03
-8.64977558823287E-04 2.17301401063848E-04
1.71993964402456E-03 2.06486880042856E-03
-2.6220444646566E-04 -1.31294479293918E-03
-5.99278144315012E-04 -1.64447227802781E-03
-6.91668397960818E-04 1.44140679333926E-03
-3.28482462399055E-05 9.02543207543003E-04
6.82752651950952E-04 1.95791832010053E-03
1.49250780564048E-03 1.27750049567221E-04
-1.34410293280178E-03 -3.96977088033458E-03
1.82050569059862E-03 -1.33160425758884E-03
-1.06160524011687E-04 -1.44190510160328E-03
4.47379566612103E-03 4.54896043636328E-04
-2.72344483141527E-03 3.65142032051462E-03
-6.05718977426587E-04 -3.37874339238858E-03
9.04683163548214E-04 8.43084557206267E-04
1.48570614117494E-03 -7.10244567138041E-03
3.90248481859748E-03 5.44530516255422E-03
-4.73569857466372E-03 -2.97775645018022E-04
2.11886442995327E-03 1.2671392462512E-03
-8.10961711582526E-05 -1.75231326208977E-03
-7.82357612222678E-04 -2.60823022588893E-04
1.43722339434729E-03 2.86867807901922E-03
1.96234765110404E-04 1.76109640728567E-03
-3.03329440634237E-03 -1.6185152904811E-03
3.0578928855045E-03 7.9091881010013E-04
-3.55507550534972E-04 -1.88996082724558E-03
3.0862820919935E-03 1.01513688251042E-03
-2.8312306882679E-03 3.56677699477642E-03
-1.97726379036987E-03 -4.04689864574413E-03
-1.2050194075313E-04 1.35939394118404E-03
-2.57368553672056E-03 -2.98325434156707E-03
3.87303671631357E-03 1.02851254651119E-03
-1.18336643018021E-03 1.04410994059195E-03
-3.53711081627676E-04 -1.3373870263533E-03
3.57810770493753E-04 3.90784429718242E-03
-5.93525410762569E-03 -3.76538360288756E-03
3.74591351317451E-03 5.9419765957624E-05
-2.1972156242336E-03 1.03601214076345E-03
2.60819176992779E-03 8.83515839581138E-04
3.88656789967714E-04 1.32384927532674E-03
-5.21846160040072E-04 -2.16029545473786E-03
-4.99018743827206E-04 -3.9991726329292E-03
2.43916219264195E-03 -7.57066369143411E-05
-1.05361805698016E-03 4.9640483818416E-03
-3.1559084798978E-04 -5.23412640551074E-03
8.46206317399227E-04 3.68084073975525E-03
-4.77073725734452E-03 -5.09404329549696E-03
6.30823047375379E-03 -9.70894579956549E-05
-5.53098870491355E-03 3.21226406326106E-03
3.84933423063058E-03 -1.7639274892869E-03
-1.85452781857114E-04 4.79065956307448E-03
-1.66870307264463E-03 -3.81817953144043E-03
4.33875190673083E-03 7.28974920465561E-04
-3.10283423438507E-03 -1.34316826366257E-03
1.6341100429099E-03 1.45627184656054E-03
-1.92256725470617E-03 1.01617711692009E-04
3.05771345656075E-03 9.55508861804156E-04
-6.78134724910777E-04 7.5987524234333E-04
-1.72998103016792E-03 -3.66632231412969E-03
2.06702378670453E-04 4.07540657694388E-03
-4.03846985366515E-03 -1.4570997791681E-03
3.96576879285797E-03 -6.68810104285772E-04
-7.51846385909614E-04 1.30611229568911E-03
-1.43087011417178E-03 -1.53281551292047E-03
2.58329509404791E-04 3.17095362809798E-03
7.82208250511843E-04 -2.15889225043744E-03
-8.96404219259445E-04 2.33729854371751E-03
-2.28868259247592E-03 -4.5654982496046E-03
3.32950948645637E-03 -8.4122346105493E-04
-6.64735056040178E-05 7.26073685751782E-04
2.50288738591511E-03 7.39304523819537E-04
-2.64809457109372E-03 2.96647598682402E-03
-1.54436416929945E-03 -4.55905058000774E-03
1.36674344442513E-03 1.0487323535139E-03
-1.86489739475587E-03 -1.68675785742524E-03
4.39339122617355E-03 1.77756030229871E-03
-6.54690838949088E-03 1.95340489595616E-03
-8.47992034162749E-04 -1.87373239956209E-03
1.8219298479997E-03 2.80763745917153E-03
-5.19792326425142E-04 -1.86932924814828E-03
6.16550030773095E-04 -7.02168135319459E-04
-2.11414981564459E-03 3.24051538300069E-03
-1.34851212845301E-03 -1.32641518575753E-03
1.77380166779841E-03 9.67574376767584E-04
-5.73767803626277E-04 -5.61239090622642E-04
1.55643456916402E-03 7.92196807573216E-04
-2.33987903151609E-03 -1.01052252060697E-03
6.12353771835367E-06 -9.42184198589057E-04
9.07129068883315E-04 2.05543915747263E-03
9.4177680233845E-04 6.46924492063936E-05
-7.073695065466E-04 -6.51652978480587E-04
5.72269728653365E-04 2.78151535854374E-04
-6.61514331222736E-04 1.62597586731864E-03
-1.00555797511943E-03 -9.57110210321296E-04
1.11337989473098E-03 6.4687826767406E-04
-1.70010169976857E-03 4.49894469935556E-04
6.9802652578233E-04 -7.94656761590859E-04
1.17125792657595E-03 1.30052581622206E-03
-6.45129791743316E-04 -7.50708821588748E-04
6.84684532507023E-04 -1.73840269960408E-03
-7.64211668644673E-04 1.42819056050181E-03
2.0270791660212E-03 -8.94009753974629E-04
2.34735732072562E-04 1.82710395185777E-03
-1.6639109037018E-03 -2.05569834977057E-03
1.05518696907529E-03 -1.43285796583157E-03
-5.31934808749169E-04 1.70588227690186E-03
1.85998841018953E-03 2.36343968265729E-04
-1.52722511570368E-04 -5.51760225152363E-04
-1.21222112237854E-03 4.04976421455133E-04
-6.41639539061398E-04 4.40974422768146E-04
-1.30220004981855E-04 -1.33578802925366E-03
