4.28104840573575E-05 -6.29474877251041E-05
-1.03230508977547E-05 2.59718613022511E-05
1.72075134175892E-06 1.67196306175764E-05
2.66664603631051E-06 -1.97755598031867E-06
-1.15287548457594E-05 2.74861949611256E-06
-1.29435244430768E-05 -1.45071463328695E-05
4.9104643561288E-06 -2.03948680076197E-06
1.85290536721869E-06 -9.19348261914331E-06
1.09396531003945E-05 -1.2043178458455E-05
-1.05060272216118E-06 3.76666727840048E-05
3.56379625853266E-05 1.68078350682404E-05
4.83729730101736E-06 -4.93679233523355E-05
-5.97049278192361E-05 1.00609500779276E-06
-1.22959125325436E-04 3.76289650754453E-05
1.76685716090288E-04 1.82950962263299E-04
2.82460094054355E-04 -3.98511381648876E-04
-2.02673391626768E-04 -1.13105859982416E-06
-1.35379511825593E-04 1.91580744607166E-04
2.06065010171273E-03 1.47232281564035E-03
-3.26930460504804E-03 -3.64150285685861E-03
1.83429785439749E-03 2.9632235841009E-04
6.90792384818562E-03 7.84768667925477E-03
-1.18817470718425E-03 -4.02592729074205E-03
-1.23657981680355E-03 4.28694425914618E-03
3.43045466600124E-03 1.25921659915896E-02
-7.4551186946677E-03 -4.81816880576368E-03
8.13268673372059E-03 -5.18826763023411E-03
1.00886094786749E-02 0.012246378730537
-1.20978400569391E-02 -9.09987281954602E-03
6.31166062583482E-03 7.52284115045223E-03
-3.31889907746956E-03 7.48150996976826E-03
-2.33510645699564E-03 -1.11003255085445E-02
8.22196030440635E-03 5.23179624582891E-03
-4.76258344143694E-03 2.57750258825372E-03
9.53652623752447E-03 -3.38596443767795E-03
-6.74786151102538E-03 6.61709462935285E-03
-3.58723722790862E-03 -9.82104841784211E-03
4.12065822097454E-03 1.04005452841234E-02
-5.14543237676641E-03 9.94134706021895E-04
4.37783688854271E-03 -3.02844125194328E-03
5.5311993986822E-03 -5.64464616382961E-03
6.96039840900777E-04 2.41435959466817E-03
-3.12718595011739E-03 3.39352327879072E-03
4.40398416562222E-03 2.89743612540796E-03
-3.57189239708649E-03 4.07441299632982E-03
-3.07510284737491E-03 -8.44691042543471E-03
7.85958135068729E-03 -4.16454438809511E-04
-4.30781106367932E-03 2.98271984065124E-03
3.17565840549369E-04 -5.59121255169038E-03
-5.36981850259019E-03 1.02934080676767E-02
-6.35704399097062E-03 -1.26601958507402E-02
1.50741108568844E-02 7.84092108835192E-04
-7.96886446945723E-03 8.45692081242937E-03
5.75682905113122E-03 -8.95242572298378E-03
4.58094183649922E-04 3.17749074537636E-03
-5.92698766890303E-03 -1.33486732369702E-02
2.12717553525767E-03 4.36223712543653E-04
-1.31574592272219E-03 1.14006226002553E-02
7.18148423924788E-03 2.5090610075038E-03
6.41687411335921E-04 -3.8406422954884E-03
-5.82398813577872E-03 -7.66057995418458E-03
-1.98609351060083E-03 -7.52687655315299E-03
-7.41447137170282E-04 6.88271581210191E-03
-4.2764274686088E-03 6.63668476370691E-03
4.89020432290401E-03 3.26432648095357E-03
3.00734064001523E-03 5.3367235602976E-03
-7.54698462811525E-03 -3.93216915436812E-03
6.3418105903795E-03 -6.10548654491543E-03
-5.06769652652384E-03 3.96304206903798E-03
-3.06361826165762E-03 -2.52504831319266E-03
3.2608502963601E-03 7.65748070763958E-03
-4.63755371610621E-03 -4.07466479875461E-03
9.17370727815658E-03 -1.8369244033016E-03
-3.61982443929011E-03 4.23770182552428E-04
3.4134746918559E-03 -5.86888750455005E-03
-2.46345807124719E-03 1.08756876070281E-02
-5.90281518512279E-03 -7.76220741871935E-03
9.4038296430608E-03 7.02698982964635E-03
-3.00067633684707E-03 -1.71175559426936E-03
8.95400586408448E-03 -6.75538441982904E-03
-2.35659938580713E-03 1.27983496583535E-02
-8.83939565015091E-03 -4.39699071377616E-03
5.84035653317454E-03 3.77466922194628E-03
-6.09278444736902E-03 -3.3105354580744E-04
4.60441696220702E-03 -5.00129299735841E-03
-2.48260640524592E-04 8.70160999187025E-03
-4.97697317109806E-03 -6.41752879870856E-03
2.5356019861591E-03 -1.24108059363159E-03
-2.81583196535268E-03 8.34450651922583E-06
5.39805982855665E-03 -8.74414916384576E-04
6.21194352127909E-04 1.18256190722305E-03
4.77578249851471E-04 -7.89253071872858E-05
2.60076312465392E-04 -5.09569431862107E-04
1.45577862881083E-03 -3.7375541754382E-03
-2.9861362691544E-04 3.25743228801131E-03
3.4217458964119E-04 -5.99672374649993E-04
2.48496388946214E-03 4.42179515205458E-03
-4.52547627464285E-03 -1.18515844366951E-03
1.20463152570157E-03 -3.89183864774057E-03
-5.63077861822322E-04 3.18938904599786E-03
2.32813489568651E-03 -3.73401252169524E-03
2.44972405677167E-03 5.0217890803052E-03
-4.49878709187264E-03 1.16117805630854E-03
2.06848765317298E-03 -9.57863833613568E-04
-1.8500034128026E-03 1.41208256282027E-03
1.38874783832023E-03 -5.34036610823201E-03
3.00268202151551E-03 4.16415160431914E-03
-4.70144249632164E-03 -1.08439066296288E-03
2.77096963648421E-03 -1.88974512791646E-03
-1.01935150136537E-03 -1.51243609979322E-03
5.8182332601307E-03 -3.34379542532505E-03
-9.25111194535446E-04 5.85946553241842E-03
-1.01781403275501E-03 -2.36280233017515E-03
1.67637619347052E-03 1.63233049159261E-03
-1.60738290884916E-03 -4.20244118280699E-03
3.72741493880111E-03 -1.60227197142013E-04
-9.96461008779418E-04 1.76274477908007E-03
7.37597231594741E-04 1.36516049947331E-03
-3.21604176521459E-03 -6.55987399224995E-04
-4.22820512147275E-04 -4.82664802573965E-06
1.19044435817115E-03 2.48977796689308E-03
-5.16601305807256E-04 2.32344465117309E-03
-4.27131768443261E-03 -5.44347155662938E-04
5.04932401682145E-03 -1.42668604977682E-03
-8.09522080633518E-04 1.30877547947339E-03
-1.05976213902065E-03 -4.80190371929217E-03
5.16439570360119E-03 3.86176879884436E-03
-5.56639650314291E-03 1.33365231172209E-03
1.76049595784718E-03 -1.43408931593924E-03
1.25090487247301E-04 1.26472028457171E-04
-1.33180328871845E-03 -2.68342763144322E-03
3.46258733464691E-03 -3.47125502527391E-03
-1.39677613177975E-03 2.49972376408796E-03
-3.17246924025682E-04 3.17061340144205E-03
-1.9094604383061E-03 -4.16939869981007E-04
-1.36235426471952E-03 -3.35961298279538E-04
-2.16917516152464E-03 -3.1894623139647E-03
3.49492420514063E-03 -2.79426665655165E-04
-1.67032419519262E-03 3.40193735634963E-03
-2.58756236348355E-03 -3.73799684340409E-03
2.29433075256588E-03 2.54255124903555E-03
-6.87813146707728E-04 -3.95682616771767E-03
5.4712870975501E-03 2.45158468759636E-03
-5.47891392210876E-03 -6.68478682674726E-04
1.60287617005972E-03 -2.4207828234289E-03
-2.99769820282943E-03 8.08146587348182E-04
2.37798930169105E-03 -2.09428186581682E-03
1.29526183447698E-03 3.70243727919526E-03
-4.40381693267023E-04 -2.3528800178743E-04
7.74841018522905E-05 3.17769859120935E-03
-5.33832454820951E-03 -2.30244986465801E-03
4.29748704264191E-03 -2.84662069704287E-03
-2.0148030581432E-04 2.06593315380134E-03
-6.29518103321081E-05 -2.88999580124477E-03
1.89256489724017E-03 3.5105245480838E-03
-2.59138287051533E-03 -2.37576523052288E-04
2.79930774494924E-03 -2.55992893097252E-03
7.93743171779415E-05 2.53445252472979E-03
-5.19147389457392E-04 -4.3513599494455E-03
2.5973369338906E-03 1.69758992075458E-03
-8.7133992458676E-04 1.84939086583917E-03
-2.434893698198E-04 -1.92223407322011E-03
1.99807257253926E-03 -4.18157362565276E-04
4.41281119111849E-04 3.15636985121738E-03
-7.08926687835053E-04 -1.68995290032287E-03
1.5338123879575E-03 1.30568390038896E-03
-3.89817325698592E-03 1.19838388744633E-03
1.43903266786646E-03 -1.10724687650412E-03
1.03700789151234E-03 0.003445656578226
-7.83039699586106E-04 -5.79177542014755E-04
-7.12272450683473E-04 1.59922607001379E-03
-2.46543869142278E-03 -1.48957737428272E-03
1.07071901255982E-04 -1.12354005769168E-03
1.57995866542589E-03 1.90092803354258E-03
-2.41066492537073E-04 -4.73503752805544E-04
-8.87540163264064E-04 8.20062307720752E-04
-3.09907501090636E-03 -1.65536216487715E-03
1.71167968400961E-03 -9.69786114980473E-04
9.98966205699804E-04 1.76601357448736E-03
5.89821086546036E-04 -2.09068682197387E-04
-3.30386001497543E-04 -1.61983062826202E-04
-1.84571991092021E-03 5.48001469241426E-04
1.93193714167033E-04 -3.87749181716515E-04
-5.75546207147026E-04 3.21740342239239E-04
2.90345247680062E-04 6.19618242033825E-04
-2.99132673877306E-04 -1.79867467520762E-04
-2.06227066805854E-03 3.22046023974427E-04
-5.54066983312793E-04 1.28720167681642E-03
1.66391661344758E-03 -1.83428081067228E-03
1.28363251922177E-03 -1.07657909195884E-03
-1.31105227831688E-03 -9.01772661341705E-04
-3.05602201630896E-04 1.45444889277797E-03
1.78825886122333E-04 -0.001329341939776
-1.27755113364181E-03 6.44402357301493E-04
1.06992240550679E-03 -1.80800248378895E-03
-1.14352217781239E-03 1.55116816146977E-03
-1.46878450509988E-03 -3.1643264579192E-04
6.69143831804068E-04 -1.27246693084699E-04
-3.46847386065601E-04 -1.01729180352456E-03
2.77376420862362E-04 -6.00305173724276E-04
4.3764668625996E-04 2.46967422564802E-03
