4.03077960248963E-05 -6.46943610697181E-05
-7.90625298785153E-06 2.35266681829313E-05
2.11069478577396E-06 1.90227281586709E-05
3.66571604994957E-07 -3.87440415317597E-06
-1.02339717872204E-05 2.81521541242947E-06
-1.05241005439573E-05 -4.67637542817488E-06
2.77582035170046E-06 7.55424585677575E-08
-1.35949439473667E-06 -1.04492720260387E-05
1.15405042909972E-05 -8.7458853130649E-06
-2.55352412121835E-06 3.9004044291703E-05
3.02339829829748E-05 9.77439157622562E-06
3.2695963871562E-06 -5.74711527075007E-05
-5.99112739291934E-05 -4.3832568795284E-06
-9.34761160137298E-05 5.32493104132094E-05
1.09714930109796E-04 1.87605311828602E-04
2.87461846466452E-04 -4.62074876290613E-04
-4.86509989451389E-04 1.4669900141096E-04
4.39828862045161E-04 -9.40691242282347E-05
1.34348511153602E-03 1.52284319695021E-03
-4.81601387960811E-03 -4.13375735056036E-03
2.89524102975235E-03 0.001252786839212
6.90225361988792E-03 3.46323621311663E-03
-1.97795232479028E-03 -3.35176892925482E-03
1.34858136312525E-03 8.53715443045325E-03
1.21543488744375E-03 4.39799962697302E-03
-6.97222987937009E-03 1.16707281719372E-03
1.19809480761562E-02 1.68493055334558E-03
5.85301269465914E-03 2.68066313958207E-03
-1.13029538129068E-02 -5.89847216670574E-04
5.72880667984118E-03 5.76207934638009E-03
-5.13264294355842E-03 6.94869645459201E-04
-2.37377312716709E-03 -9.26444321706467E-03
7.29310010112549E-03 7.01823708282643E-03
-1.91705383752186E-03 3.92419191699246E-04
7.51238346059549E-03 -2.37583298663202E-03
-8.22059797830025E-03 7.57015806333883E-03
-5.77423437504197E-03 -1.01620746880992E-02
6.33300361340597E-03 9.88250426929361E-03
-5.82759531747488E-03 2.5804069053327E-03
4.89346021364312E-03 -6.30619670682297E-03
4.56898926264922E-03 -1.47515117413752E-03
1.62434925693109E-03 2.2192255904641E-03
1.33639469557501E-03 3.04000283915861E-03
7.22695597929471E-04 3.21834512380617E-03
-1.08843509970732E-03 1.70463270370627E-03
1.39773319221085E-03 -3.05502371668797E-03
6.31866359032156E-03 9.60381307120153E-04
-4.65016528587661E-03 -1.1325430252173E-03
7.56417081738164E-03 -6.44606943734328E-03
-2.42576128932894E-03 1.09941879973142E-02
-2.90818061495706E-03 -9.14881009114704E-03
1.38700434488799E-02 2.84607730308563E-03
-3.90766316610587E-03 1.13893855748232E-02
2.69051024341679E-03 -9.09185619433558E-03
-2.23071755880613E-04 0.003725709291383
-6.03700276869974E-03 -9.21035927928522E-03
7.13100956828743E-03 2.44298713848988E-03
-3.03493741129235E-03 0.013217893079892
8.45993933589776E-03 4.03772806660032E-03
-1.03702412763714E-03 -6.46668018692069E-04
-2.72193485298296E-03 -8.18009200898143E-03
-9.89803356466602E-04 -2.94956713145827E-03
-3.85815288185925E-03 5.66661092239715E-03
-4.82476727410944E-03 2.03842183883145E-03
7.68357035239591E-03 5.16793767854806E-03
8.71991994652418E-04 3.57210900437691E-03
-3.50050017177024E-03 -6.5010113455427E-03
3.85027952396569E-03 -4.39562099837243E-03
-4.16746359798808E-03 1.83622137648377E-03
-6.37705656311261E-03 -1.71731210944479E-06
-1.27394201442951E-03 3.90404116277645E-03
1.95961523930829E-03 -1.51782220875396E-03
6.34153885457772E-03 -2.32146292152462E-03
9.17914149459782E-04 1.2545850326327E-03
-1.88565080088583E-03 -1.81310112450937E-03
-4.34114342901361E-03 7.28925523046443E-03
-3.9749352313069E-03 -5.49146933819068E-03
8.19086628167076E-03 3.95691605952584E-03
-3.90137092152718E-03 2.06012558827133E-04
0.011039410139357 -7.78552437684895E-03
-7.32776008938733E-03 1.13029060605406E-02
-0.010423637220423 -1.17873475975803E-02
9.22677070286788E-03 3.84152741884616E-03
-7.31171564402704E-03 2.30596690726475E-03
5.21987952191566E-03 -9.53039695129264E-03
-1.7946915153673E-03 9.60140780265881E-03
-6.64574141112423E-03 -1.00150668169862E-02
3.22885000540099E-03 3.09527617282798E-04
-7.87907343630456E-03 2.55988372809845E-03
6.5714150070571E-03 -2.84792275252425E-03
1.70344102076196E-03 6.55897051311379E-03
-9.05767191654454E-04 -3.31347975157812E-03
8.912046079198E-04 1.73058619606285E-03
-1.09141282418894E-03 -2.2902752653244E-03
2.10138149465846E-03 1.93261205040377E-03
-3.02504162462019E-03 1.06093485949804E-03
4.56206571957788E-03 1.98860594455232E-03
-0.004372151311158 -1.23377171212904E-03
2.06857323864751E-03 -7.41935979932725E-03
-1.72243776689301E-04 3.89211611037023E-03
-9.87544766193258E-04 -3.76663085560892E-03
2.22609109898842E-03 2.13940359550802E-03
-5.36085073074756E-03 -1.22505588297474E-03
6.87655491821735E-03 -3.24343092962945E-03
-2.10185720925231E-03 -1.25018086273896E-04
5.99564485471917E-04 -2.75260526038123E-03
-8.48049748997394E-04 3.9596090187383E-03
-3.91659935314155E-03 -7.52269899345024E-04
6.53443993266661E-03 -3.34319796887885E-04
-3.12963742933201E-03 1.30977065840145E-03
5.85722761455287E-03 -1.75304138709852E-03
8.01524772720156E-04 6.70428766138298E-03
-4.7226435490025E-03 -5.54327421710922E-03
3.07272231468189E-03 3.13497359075812E-03
-2.54042221465715E-03 -2.46672738572276E-03
4.86704100222635E-03 6.02181327780959E-04
-5.96110460548244E-03 2.12410705589932E-03
4.38150839442685E-04 -4.60293086703205E-03
-9.60040002993449E-05 9.79258059255073E-04
-1.17672732887187E-03 -2.60328165663443E-03
4.58907387230478E-03 4.65668094436347E-03
-3.35827978137181E-03 2.5075269911057E-03
-1.9090990525455E-03 -3.26386400360764E-03
4.43040306805778E-04 -1.71392725339904E-03
-7.58826929066315E-04 -1.69532731183963E-03
1.98602543750309E-03 -1.34981411464443E-03
1.46555732696638E-03 5.01124956766926E-03
-4.50146336180001E-03 -6.29313265137795E-04
1.92355635765104E-03 2.7100790469406E-04
6.01417216241633E-04 -2.27229967556245E-04
-2.10690860386281E-04 -4.34885292296936E-03
3.52788318658621E-03 9.23665478377239E-04
-3.22305016852871E-03 2.46212094653378E-03
9.62608913315374E-04 -3.70458438625745E-04
2.08790672244538E-03 1.17549689697729E-03
2.09199361663706E-04 -1.13765859106369E-03
-3.26146683096408E-04 1.34494019222173E-04
2.3760270940284E-04 -5.11887585909165E-05
3.58205051909674E-04 2.65024614497058E-03
-0.003107213763548 -3.83059312317521E-04
4.6379897660958E-03 -1.5819141297818E-03
-7.55300015666537E-04 -1.63046958297448E-03
3.63986793614189E-04 1.85221973863021E-03
3.51519966321619E-04 1.68152586428733E-03
-2.75742186785694E-03 -2.19341608593728E-03
2.01013712517211E-05 5.39538476271044E-04
3.7318551740158E-04 -4.94605468037789E-04
1.20226166005742E-03 1.79533134320675E-03
-8.07770697114216E-04 -1.91515116729966E-03
1.4994925589479E-04 3.95613591257872E-03
-3.24518021487403E-03 -2.28241013105813E-03
3.25378599067733E-03 -1.26414315343759E-04
-2.45857381567181E-03 3.27901825150982E-03
5.5602151857906E-04 -5.99138436261697E-03
2.8091500782793E-03 3.26560747031671E-03
-3.96244205622808E-03 -1.02342109694245E-03
3.40888194120583E-03 -1.67867545005484E-03
7.82268340133299E-04 3.18318129591992E-03
-2.02112769393352E-03 -1.60238748985539E-03
1.11575937688323E-03 -5.29544423294258E-04
-2.7471938204411E-03 1.19979721835786E-03
1.16037169655762E-03 -4.30119966966231E-03
2.86559554995362E-03 3.24864415416376E-03
-2.60057133000621E-03 -1.12407697913758E-03
6.61525754584863E-04 -9.55032151214134E-04
-1.38782585849277E-04 4.2358334764807E-04
1.23733324655997E-04 -4.19279252098358E-03
2.0870080278779E-03 3.23064007579381E-03
-1.55012176849978E-03 8.57020995432886E-05
9.45102105194474E-04 4.58574535755882E-05
8.8898174640531E-04 1.1455147405751E-03
-9.79072455570478E-04 -2.55272833490517E-03
9.47569960462827E-04 -7.21387200253351E-04
-2.58633354002398E-04 2.10231634961707E-03
2.81589402617271E-04 1.2226627452334E-03
-1.36396150560669E-03 1.59210577743649E-03
5.9701632860788E-04 -4.19905265747109E-03
1.71986447512406E-03 2.50402384862214E-03
-2.57129677028105E-03 -2.99343717299716E-04
3.4495194638152E-04 1.36299260520102E-04
6.04630011694677E-04 1.12875794465617E-03
-1.53896566067595E-03 -2.45717626328366E-03
2.09729643728624E-03 -1.52320194642699E-04
6.55148448814923E-04 1.79540793928458E-05
-1.32819094775245E-03 -9.46465325538707E-04
-1.17088827157264E-03 -1.91101107358384E-04
2.21442032128086E-04 -7.21617848106958E-04
6.72804983233457E-04 2.36185612958489E-03
1.45344246069479E-03 2.02920814179094E-04
-8.20609501197968E-04 -2.59741095140651E-04
-2.56460872498053E-03 -2.00507353387866E-03
6.3867288978681E-04 -1.36127693465708E-03
-8.39095069660191E-04 2.75630145688571E-03
4.455752521005E-04 1.58970839588671E-04
7.06716610212877E-04 1.62692528236798E-03
-1.96376374454262E-03 -1.41400818342244E-03
2.55865963939193E-04 -4.99378458891046E-04
1.34825925058061E-03 -7.25013863032722E-04
5.07613475181687E-04 7.25798292182497E-04
-5.62872270841655E-04 -1.45341315583001E-03
9.47279302065433E-04 1.27860842197661E-03
