4.09022451869489E-05 -6.22818188382667E-05
-1.05323851006427E-05 2.69690832017461E-05
-2.60023240944703E-06 1.93091990141156E-05
-1.37939243829874E-06 -6.93518612443157E-06
-1.12149318323159E-05 -3.01846859962E-06
-3.21565624861548E-06 -8.805160990586E-06
3.13384523910146E-06 -2.63054229823557E-06
2.31141573496593E-07 -1.10146584878251E-05
1.36639752406759E-05 -6.18649550264668E-06
-3.41988207777136E-06 4.09711822502321E-05
4.45699065434547E-05 8.33511928172533E-06
-7.08850635338791E-06 -5.96198757424173E-05
-5.69773797766234E-05 -4.0385395560607E-06
-7.68255993457262E-05 7.33844823070563E-05
7.20540237041221E-05 1.18587237185837E-04
2.61117311026797E-04 -3.69246201305948E-04
-7.62659174141424E-04 -7.51226041457065E-05
9.13976809232445E-04 -1.56320678204003E-04
9.81027495112232E-05 9.85094741498118E-04
-4.88737628387534E-03 -3.91420120149833E-03
3.30302273406245E-03 1.08896222488601E-03
6.23098187102705E-03 -1.09234253922046E-03
1.12941424105217E-05 2.21269201669037E-04
3.03477423762135E-03 6.43847489767232E-03
-4.83443769749073E-03 2.50255213108176E-03
5.02369047156785E-04 6.59825455407094E-03
9.2383280511345E-03 -7.44268424687865E-04
1.69336291575879E-03 -3.43592005613968E-03
-3.7055004250211E-03 9.57351314149907E-03
3.63339217126467E-03 -4.75883616520825E-03
-4.94643062088293E-03 1.37244373117628E-03
-2.81762667649139E-03 -7.74695623551575E-03
6.78618674863111E-03 4.35283601764075E-03
-3.83468508903182E-03 1.38861661088034E-03
7.11484702279505E-03 -4.15262453668167E-03
-2.02791788640093E-03 1.23484786676692E-02
-0.012031252344982 -1.13233863533772E-02
8.27230924811334E-03 6.48255442923697E-03
-0.004265682614291 5.46530842340363E-03
2.79710747103738E-03 -9.84888022958853E-03
3.75421302585879E-03 3.21953739328946E-03
-3.61316938001238E-04 -2.85293696165816E-03
3.40570530393366E-04 3.56106936681759E-03
3.31961738732507E-04 5.11724166587083E-03
2.76621596412882E-04 8.3452191266636E-04
2.5726522886617E-03 -1.26030328989113E-03
3.32562645879019E-03 3.92033843578763E-03
3.03715714459299E-04 -1.40809372848196E-03
3.8858018951202E-03 -3.33386826333305E-03
-2.16668220997881E-03 1.08708963107557E-02
-2.25286698908434E-03 -4.03738025686111E-03
1.06091412932935E-02 4.89977291708787E-03
-6.72943585242981E-03 8.11271383680001E-03
2.93192570620786E-03 -5.95283280625643E-03
-2.08335569371598E-03 6.18652205642618E-03
-8.80105533841626E-03 -7.86107530739167E-03
7.67175000742299E-03 5.38335642732574E-03
-6.95129708901264E-03 1.30911636461214E-02
8.92334936710406E-03 2.96425366296719E-03
-4.63774574109514E-04 2.63705478333181E-03
-3.92395331144563E-03 -1.08781729973582E-02
-6.06437446910992E-04 2.56864902042908E-03
-2.37798168481952E-03 5.7246770188213E-03
-2.37878122549628E-03 3.06056555757571E-03
3.70370544714666E-03 2.17371837791494E-03
2.46876795732309E-03 4.07943729604878E-04
2.00737103849719E-03 -3.45631971956811E-03
1.39824675007414E-03 -1.55508313330426E-03
-4.74948629999776E-03 -5.2339750030607E-04
-1.33406431184238E-03 1.03722497495414E-03
-0.005063657525005 3.8806928193371E-03
3.25417991629507E-03 -1.06182167034747E-03
2.50172329567275E-03 -1.9661358916392E-04
2.8469623633311E-03 -2.64995130567834E-03
-1.06497388012932E-03 -2.28332269108988E-03
-3.96880328388634E-03 -3.19499717965954E-04
-2.68978015729766E-03 -1.12547398929577E-03
8.95927295859855E-03 2.18537367813318E-03
-3.73048664483943E-03 3.24016549831179E-03
7.99309932746292E-03 -9.26572995250309E-03
-2.55046911301523E-03 9.09844546118197E-03
-8.41101056573735E-03 -8.35747381218051E-03
7.50039163219467E-03 2.15021660168331E-03
-1.76046532049196E-03 5.5966354380004E-03
6.58449930333128E-03 -4.04701398323659E-03
-7.60081838021865E-04 8.99988641135186E-03
-7.93940647590433E-03 -8.48356425500701E-03
6.87195488801423E-03 -3.4685171317591E-03
-7.10782987606237E-03 4.87925643357438E-03
4.76291055236345E-03 -2.59081467283291E-03
-1.46726790847643E-04 8.14205444817382E-03
-2.78549179867989E-03 -6.3921048064183E-03
4.75539359477459E-03 4.34365360429873E-04
-6.57976988750382E-03 -1.17253480124291E-03
7.6333587805867E-03 1.67609774711347E-03
-7.22196461268301E-03 4.66655823597536E-03
4.26906036339163E-03 -4.71889833502454E-03
9.12910652557815E-04 5.31448087497512E-03
-4.36217449138033E-03 -6.07046115167326E-03
5.91235461369829E-03 4.25525212454968E-03
-6.07029441745719E-03 3.38764772233693E-03
1.97749837684539E-03 -7.97285966720978E-04
-3.53369228281595E-03 3.95674256169793E-03
1.28711197797595E-03 -5.22649565576399E-03
-1.74715451622436E-03 6.31874839818494E-04
-3.99961189313347E-04 -3.22470806068196E-03
-1.14467898727523E-03 1.75391343767703E-03
-4.75928753521376E-03 -3.59228721523387E-03
6.03641738078359E-03 7.16781295969481E-04
-1.66585424789772E-03 9.72881038908463E-05
4.01788217412098E-03 -4.46356230163048E-03
-6.8559689780132E-04 5.44789172174069E-03
-4.59903653274698E-03 -5.49369224491661E-03
4.47271136115212E-03 -1.14625059632266E-03
-3.03610672008276E-03 1.43467546205865E-03
4.81165065168131E-03 2.8313603881203E-03
-5.13265981025917E-03 5.29776060893576E-03
-4.47419668414897E-04 -7.0157717576118E-03
2.73078576793641E-03 2.95381653421277E-03
-3.27558433168354E-03 -2.87278026311397E-03
7.00228075521322E-03 2.2065646683069E-03
-4.82759420431397E-03 3.58481043742278E-03
1.76303699689001E-03 -2.04453437166703E-03
2.95091561170728E-03 -3.25459989562468E-03
2.70296876091382E-03 -1.89232847323327E-03
1.01038945386883E-03 2.34267680724004E-03
-2.10404210120316E-03 8.34172335348212E-04
-5.66030385611284E-04 -8.54265003761383E-04
4.89267132910633E-04 -5.02923909004492E-04
7.52095476911466E-04 9.81090856254652E-04
1.74139433405001E-03 -1.58452849255015E-03
-2.40458150632036E-04 1.39103628343267E-03
-1.59045017028311E-03 1.76835966713566E-03
-2.35585223303206E-03 -3.86369476385721E-04
3.30606235802316E-03 -6.27260105037415E-07
1.17712612777251E-03 -1.25159569851379E-03
-1.28301496021361E-04 1.03952816152499E-03
-9.84936797964108E-04 -4.61050711236652E-04
-9.43598274091144E-04 -1.40539237796835E-03
-3.32106784506711E-03 -2.1773197157787E-03
3.65934574855896E-03 -8.78154532871594E-04
2.67729510848858E-03 -1.27866384136829E-03
-1.0001470377182E-03 -8.56273339330411E-04
2.01298097868411E-03 1.91029951423054E-03
-5.17938555435827E-03 -2.44599572850695E-03
4.48186171240033E-03 -1.87094893482455E-03
8.4282902294569E-04 4.1585529997759E-03
-2.81634673518942E-03 -1.37334230860389E-04
3.21414072216372E-03 4.98399023229182E-04
-0.003268642294239 5.24963663437033E-04
2.39047509197298E-03 -5.11527918916746E-03
2.19845349021435E-03 4.04351596071524E-03
-3.89006952747511E-03 1.55940430383234E-03
2.44765039365395E-03 -4.21121810176538E-03
-2.92986034813795E-04 2.78693956925294E-03
-2.70820346992424E-03 -3.62145698302135E-03
3.57622324427159E-03 1.2169806436757E-03
-2.04671349635273E-03 3.48918193136123E-03
-1.39743458908883E-03 -1.98914059053088E-03
-1.31745391556289E-03 1.60015578757056E-03
2.66117591148185E-04 -5.9294581089485E-04
1.31940126739565E-03 -4.90309601958475E-04
1.87879503796424E-03 -6.14067711856909E-04
-1.27570365837857E-03 -6.98815618741768E-04
-1.98359291890032E-04 -2.09418046898252E-03
-9.27364875376494E-04 2.01645165827947E-03
6.64432104490971E-04 -3.83291858108511E-03
2.41684217280847E-03 1.13689182224287E-03
-1.4281025937722E-03 -4.3588458114361E-04
-4.1537161864973E-04 -5.98811994916909E-04
-8.66161483824274E-04 1.73255035382982E-03
3.85571473117779E-04 -2.29053603489999E-03
2.4711957362352E-03 3.79195074804015E-04
-1.91865488055978E-03 2.2418469390548E-03
1.60192005978677E-03 -2.40663342572582E-03
-5.1781141085034E-04 2.2832997606969E-03
-1.27515460156111E-05 -2.22486241314286E-03
1.05327240098838E-03 2.12533238574433E-03
-3.35421443374962E-03 -3.40998053625785E-04
1.98871658233031E-03 -2.12372905436346E-03
-2.46869389929692E-03 2.84037869469958E-03
1.65200625882109E-03 -3.24291519253468E-03
2.78332871232258E-03 2.89333113745594E-03
-3.90603336183061E-03 -6.71763120125561E-04
2.63524145083378E-03 -2.29409278919572E-03
-2.18707710708585E-03 1.24259860839157E-03
1.46534197112478E-03 -1.6430824787704E-03
1.32253448944227E-03 3.24175212596363E-03
-1.16047207037041E-03 4.69675892057324E-04
2.43770177128828E-03 2.29313767998681E-05
-3.08874807264529E-03 -4.66292547998231E-04
1.1231840773087E-03 2.68087986816875E-04
1.58390116480158E-04 3.57123783018654E-03
-1.22326572759051E-03 -2.96871863652074E-03
1.87084772572658E-03 2.02034969819681E-03
-2.10776571249077E-03 -7.76707735410384E-04
1.20505226940265E-03 -1.62196408859137E-03
-7.74652337517554E-04 2.61119336178034E-03
-1.60970817085974E-03 -1.74614898682292E-03
1.81088629664889E-03 1.87753658973233E-03
-1.15894492200953E-03 -1.61039229699623E-03
