2.9731756876135E-05 -4.62650938130577E-05
-5.58988929763011E-06 1.8464828059164E-05
1.2022562469972E-06 1.45593611543758E-05
-1.76117553150775E-06 -1.43460026574428E-08
-5.82698793754679E-06 2.8209345510776E-07
-8.29952844668916E-06 -6.88445681465636E-06
7.84952784833411E-06 -3.26111470639316E-06
1.79092259338221E-06 -1.36261635832213E-05
5.24915142801724E-06 1.43117492432566E-06
-4.9141352472681E-06 3.29837450689065E-05
5.09031546876586E-05 1.21815251669643E-05
-7.76561053878262E-06 -6.01518167460769E-05
-4.06684972640756E-05 1.43697971475137E-05
7.69342294498133E-05 4.20169776766235E-05
-2.45233111777818E-05 6.81416850102931E-05
-2.04045165571135E-05 -1.09251888037718E-04
-4.54338947546665E-04 -5.77074179661681E-04
7.62881990459097E-04 2.82392648774563E-04
-3.01507883138037E-04 4.19961310686238E-04
5.43502356844346E-03 3.30348773965032E-04
1.77953679933127E-03 2.98049176512163E-03
-2.57241004679021E-03 9.06846103511975E-03
-2.52546267149367E-03 -2.48563080223732E-03
-3.35516885629241E-03 -6.25873587879279E-03
5.00440936586286E-03 6.06982441935814E-03
2.49133835941437E-03 -8.23723924059084E-04
9.07412410498358E-03 1.22530747116102E-03
2.19715686139133E-03 -8.47106864017653E-03
-1.25006233720754E-03 6.89080163056586E-03
4.50483850797792E-03 -1.59270931033451E-03
2.0440491251329E-03 -2.89577102675334E-04
5.8635163800676E-03 4.35977489478389E-03
-0.014040378474253 -1.75023972036803E-03
7.28574730299345E-03 3.94659885422027E-03
1.07218732817212E-03 6.04158459031935E-03
-4.23012577451859E-03 -6.92012660296012E-03
-2.28949765658385E-03 -1.50854711748536E-03
-2.00817399975463E-03 -1.27856280765783E-03
1.01989115056042E-02 1.13669405365098E-02
-8.01624062730638E-04 -3.84448747973929E-03
-7.3362453923299E-04 -1.2319296877368E-03
-3.95386165630711E-03 -1.24810605136263E-03
2.39310799126911E-03 3.41660871059335E-03
-1.08993078553935E-03 5.93999521021732E-03
-1.23711581467852E-03 1.12367319408277E-02
-1.71696969267826E-03 -9.83091368912138E-03
-2.04098010373824E-04 5.85804744726894E-03
-9.10794692664344E-04 -6.12412717735784E-03
-2.58248164164467E-03 8.60205732779824E-03
4.55235114887501E-04 -1.44662004621069E-03
-3.27376486200714E-03 -7.01655902821541E-03
9.07503113633845E-03 8.20812895301073E-03
-2.65044219396766E-03 -6.07246485119166E-03
1.80452255611578E-03 1.3671039219468E-03
5.72196381410362E-03 3.34615751442127E-04
-1.22236405554773E-02 -4.3262568795077E-03
4.27314378730925E-03 3.46062920159304E-03
-9.41325971913465E-03 7.80288570221254E-03
4.26329382469549E-03 -1.39978777145998E-03
0.01368980004113 9.6292080464403E-05
-1.06453758426444E-02 -1.35218435646817E-03
2.56535929286129E-04 -9.96157627313641E-03
-2.22532846478054E-03 6.9945888645773E-03
-3.39971667850067E-04 -7.19882527006429E-04
2.63867269886584E-03 9.50774205013737E-03
-2.55696344942061E-03 -3.56499097547705E-03
3.6088596865371E-03 -3.57159439170221E-03
0.005665593963574 3.60924890790312E-03
-7.69591759445277E-03 4.33454843287624E-04
2.1157843248082E-03 3.98462226831723E-03
-8.15409242308201E-03 1.39605329542068E-04
1.04836776428254E-02 -4.11721226059654E-04
-8.27568987766698E-04 2.74018149475218E-03
4.48916824734962E-03 -1.01188673755663E-02
3.90646179761938E-04 3.96850048280354E-03
-2.93652691937155E-03 -1.52901078155408E-03
-2.46860667558302E-03 3.33209805301458E-03
7.57714910693666E-04 6.20561619581289E-03
3.42925966450868E-03 -7.31044415501793E-03
2.04190072564138E-03 -1.09466367930888E-03
-4.03918821054831E-03 -4.12381500888708E-03
-1.43126892885447E-03 -7.35614909439312E-03
1.8365808529704E-03 5.79390864378992E-03
-2.35947313221403E-03 -3.07198628842326E-03
2.28474070280978E-03 4.29668013258375E-03
-1.03629306786431E-03 6.12668206932311E-06
-3.98464102462311E-03 -5.04938034881536E-03
4.69210047538175E-03 -2.98155166503665E-03
-1.73011584816287E-03 1.28548303228573E-03
-5.0908117268709E-04 2.05442551537948E-03
-2.62778541652501E-05 -6.45955062497101E-04
2.34414722709705E-03 -1.99717839504414E-03
-2.79898470184022E-04 -1.52314848289909E-03
-9.95723903776661E-04 1.45103285536211E-03
-1.34174580394271E-03 7.44663726009678E-04
-2.61602082487491E-03 -3.24522603784605E-03
5.52442934101493E-03 -8.38428601503806E-05
-2.11769036985982E-03 -1.80772458873266E-03
-3.30047953176571E-03 9.89292558291411E-05
3.89995266196931E-03 -2.07516100608719E-03
-5.99143532174584E-03 5.10807221729207E-03
2.37588033288265E-03 -6.25298287979047E-03
-1.96899068195053E-03 4.47813111818312E-03
4.31700630905852E-04 9.59336855825856E-04
2.81005611585582E-03 -1.30989590796262E-03
-3.13091077993282E-03 2.26217479752424E-03
-2.67902298685354E-03 -7.54153746125159E-04
1.14483342057191E-03 -1.36163127954482E-03
1.55796164324864E-03 3.55960877772527E-03
2.47637975815355E-03 2.26674541515523E-03
-2.70650390677181E-03 -5.13854663845944E-04
2.90481129442186E-03 6.22492003904727E-04
9.72813419835957E-04 -2.00752348247228E-03
5.09630219456835E-03 3.15774409357819E-03
-2.71998415597115E-03 1.69668215346079E-03
1.49620100405094E-03 -1.76576880148223E-03
-1.90993311209622E-04 -7.52203578491504E-04
2.75651119469507E-04 1.35701229538104E-03
7.0944490185802E-04 -2.02890023000107E-03
1.80708674445062E-03 2.2816157042352E-03
-8.03493656231053E-04 -1.88325580476695E-03
1.04419500486198E-03 -3.79325697988803E-04
9.22076720251801E-04 1.55327259129549E-03
-4.80007454798483E-04 -2.71129201825467E-03
2.1939182584363E-03 2.92369936620674E-03
-2.56618280031423E-04 -9.8121301481705E-04
-2.38271635301206E-03 -1.83974836288861E-03
4.31763544586072E-03 2.03325135038824E-03
-2.38216068825602E-03 2.40792849327986E-03
1.5083951553607E-04 -2.15269870204634E-04
8.01472967844823E-04 -1.86733570600464E-03
2.76421193458801E-04 -1.00685940470094E-03
2.7924479603027E-03 2.7011722316054E-03
-1.77112581433178E-03 2.12265320968143E-03
1.90854854334306E-03 -1.83361851660476E-03
1.9095785544445E-03 -2.15654911057721E-04
-2.45606875558822E-03 -1.13504509453207E-03
-7.74626717662036E-04 1.90019703679439E-04
-2.9804702385624E-03 1.94734347509387E-03
-2.61246202559988E-03 -1.12330998469049E-04
4.42811154548977E-04 6.1487446409649E-04
5.04775070226104E-03 -1.20307279113381E-03
-3.80779984267961E-03 3.70464303875112E-03
1.76579222422194E-03 -4.75100552663484E-03
2.96144593637123E-03 1.99023689226238E-03
-4.57452263237862E-03 4.04042615777853E-03
-2.42706708398965E-03 -5.03766499739913E-03
2.55252786625116E-03 -1.83704837535316E-04
-0.001752087486185 6.57018693413488E-04
-9.47639602556029E-04 -1.11827237291787E-03
4.57501626220166E-04 1.40574869483732E-03
-1.31641174349419E-03 -3.58873818550111E-04
1.02506223893814E-03 1.40120637956077E-03
-2.69644689052292E-04 2.16259564861329E-03
-3.08150159641495E-03 -1.58613449975162E-03
4.08658321580817E-04 1.27142922304907E-03
1.42125449980962E-03 -2.34659567314878E-03
-6.70554876750176E-04 1.52205268440774E-03
-1.65349190492067E-03 1.75537110755192E-03
-1.64613236344447E-03 -3.05733278295012E-03
-3.09497708877487E-05 2.74445858446789E-03
-1.98926739334364E-04 2.44038812094336E-04
-1.90569436723705E-03 2.50943678834228E-03
-1.04409216895115E-03 -1.84923205138011E-03
2.3366905335419E-03 -4.79985107467106E-04
6.85573965750866E-04 3.41678535774726E-04
-1.03825381343368E-03 4.05377418928664E-04
2.5202155615029E-03 1.00503663086793E-03
-2.77985334388977E-03 -1.79735405156986E-03
2.43189214206035E-03 5.01551001958186E-04
-2.24848370305431E-03 6.87393142407381E-04
-4.75223923704328E-04 4.71649434364361E-04
1.90544434643144E-03 -3.29595933760432E-04
-1.84353342745941E-03 1.96805603691078E-03
1.81485588129606E-03 -1.34873976157459E-03
-1.3523222934912E-03 -9.39358563353462E-04
2.06762769399146E-04 -4.31027738644922E-05
1.26900868644358E-03 -1.99572044579397E-03
1.34376206209082E-03 1.06846760885388E-04
-1.09366431540914E-04 -4.42997601001093E-04
-3.02839477684819E-04 7.29312917003729E-04
-9.91410777524148E-04 6.94356492401677E-04
-1.28878665478371E-03 -2.46745587539992E-03
1.95807973216079E-03 -5.18986478953236E-06
-2.35315338614369E-03 4.95792041025772E-04
3.87388974470713E-04 4.75845271885225E-04
-3.01460938211145E-03 -1.21745008046388E-03
3.3808287487189E-03 -4.0081992686694E-04
4.905717422896E-04 1.32697160855651E-03
-6.3000632428817E-04 -2.18371910195556E-04
8.1331284081195E-04 1.4193332083154E-03
-2.27122859588917E-03 -1.45174515929202E-03
2.12572000038404E-03 1.82080995725631E-04
-5.21130808348752E-04 1.53113608618609E-03
-5.97264181283117E-04 -1.12504305882934E-03
8.63638464696595E-04 1.64084786779249E-03
1.70147251191323E-03 -2.88860520173927E-03
1.25875907348255E-03 6.38686375200018E-04
-2.6174248659589E-04 -3.39077937351041E-04
-3.74196279468738E-04 -1.59457994084473E-03
-4.884585355088E-04 1.58705207219973E-03
