3.28334503062784E-05 -4.62861092250994E-05
-5.22420340867592E-06 2.22870156406574E-05
-1.80328948512372E-06 1.65083102762367E-05
5.08523153435901E-07 -2.80036784318342E-06
-1.19233815009181E-05 1.50821943090813E-06
-2.06224513065702E-06 -7.78795867167238E-06
4.22885568366646E-06 -2.39313630963185E-06
-4.55038577585655E-06 -9.42635487680431E-06
1.47087659034689E-05 2.75256256848428E-06
-5.53788277903834E-06 3.47321263985186E-05
5.41200848625045E-05 8.34581304461808E-06
-6.28056809305344E-06 -5.14821184051482E-05
-5.89113974846208E-05 5.09704281382031E-05
9.65479360441E-05 7.79192927800789E-05
-1.12484756370631E-04 9.74475044076254E-05
2.31887874554849E-06 8.64567304009617E-06
-3.78720203550311E-04 -7.17717702640157E-04
3.33801344129066E-04 -5.70203836876315E-04
-2.72956101033857E-04 4.54447104878555E-04
2.40664148989718E-03 -1.50399836454654E-03
-2.74960029508197E-03 3.23005469954115E-03
-2.00124952934819E-03 5.75654595355879E-04
-1.24501117273606E-03 -3.56126632633897E-03
4.53274090806038E-03 -1.83627875138948E-02
5.85182791976863E-04 2.49342677061667E-02
9.9961377429575E-04 -1.29648969393731E-03
-3.30486146602674E-03 8.80707898422707E-04
-4.28453636860173E-04 -4.50713966433009E-03
4.32560550733419E-03 -9.67627089279387E-04
2.79293621077357E-03 -7.25867617293288E-03
6.81989720208813E-03 1.33219247582089E-02
-1.75149658195319E-03 -2.55977605241307E-03
-3.17783095423613E-03 5.65863820776152E-03
-4.23434525930745E-03 4.94548348225573E-03
5.87488667346555E-03 -1.01324492276533E-02
-6.50448126624394E-04 4.06942009581362E-03
-1.05374924443458E-02 2.83581006713179E-03
-1.80195497302044E-03 1.72680638956445E-04
9.28641475136124E-03 9.60889827897326E-04
-4.17113206529171E-03 1.03283802638986E-03
-8.37369800064154E-05 -1.90121656624975E-03
7.08818859755217E-03 -4.92122669920207E-03
-7.84144689207105E-03 4.99023496100378E-03
3.38376900687107E-03 -6.46827640823614E-03
2.76910639015288E-03 3.55994508557662E-03
6.63559429334687E-03 -3.8130767612485E-03
-2.85750008978094E-03 -8.52855802393882E-04
-4.0439341775317E-03 -3.18429930030402E-03
-5.44924795491622E-03 -5.86970247495094E-03
1.1210372897164E-04 -4.82731417070742E-03
-4.7052971287252E-04 4.47271952160551E-03
-3.00036278191753E-03 2.15792440173181E-04
1.58516110822335E-03 -1.84005274934064E-03
5.57347140558103E-03 -6.59082017316836E-03
6.34960129757082E-03 -3.06106402266072E-03
5.80077019419555E-03 -5.03115864840785E-04
-9.75143450625422E-03 6.91376441084765E-03
-5.02815125841287E-03 1.47990357341674E-03
1.07144555492395E-02 3.50087240121425E-03
0.003510613783409 -4.62454701982054E-04
-1.36614858051836E-05 -3.06225846447948E-03
-7.07161886077836E-03 -1.86559642838774E-03
-4.31104195408615E-03 2.0694551603223E-03
5.32722116571253E-03 1.81845802131627E-03
1.21117748321592E-03 1.06699330196021E-02
-6.80388640478415E-03 1.00955499665613E-03
-4.2125616033212E-03 -3.67064396262465E-03
-3.11207369643649E-04 -7.22641193858835E-03
8.48809857524509E-04 5.48496656788823E-03
-3.66558179390768E-03 4.45891904051285E-03
-3.27917463293591E-03 4.52693157277906E-03
-1.31626108246812E-03 -4.66883794479645E-03
4.0937890711187E-03 2.08208042309304E-03
9.89897492614381E-04 -2.4526741894357E-03
-3.37133137981515E-03 -4.13329150002492E-04
-3.95006564061959E-04 -3.09273557830985E-03
-1.35864621571768E-03 4.60111009171922E-03
1.1066854073241E-03 -6.15744065213631E-03
1.27883866117292E-02 5.49885129105872E-03
-1.99137778035342E-03 3.47746665394613E-03
-4.98355308250888E-03 -9.96636142730361E-03
4.76948009917457E-03 -2.13360552211814E-03
-2.53121364726386E-03 -4.55331768563393E-04
4.44572056097381E-03 0.001249988490139
-3.81912142412903E-04 2.5067410884963E-03
-3.92839854596705E-03 -6.80243149664035E-03
4.10553370401822E-03 -3.51379515997905E-03
-7.40371684872688E-04 -1.68052778030523E-03
-4.09343732183123E-03 5.14173641936771E-03
-8.31252631891934E-03 6.00537855931805E-04
1.52175775142939E-03 -5.60397109112724E-03
4.40823542475511E-03 -2.75687623515232E-06
-3.74347312947963E-03 5.35689040105197E-05
-3.19124816817376E-03 -1.8542592872597E-03
6.05920503913194E-04 -1.4536212507794E-03
1.73614291112138E-04 6.89744056442547E-04
1.86937422566576E-03 -1.69130352691985E-03
4.24706595211274E-03 3.12374865889574E-03
-3.30641833032217E-03 -1.44938095001805E-03
-7.52531155508012E-05 1.87396404250734E-03
-3.9531727653564E-04 1.18232825981586E-03
3.21841766345465E-03 2.34560589889756E-03
-4.40925525114957E-03 4.7968248944086E-03
-6.00371292386335E-03 -5.39118992677105E-04
4.46956579484452E-03 -0.002426374107019
1.42405646121324E-03 3.45969574303545E-03
-4.03236818006269E-03 4.39261823260078E-04
1.6991684426726E-03 1.64979702531854E-03
-9.88361808290184E-05 -1.1705855085892E-03
-1.61431028957131E-03 -2.13979822054329E-03
5.21863549772123E-03 -3.78644702462988E-03
7.39540176369158E-04 3.79220553253102E-04
-4.26098513706721E-03 -4.06980614757992E-03
2.94303660452747E-03 -2.60938798331079E-03
3.56560255898576E-03 8.95017074314169E-04
2.66791902065911E-04 2.62819028958667E-03
-2.72235924045787E-03 -4.66947073877051E-04
-6.6219754078002E-04 -3.39075965864327E-03
-4.25787281056685E-04 -1.73703724749082E-03
1.74447832143156E-03 6.15097615387997E-04
7.80417545361659E-04 3.17007550071574E-03
-6.02759786814655E-04 7.65161872296308E-04
8.42305586781585E-04 -2.65914310934962E-03
2.28471213309403E-03 -1.81606793793781E-03
7.95034721692553E-04 -4.69876211896973E-04
-1.46604091829386E-03 3.36003287617991E-03
-5.66880490170073E-03 -1.67114869915585E-03
1.04760488980964E-03 -2.68418095223761E-03
1.95705047199511E-03 2.73419573140876E-03
2.15672497838509E-04 1.02490304235067E-03
-1.5284228910586E-03 -3.91732124819029E-04
1.40214392578523E-03 -8.50113623174669E-04
-6.36641209219526E-04 3.84321659184018E-03
1.77173384132014E-04 -2.09958594113127E-03
4.11316991379554E-03 3.27543263737796E-03
-2.70980468658527E-03 2.17236260212764E-03
2.19486358469444E-03 -5.74609165333743E-03
5.10442098849028E-04 1.20726318216421E-04
-1.17610870512614E-03 -1.22199204506659E-03
2.36754349474333E-03 -1.09704413735916E-03
1.43701473427577E-03 -8.99370347926431E-04
-3.10691084383241E-04 -2.93429060194426E-03
3.85534104459702E-03 5.93485139005516E-04
-1.31713605380401E-03 1.5861240156287E-03
-3.60496489279632E-03 1.67736329094582E-04
-1.33657313571641E-03 -2.82576757996412E-03
3.22132368451408E-03 5.39934846188415E-04
-2.11216585540893E-03 -1.45090548402298E-03
-3.2054470810015E-04 -1.20457708528436E-03
-7.17990781589446E-05 0.001563144498279
2.26335357105685E-04 -2.46907426931128E-03
1.90749059052473E-03 2.71975027017193E-03
-1.15803998012059E-03 2.31475724800965E-03
-1.31050744274981E-03 -1.89341805023144E-03
-1.28889925879175E-03 4.52763530057151E-04
1.02811207569096E-03 1.46350754409148E-04
-1.81779241338857E-03 -1.84338362753156E-04
3.18233102903907E-03 1.37116589898843E-05
1.56564345956953E-03 2.0346559233781E-03
1.26276835999608E-04 -1.33710420019083E-04
1.60859230673753E-03 3.28718307132857E-03
-2.04622454577668E-03 4.04446014601244E-03
8.29945797544672E-04 -3.49959319842867E-03
-1.1640084912778E-03 -4.46793936159063E-04
2.77058388330707E-03 -1.51217899280604E-03
-3.13960473217121E-03 1.56446833994619E-03
-9.65540209332719E-06 -2.75732466849961E-04
2.11207278595339E-03 5.97563989440049E-04
1.15016505859008E-03 1.81237668899587E-03
-2.51043688330862E-03 -2.10811865595729E-03
2.11790992290701E-04 -1.03624273841993E-03
2.73133200444694E-04 1.46962647837912E-03
-1.63095070137444E-03 -1.14444983763941E-03
2.89675340784603E-03 -1.26738853821508E-03
-9.9857972179235E-05 2.34615139194392E-03
-1.04806656810581E-03 -1.67119419709803E-03
7.8499774776298E-04 -1.77375860224152E-03
-1.28377894428468E-03 3.44940648421054E-03
-6.67181729993833E-04 -1.10355495475481E-03
1.18011211817961E-03 -6.94128783511245E-04
-2.78274694844821E-04 5.94201776461041E-04
-9.35131637649446E-04 -3.79742363375332E-03
2.91804524103565E-03 -6.66829271694921E-04
-5.27157601531153E-04 1.80161455679151E-04
-1.82176929413765E-03 2.62927677514527E-03
-2.87854324051487E-05 -3.83711393093531E-03
8.75308834963549E-04 1.75478361612021E-03
-1.78824676519534E-03 9.40739466843713E-04
-6.07707105537429E-04 -6.58191138579445E-04
9.62631248842499E-04 1.87665199437671E-03
-2.86859226868948E-03 -7.81772282499885E-04
3.90869937756046E-03 -2.78824067187353E-03
7.75226285377753E-04 4.02232536533995E-03
-4.72855194584562E-03 7.33647693208636E-04
1.95935535978805E-03 -5.15334175588439E-03
2.4791185478651E-03 3.31167231958025E-03
-1.06505719703099E-03 3.53384603038034E-03
2.41231616299678E-04 -5.72021739681847E-04
-1.99170948343562E-04 -7.26668260967821E-04
8.71769171394547E-04 -1.31286326630578E-03
1.6209776106632E-03 -2.40259775080129E-04
