2.71852200631685E-05 -4.77204005867566E-05
-6.87103274527623E-06 1.72777802430756E-05
-1.91939806760925E-06 1.83140264011867E-05
2.37440849879125E-06 -1.70614806471898E-06
-5.63623309961736E-06 -9.26198283937124E-07
-7.06759525242891E-06 -8.40070055119203E-06
6.10479916721608E-06 8.89292073030847E-07
-4.24531079639551E-08 -1.17432355906508E-05
1.21212259760941E-06 -7.69754526606573E-07
3.280813201385E-07 3.56401658328893E-05
5.44285462887519E-05 1.95943586954529E-05
-1.4731651583597E-05 -5.88753761669685E-05
-2.72131928254002E-05 2.76102596094735E-05
6.74540934033088E-05 5.30402535693799E-05
-1.28807428391584E-07 1.00381457263664E-05
6.21121891648492E-05 -1.0853988802335E-04
-6.86810415773359E-04 -5.90040683954669E-04
8.54496924794104E-04 4.14327313764666E-04
-1.46216931170171E-05 5.58042427024899E-04
5.14360917978702E-03 -9.8075781256327E-04
-8.97957612746951E-04 4.44036749326943E-03
4.00569816088376E-04 7.86473372762383E-03
-3.48441567606507E-03 -6.59378692054742E-03
-4.52465280403052E-03 -1.34824255545771E-03
7.25922715245258E-03 1.12787206335382E-02
1.31125360834684E-04 -2.84220838635632E-03
1.00537325515991E-02 2.51438013107018E-04
-1.01493288993013E-02 -5.72689640454919E-03
9.06556433740404E-03 8.06190357438096E-03
-3.72512585159955E-04 -4.07131004666066E-03
4.99030190725932E-03 -6.02108954782714E-03
4.49715086956223E-03 7.68857321722763E-03
-0.01174435458814 3.27913063186585E-03
3.06765082751229E-03 2.99704411678652E-03
1.65202543671047E-03 1.6742926426412E-04
-6.7434760993878E-03 -6.01577725760228E-04
3.57702512281004E-03 -1.30812852863617E-03
-4.81308794605569E-03 5.12115883840895E-03
1.05889144227575E-02 3.09089998504248E-03
-4.67631965554744E-03 7.77559778295165E-04
2.50664875860395E-03 -1.27629536828657E-04
-3.93108669064136E-03 -8.62467274007284E-04
-1.79103307426917E-03 8.45058099012605E-04
3.50608386879118E-04 7.49259983821254E-03
1.43571183942113E-04 1.11071794803797E-02
-1.21842957840599E-03 -8.66456783235912E-03
3.77108507061259E-03 2.62220130933927E-03
-2.47148834279711E-03 -2.98315691725754E-05
-5.52940704013976E-04 4.91263932732001E-03
5.17801467521729E-04 -8.44457118536897E-04
-6.00483497895008E-03 -7.15126691484146E-03
1.20807953519447E-02 4.77534868674156E-03
-3.1349068227635E-03 1.9772687240743E-03
3.72951691903726E-04 -1.78640600380763E-03
7.17971252352134E-03 -4.83925395464648E-03
-1.08586003253218E-02 -2.15620384310896E-03
1.79912637373251E-03 -6.79289358390894E-03
-5.97284677051363E-03 1.11907799496621E-02
3.07234619270865E-03 -1.95420758211784E-03
9.28175085236519E-03 -3.53399794962557E-03
-9.88587168744294E-03 4.95486011830506E-05
-1.02948835031255E-03 -1.19674434288832E-02
2.63610658884995E-03 0.010111980264702
-4.70706512602574E-03 3.44971342579697E-03
5.93309031024258E-03 2.28938387095228E-04
-9.66202427085667E-04 -2.64575967497767E-03
4.01322168466714E-03 -3.81383354553866E-03
8.81820130676334E-03 4.33972920241312E-03
-1.18966494070359E-02 1.41981494433422E-03
1.13152773992524E-03 3.82996281356613E-05
-6.93565674106071E-03 2.33523072568583E-03
9.89617697536079E-03 -5.8924505463862E-04
1.95623302715457E-03 8.27727226243164E-03
5.42744179521424E-04 -6.94120280291992E-03
1.78946249947371E-03 7.55518550117762E-04
-4.09155392987913E-03 1.9330955516333E-03
1.81500675367423E-03 3.14590938472441E-03
4.27098581687781E-03 8.0967549216948E-03
-2.30607310221605E-03 -1.73054060626463E-03
1.80960056489769E-03 -5.24642285796093E-03
-1.06459017883022E-03 -2.26064965219447E-03
-2.82426072066298E-03 -3.2710442866847E-03
2.95812386040779E-03 4.21718902921533E-03
-1.26068145020457E-03 1.49836849432749E-05
1.67279194601629E-03 2.83396861519371E-03
-1.80882196038897E-03 -9.14355353299272E-04
-3.32519071669993E-03 -2.99765742503439E-03
7.33659909942041E-03 -2.03779632884152E-04
-0.004707470388553 6.52383513751244E-03
-4.24078789885434E-03 -2.30026908133416E-03
2.88063691897468E-03 -2.00484773110536E-03
3.6157168922483E-03 4.41101453116726E-03
8.37506581103612E-04 -2.57466208692204E-03
-1.43767172001534E-03 3.39128346474893E-03
-4.63125081100739E-03 3.2474650820762E-04
1.10651413702567E-03 -1.47311902061044E-03
2.28566667168675E-03 1.09093255991426E-03
-1.00038273713558E-03 -4.22286399856541E-04
3.19300969404662E-04 1.01970450904022E-03
-3.08594581991834E-03 -5.47234321686045E-03
4.13019360774777E-04 6.92640716867656E-03
2.8276578977014E-04 -5.24739435583485E-03
2.3452130960148E-03 6.73288600666648E-03
-1.31519024213146E-03 7.44263237747156E-04
-1.09342721713143E-03 -1.76968043534566E-03
4.2851095604139E-03 2.48546264397426E-03
-6.03368057126716E-03 3.78466971754917E-03
3.42282128550469E-03 -2.90639931640799E-03
-8.42034957197622E-04 1.33634809669862E-03
-4.59512294954477E-04 -0.001125402378232
-2.91903234838818E-05 -1.36531547454957E-03
4.69109535254362E-03 2.90941606105545E-04
2.51097613926399E-04 4.25516397024541E-04
1.6283616768931E-03 1.9601745238695E-03
-5.43604449161655E-03 -3.17534855028292E-03
3.32257474630183E-03 -2.15420970229736E-03
1.44143899117311E-03 2.71322709218417E-03
-5.5423146674223E-03 -3.27699027643056E-04
-3.28573503774268E-04 -4.27000164002411E-03
1.21964852342347E-03 1.48618705131664E-03
-1.07248188072765E-03 2.69373382316175E-04
1.40878505545445E-03 2.98948134883217E-03
-4.09518793567901E-03 -3.39293919202261E-04
3.01651321768224E-03 -2.33128549220016E-04
-2.54910221346534E-03 7.79788291411172E-04
1.11997168013764E-03 -2.92144545496552E-03
1.52897423061605E-04 1.34109052860821E-03
7.66152293942076E-04 -1.36735916589705E-03
-1.04464973318793E-03 2.46849801592961E-03
1.38910216861073E-03 -1.09886686800999E-03
1.16956604859737E-03 -5.71835110834673E-04
-2.0157049314875E-03 3.16017360832182E-04
1.26597515771442E-03 -3.07282965972173E-03
-1.47394428292218E-03 3.19950284718544E-03
8.75864200076373E-04 -3.28265570817923E-03
2.48873083794605E-03 6.86704721589351E-05
1.65980398258763E-04 4.80731927580633E-04
-3.03785721423666E-03 2.48936591219601E-04
-2.21505618667978E-03 3.33689072055945E-03
1.59753218634005E-05 -2.24724039644419E-04
8.49402910082804E-04 2.18725136637124E-03
9.71058047444948E-04 -1.45736267572855E-03
-2.38769665325715E-03 6.02751248853569E-04
-9.10641037924374E-04 -4.44077548388388E-03
1.54542816196556E-03 3.94162812085376E-03
-1.09244524203027E-03 2.51420162946537E-03
-3.52064742638563E-03 -2.05377504311189E-03
2.40174182618826E-03 1.41968594363591E-03
-1.58696328154823E-03 4.77284467520082E-05
2.88723726708676E-03 -2.653554754106E-04
-8.37741905714953E-04 3.16480128247413E-03
1.5966517541624E-03 9.85976220786114E-04
1.08690845039042E-04 -1.25293424778743E-04
4.83004500504011E-04 1.7154463560154E-03
-1.42389663708262E-03 4.94159440463236E-04
3.36162066426816E-04 -7.2816870976631E-04
2.63896101450045E-04 6.07490098241572E-04
-1.55737536040167E-03 -1.60418375220838E-03
2.3367894355405E-03 1.31830416813018E-03
-3.58242275106686E-04 7.57094561998403E-04
8.57223569789016E-04 1.41874507408188E-03
1.15328742086444E-04 3.13442403079762E-04
-3.09591152661258E-04 -1.84174599640308E-03
2.84714570180991E-03 1.0822972898453E-03
-1.75447839488953E-03 1.34419796908624E-04
3.76961587679085E-04 -5.96239691728249E-04
-1.11338231080373E-03 -1.58937756440934E-04
1.8424221144573E-03 -2.67209189425778E-03
-5.73696739921534E-04 1.21081350088817E-03
-2.23450001749771E-04 -1.18636271075304E-03
2.42467677790313E-05 2.8383229337863E-03
-1.3468194643482E-03 -5.34369414819048E-04
1.7749195878491E-03 -1.21061956524041E-03
9.75880419338028E-04 4.27418759742016E-03
-1.55754594675231E-03 -2.44658849417788E-03
-8.06801765594073E-05 2.91940419576841E-04
-1.12972418474361E-04 -5.44947137103356E-04
-1.0892405504785E-03 -7.54955220807654E-04
6.71194248246603E-04 -3.32437081706555E-04
1.28394214231159E-03 -1.79819612600809E-03
-2.7186525237681E-04 2.27952294130395E-03
-1.3800282690946E-03 -3.87190069691455E-04
-4.84090833309623E-04 4.50709449336538E-04
-4.87591334421121E-04 -1.42130123851129E-03
1.18617363802056E-04 3.63292263445443E-04
-2.57561435863866E-04 2.02847505045202E-05
-1.89004392150265E-03 1.13026454160387E-04
3.71857282822683E-04 -8.1609449096918E-04
4.39808030731868E-05 -1.14896811791832E-03
2.61196252923961E-03 2.59216733251229E-03
-7.43881280226589E-04 -1.59670717320269E-03
-7.79746204889211E-04 4.23000837658563E-04
2.55184175046486E-03 -1.60247540779339E-03
-1.72146171769584E-03 2.2576133062027E-03
-7.18619481982701E-04 -4.73211086907111E-04
1.87038599474226E-03 -1.66243270734403E-03
-2.06795408071739E-03 1.42793895706209E-03
2.38885336022936E-03 -2.77185766206134E-03
-1.66638730439268E-04 1.62108208017074E-03
-2.87257569939335E-03 -1.26522262353663E-03
1.03114628027666E-03 4.20245518366744E-04
