2.60806713502469E-05 -4.62623527334854E-05
-8.17335770228676E-06 2.0230940643323E-05
6.46196333293532E-07 1.45731508238639E-05
4.91913828820644E-06 5.30884531609921E-08
-3.75853201756615E-06 -3.61072116858484E-06
-1.11857661978614E-05 -2.70027906591177E-06
6.57128209127685E-06 -1.85737868552053E-06
-6.04600464829906E-08 -1.45851882079948E-05
-4.03856455653622E-07 2.10274824084828E-06
2.78515132511861E-07 3.28963745585262E-05
5.89955762296145E-05 1.5959335406513E-05
-1.45449048135203E-05 -6.18300592576652E-05
-9.43656889104269E-06 5.0597177623704E-05
4.05970843592275E-05 5.25542556131529E-05
3.89463922500945E-05 -1.78317948366725E-05
1.43721139935515E-04 2.73010592122441E-06
-8.20735173622517E-04 -7.35769422223453E-04
7.64723951201486E-04 5.54591513402429E-04
5.32431567292575E-04 -3.55920325207834E-05
3.51425171170712E-03 -1.07040383231557E-03
-1.57042241637959E-03 5.53623529989823E-03
3.5661581561242E-03 5.21591032101142E-03
-6.43116509945993E-03 -8.66654337105957E-03
-5.1142666747392E-03 4.53726200253251E-03
9.56680990609832E-03 8.02919250274107E-03
1.12500264034958E-03 -4.91652844629932E-03
9.05029206405743E-04 2.52311308812247E-03
-3.95816058454621E-03 -5.80901879508664E-04
9.37057893757913E-03 4.33058438778903E-03
-8.41413557562026E-03 -4.59055314588278E-03
7.4988360174878E-03 6.37175709348948E-04
6.11864956558175E-03 7.16004406436969E-03
-1.33577636116813E-02 6.00067607922934E-03
1.48641127128048E-03 -2.74690886661295E-03
4.85366167894119E-03 4.10454673181219E-03
-6.48827286777612E-03 -3.21265542602512E-03
5.34974892254318E-03 -1.28027196532608E-03
-8.64406976594319E-03 9.11669339780631E-03
9.89461804256172E-03 -2.04701573764551E-03
-4.60196992044548E-03 9.26280685096429E-04
4.96971526331729E-03 -7.17139247641323E-04
-4.5743578684329E-03 -1.28806953873603E-03
-2.6687476016529E-03 4.16754346639386E-03
-2.55717730590931E-03 3.03472402762879E-03
1.40332442362778E-03 9.40144392198143E-03
-1.02923449027325E-03 -7.31020151433127E-03
8.68731818709816E-03 2.49514917145726E-03
-4.60424652158151E-03 3.09722249304998E-03
-1.25930851729277E-03 3.14095216077178E-03
9.6197413952884E-04 -4.64724364792651E-03
-1.11891712984488E-03 -3.62907779688933E-03
1.30490403836371E-02 6.10011864901402E-03
-7.01367319745543E-03 6.74284535820545E-03
2.73531734385846E-04 -4.95419167512393E-03
3.79396581719044E-03 -4.67074885610932E-03
-4.4448529989265E-03 -5.94918940641687E-04
2.07725176062545E-03 -1.09352938224249E-02
1.03549574644471E-03 1.31045391345066E-02
6.98401437839295E-04 8.41209580474221E-04
8.05414063133802E-03 -6.80396432402536E-03
-4.51825845735071E-03 1.21777659388761E-03
-1.80007176457349E-03 -1.03425878603381E-02
1.96842426847769E-03 1.04681160242205E-02
-8.14995589674191E-03 7.7356405184327E-03
8.78961239596133E-03 6.89127816747508E-04
4.06154239976113E-03 1.66721190899818E-03
2.58466156780267E-03 -3.84639176029201E-03
7.88849511135334E-03 2.21833777375802E-03
-1.12857134038387E-02 7.94812862366439E-03
6.3351760197364E-04 -6.73590690489445E-03
-3.13553137702181E-03 5.2882200014244E-03
7.91488529949434E-03 -3.68359697867863E-03
1.07480688186615E-03 9.24294440433701E-03
-2.54379229795751E-03 -2.06222514462521E-03
3.37547842979511E-03 -5.7694584819555E-03
-3.37979898421346E-03 5.00383591697018E-03
-1.76053964272116E-03 4.98057638487313E-03
3.30745981572697E-03 6.79095037250022E-03
-4.6503448630166E-03 3.32774359028175E-03
9.8560993622835E-04 -9.7322929547124E-03
2.29340061366472E-03 -3.80419565767255E-03
-5.25276253658252E-03 4.2456324734775E-03
-9.87115172768741E-04 2.35602726578824E-04
-1.37410594139888E-04 2.69102320011152E-03
6.41724147461637E-04 2.40319878754198E-04
-1.04631494283738E-03 -4.2837437608822E-03
-3.28450033832919E-03 1.55585068863644E-03
2.87524638654276E-04 -3.27111645291695E-03
-5.68019497336246E-03 7.93974660555762E-03
-4.05048473696354E-03 -5.05897983226768E-03
5.95621264706435E-03 -4.31573753495457E-03
2.5625823396098E-03 8.25619784234872E-03
-6.13147606303218E-03 3.23052692250561E-04
1.23731647376903E-05 -5.62109751542911E-04
-6.56383685777238E-03 -1.73732504155832E-03
3.33590035518327E-03 -1.86279273288768E-03
-7.94895897086036E-04 2.85354795364542E-03
-4.36539406433965E-03 -2.74082427915915E-03
2.80811038577871E-03 1.72553488776749E-03
-6.47877223969072E-03 -4.38890046393756E-03
6.70303062561504E-03 -3.19404955255257E-04
-4.61105530133321E-03 2.30360937340372E-03
3.16309377518378E-03 4.1222377977645E-03
-1.27060433664723E-03 -3.98924031574935E-03
1.06298463694608E-03 1.59732163877147E-04
3.28540541723733E-03 -1.58387820249779E-03
-5.40334039380533E-03 6.22585906348454E-03
-1.34657443287827E-03 -5.27847123728237E-03
-7.48630148516116E-04 4.73755800442474E-03
7.57335006077186E-04 -4.30814912205162E-03
-4.088534216636E-04 -1.59749581730696E-03
5.88860534940651E-03 1.83778671064481E-03
-5.12578888855424E-03 1.75665854709411E-03
2.39053004968979E-03 -3.24832521125196E-03
-1.07118288240781E-03 6.10262957063326E-04
5.0029835489115E-03 -8.29914062003234E-04
-9.35866501102146E-04 5.07459229409662E-03
-5.2709287534602E-03 -7.45044595178418E-04
2.22728600659814E-03 -2.96186718868915E-03
1.21075244562372E-03 -2.10008071093083E-04
2.51530624113908E-03 -1.63090328105352E-03
3.48542170113001E-03 3.64068101545783E-03
-4.16163410936117E-03 1.44463153184823E-03
3.74521213772308E-03 -4.44539477841676E-03
1.3408021689258E-03 3.01745658362181E-03
-1.84259035706561E-03 -3.0863208222167E-03
-1.95822582378883E-03 1.77478864224293E-03
-1.09436887671042E-03 -1.07907676578857E-03
2.79853382629981E-03 7.98421946040232E-04
1.5775893502619E-03 1.78344310924011E-03
-3.1519412078046E-03 -1.3349313621735E-03
6.0111998480633E-04 -1.41637603445002E-03
-2.2915760072268E-03 -8.10494504176391E-04
2.48674901110057E-03 2.83493552861135E-03
1.02896141981694E-03 -1.28830918827165E-03
1.57058329925332E-03 8.92842933935487E-05
-1.68901744346728E-03 1.19368529701126E-03
-2.85320587326896E-03 -8.55340885287313E-04
3.51064687855659E-03 1.57420574437442E-03
-1.02598247977691E-03 3.5221572352376E-03
5.53272688180479E-04 2.78460455230762E-03
-5.38194947359314E-04 -2.64929525415422E-03
-3.64974554600678E-04 0.001527174392411
-2.11548919682279E-04 -2.92926405855181E-03
5.57660338140078E-03 2.94256055266551E-03
-2.6146941106206E-03 1.52173154948129E-03
3.59880737276667E-04 1.08654893807269E-04
1.18348269014065E-03 -5.83723883514376E-04
2.00742722609197E-04 1.33118552114291E-03
1.09031731386016E-03 6.46032972030784E-04
-2.91263052884149E-03 -1.2543324834555E-03
3.65523216927733E-03 -1.67077364263359E-03
1.90850371731384E-04 2.73299025076595E-03
3.08888747806551E-04 -3.40822462015824E-03
8.7721754512603E-04 -5.27863981234716E-04
1.0333727894638E-03 -1.21058602525736E-03
8.17793551083146E-04 -3.63919197062909E-04
-7.80308381469549E-05 -1.33489750587797E-03
2.53488889572517E-03 -1.13132690783904E-03
-1.52085768626501E-03 1.26340178295187E-03
3.76039329018784E-04 -4.26912989085666E-03
2.6229608721805E-03 9.66345284398316E-04
-3.30858665659985E-03 -8.71053806472776E-05
3.06145114692499E-03 -3.44202173620605E-03
-2.08619540382384E-03 1.96745022181952E-03
-7.17786896778615E-04 -3.46817954398093E-03
2.3051958209154E-04 -5.90758160224323E-04
-1.18922029239593E-04 8.23254417414861E-04
6.6969871175034E-04 -9.52477840832637E-04
-2.26441121914454E-03 1.83064178211578E-03
-2.45682236254527E-03 -2.05218327893404E-03
1.77499036836405E-03 -1.76040118989343E-03
1.13736132318678E-03 2.09765220353512E-03
-5.4354596024993E-04 1.73911996259382E-04
-6.43736973598569E-04 -5.49915309134515E-04
4.304694005353E-04 -1.69393977074558E-04
-1.49740319510275E-03 1.41514568221435E-03
-1.08394445182181E-03 5.96554629678393E-04
-3.67140577138926E-04 -4.32523310747304E-04
-5.90699043808896E-04 -1.68669429072414E-03
2.2080279485014E-03 2.65182494291968E-04
-1.87292488405079E-03 9.59382548612296E-04
-7.58494743801037E-04 2.69001760747138E-03
-7.19752174288728E-04 -1.54658717008156E-03
5.78281214073708E-04 -7.38406460295646E-04
-5.50400157220251E-04 -1.39813196842889E-03
1.09573216716631E-03 2.20413669745021E-04
-2.46177083379577E-04 2.07768142682689E-03
-3.16711750899977E-03 -2.20274752775589E-04
2.41518875598213E-03 -1.90660208830348E-03
-1.71767410119304E-03 1.16911428747943E-03
2.6636774053651E-03 -1.26444243672933E-03
-3.30188601179534E-03 2.02170547316983E-03
-8.77746370894518E-04 -6.1846106295781E-04
1.87687765340293E-03 -1.43937239053478E-03
-1.53833275735729E-03 1.74832901037108E-03
1.24362591268405E-03 -2.78347177534504E-03
8.19703095046035E-04 1.03834461919796E-03
-2.28975154605304E-03 6.09482766966634E-04
5.06965426934367E-04 -1.75595203466035E-03
1.39047195738015E-03 6.25352173418597E-04
