2.61461433316978E-05 -4.88176531984098E-05
-5.72103335707327E-06 1.93554747704267E-05
4.8477686757313E-07 1.68763036729468E-05
-1.44389154220007E-06 -1.30639991488495E-06
-6.00484634515256E-06 7.12471638882733E-06
-5.5058516379491E-06 -6.27658512816334E-06
5.83666819488506E-06 -1.165083800708E-06
-1.14408937921201E-06 -1.77552330122512E-05
5.03769606343186E-08 -8.19450040748461E-07
-2.49679247334525E-06 3.36686122676054E-05
6.32055683189775E-05 1.07535172846256E-05
-1.5808699060803E-05 -5.11961294330873E-05
-1.01221958476805E-05 5.50726925491939E-05
2.36438122518587E-05 5.86370709142086E-05
5.40013598802657E-05 9.7116094286151E-06
2.33309171104183E-04 8.23913619139721E-05
-7.91299604731155E-04 -8.13790318494667E-04
4.98826688751484E-04 7.66050934611326E-04
6.2325698538574E-04 -4.32706870825187E-04
2.24728064248162E-03 -6.85094865521058E-04
-4.34200896093051E-04 5.73599689569192E-03
3.42760182279023E-03 1.24410782248224E-03
-7.14030289794394E-03 -8.63836927941916E-03
-4.2726170397814E-03 5.84463062590755E-03
1.00080696456324E-02 -3.97450682818543E-03
-3.55530735196143E-03 3.12542374729645E-03
-9.27333880290963E-04 3.22567412937792E-03
2.46598470598601E-03 -4.38509554118232E-04
-1.78624298870684E-03 -3.65161519241057E-03
-2.13524235214712E-03 5.3775755229072E-03
1.90717958976119E-03 -5.73149822836278E-04
7.4732656732921E-03 7.24033272306092E-03
-0.015592628289558 4.9120694771406E-03
2.07033461284785E-03 -3.66567816221602E-03
5.02343397938045E-03 3.90606246993076E-03
9.56887770154425E-04 -2.18216674660024E-03
2.89895254633015E-04 -4.93628144120228E-03
-6.00827930360995E-03 1.30084554153292E-02
4.48797342198711E-03 -5.9553580254643E-03
2.54958585947197E-03 1.19030865213599E-04
1.63956147939454E-03 -3.8751631769211E-03
-2.81650861386427E-03 1.25475905582335E-03
-3.56697433800035E-03 5.41173706649711E-03
-2.08154023426968E-03 -9.93068307493395E-05
2.76891319841904E-03 6.67318081096513E-03
-8.69335718923859E-04 -3.12629614861365E-03
9.90592915700399E-03 -1.60380981566547E-03
-2.0868482271137E-03 7.50521509756248E-03
-5.78621625222227E-03 -2.38576420239604E-03
8.50175759678935E-03 -5.24229859110114E-03
7.70677331547154E-04 3.24567194792752E-03
6.47269525270399E-03 3.05050315860013E-03
-6.11293109752169E-03 9.70851202515904E-03
-2.83538390644653E-03 -3.7538971277652E-03
1.42397384973612E-03 -7.28379894396715E-03
-2.53794433875686E-03 4.92406707209258E-04
-3.15343986609636E-03 -7.48652750472314E-03
4.0645347257226E-03 1.45114758549811E-02
4.09310746334987E-04 5.54281984031455E-03
3.97692804482761E-03 -9.10422350149019E-03
2.72778176470311E-04 -1.80388351811509E-05
-8.08435373619304E-03 -4.66479515097159E-03
4.22580289111765E-03 9.19117827314765E-03
-1.00530467227977E-02 4.6949132224499E-03
4.65568926282068E-03 1.2025781938963E-03
3.05599328747202E-03 3.30625903779047E-04
2.19907331789103E-03 2.37803910278297E-03
1.5007589519219E-03 -3.23831278503254E-03
-8.15775260505626E-03 1.13485963023411E-02
-3.13388686518339E-03 -9.63989664813359E-03
2.6689742560963E-03 8.83417650564712E-03
7.8183089817159E-03 -1.51361103111199E-03
8.19992626917912E-04 4.1900049754939E-03
-1.87438171446279E-03 -3.71636743737762E-03
2.07408822762496E-03 -7.44636408022717E-03
-3.10671562231357E-04 2.58112689675427E-03
-4.96289171458564E-03 3.91543704113605E-03
4.26014043683069E-03 4.14689106304924E-04
4.93927291683864E-04 1.8147403528921E-03
-3.00714041682746E-03 -8.08527488274909E-03
5.13636101890536E-03 -4.95089235421094E-03
-5.90971206301417E-03 7.55838668549755E-03
-2.81478703298018E-03 -5.10446227018007E-03
2.97354130325409E-03 2.43159074095907E-03
-2.48064939826252E-03 -1.54191894153822E-04
2.42988334352678E-03 -8.32843005213779E-03
3.30476408356564E-03 6.65039565716423E-03
-4.82981253922234E-03 -1.90552120643796E-03
-2.14650274210324E-03 4.79271133529781E-03
-3.86811542675325E-03 -1.52238483954263E-03
7.61879186532391E-03 -1.84756037795913E-03
6.7990801888953E-03 4.47365548917317E-03
-8.54189558952134E-03 1.46248669021125E-03
2.91635650843764E-03 -1.13331492457187E-03
-2.83161871032612E-03 3.04835253190905E-03
5.3993146494577E-04 -3.09140821175683E-03
2.4327362332571E-03 5.31230131698042E-03
-5.01579459394167E-03 -1.13863414263536E-03
1.17088531469979E-03 -3.8647688505001E-03
-2.31576655193939E-03 1.84287600284521E-03
4.5038571862826E-03 -8.85560903801083E-04
-4.47797761198901E-03 5.09321491463491E-03
3.15637464024968E-03 4.2518627857659E-04
-3.71085459614552E-03 -1.45442311688914E-03
7.27121020579651E-03 2.41714810536385E-04
-3.23615961692353E-03 1.10444743070656E-03
2.92908626554961E-03 7.39700780799778E-03
-6.50597824914964E-03 -6.83532812036479E-03
5.99083455077383E-04 4.37532280351204E-03
1.44008884324594E-04 -0.001398068298078
1.2162522944202E-04 1.52242756666317E-03
4.39119281176495E-03 7.96368061689868E-05
-5.37193909905337E-03 1.73656155831175E-03
2.54423505754794E-03 -8.35661015788416E-03
-1.20600887043178E-03 2.53016344277595E-03
1.99778767601559E-03 -8.05936195968037E-04
-7.16248790819302E-04 1.72908339096508E-03
-0.002601796458304 6.24693603487462E-05
-1.35988408354956E-03 -4.48870421221925E-03
1.51838641230274E-03 -4.89994954777215E-04
9.37450695905004E-04 8.4220594744808E-05
-2.83861310135747E-04 1.46538414967792E-03
-2.80141941976494E-03 2.08169412749247E-03
1.39391219226492E-03 -7.82776260032448E-03
3.23470646013153E-03 5.7725180004203E-03
-5.79904006066946E-03 -1.70921825621574E-03
1.04924890539944E-04 -4.03971228349857E-04
6.16204869007998E-05 1.07489641167445E-03
-5.62748695344849E-04 7.42752658004639E-04
2.27948196107858E-03 -3.96090360249607E-04
-2.72400601521707E-03 -2.06913641987014E-04
1.8367135571878E-03 -4.18040136796068E-03
-7.57487256832863E-04 2.7981661551682E-03
1.04370038271945E-03 -1.78207535609567E-03
9.81214179627257E-04 -4.69293389990873E-04
-2.9256793848022E-04 7.09954113641769E-04
-4.07947351913371E-04 -1.55886462916913E-03
-1.77454315976397E-04 7.63405829762467E-04
3.61127338933398E-04 -3.69013729703674E-04
8.28084052150052E-04 3.93086782174464E-03
1.57894372737315E-03 -1.53631628645326E-04
1.90770414285065E-03 1.59408757647199E-03
-6.01427725288374E-04 -2.85997086259053E-04
-7.9896043730903E-04 -3.46367634670377E-03
2.76204432285913E-03 3.77960626573944E-03
-5.14139843243784E-03 -9.78966736512801E-04
2.97968772790197E-03 -1.89398290759038E-03
-5.21206451086542E-04 7.12130349173471E-04
3.30394786735096E-04 2.17034907965733E-03
4.30248032456634E-04 -2.22254199377701E-03
-4.01018953597036E-03 8.37835819704681E-04
2.98977961209076E-03 -2.48706756617738E-03
2.15609105085041E-03 -2.28934989285456E-04
-2.52053030658378E-03 -2.46849583668406E-04
-7.98543269428753E-04 -2.91382943733861E-03
3.85855422712815E-05 6.14835642791994E-04
1.90384000299553E-04 -2.44126647857463E-03
-7.58714665765748E-04 -1.6726771816194E-04
-2.2662607604571E-03 -2.31714725673565E-03
-1.53872857295081E-03 -8.23496003459123E-04
6.24211445331589E-04 -5.06595581146269E-04
-6.0203253418646E-04 1.67307966451072E-03
-6.95567991246741E-04 -9.97298173759594E-04
-7.49915830849359E-04 -1.94119919981949E-03
6.23218109135468E-04 -3.36393423525602E-04
-1.62002239030129E-03 -1.91515074406087E-03
2.42790902220121E-03 1.67289861343426E-03
-1.32881424735417E-03 1.6412422382333E-03
-1.44934325139132E-03 -3.58175608485435E-03
1.57845074638735E-03 -3.34831525904791E-04
-2.2695547770345E-03 9.76547176249411E-04
1.90729101699753E-03 -9.21854165103094E-04
2.75633058508174E-04 1.61559660043705E-03
-1.56482868902996E-03 7.85884699730124E-04
8.69324104260635E-04 -6.84747874637003E-04
-1.13990371468167E-03 1.88027388405676E-03
5.53540294275616E-05 1.00472946924478E-03
-1.40437025602922E-03 2.50857717551022E-03
-2.05569808929811E-03 -3.02326736351437E-04
5.725613352835E-04 -1.89907082352394E-03
3.51277156714831E-03 1.14787463455465E-03
-1.51911421369505E-03 3.02482712476883E-03
-1.06718707910666E-03 1.85201877263392E-03
4.55094358455547E-05 5.29551456953508E-05
1.09880004429329E-03 6.51489160191295E-04
-2.45158117328998E-03 -1.41573569195837E-03
-2.58797841939155E-04 2.28645543750635E-03
5.50771751193548E-04 5.3702304999001E-04
4.83525571106212E-04 -1.83618177629083E-03
3.38603059084066E-03 1.40007421729785E-03
-1.6022940373673E-03 2.84482313034835E-03
-2.93310966183144E-03 -4.6513875479709E-03
1.92527735549317E-03 1.16544247782314E-03
-5.90980611785092E-04 2.05531686930035E-03
-4.85503980563417E-04 -1.22012640298096E-03
5.87407137038488E-04 1.80192341848098E-03
-3.09040223921425E-03 -2.52967206552877E-03
1.50116141553923E-03 5.53065281430384E-04
7.23443030929781E-04 3.75635602333358E-04
2.89570379992108E-04 3.72772020875376E-04
-9.09574632985801E-04 2.14629640283756E-04
