2.91899861500773E-05 -4.74517626564203E-05
-6.61016970807216E-06 1.51767901881592E-05
2.3567579968416E-06 1.35541145208732E-05
-3.86980458115554E-06 7.1506922223288E-07
-6.70169851402079E-06 -1.6348006335298E-06
-5.86546720423699E-06 -5.69208668620601E-06
1.01608040563542E-05 -1.91793782534352E-06
-4.67460690962641E-06 -1.39881616933876E-05
-1.24555607886328E-06 -4.00545089132196E-06
-3.43502175812679E-06 3.44200339214837E-05
6.00560257442567E-05 7.60456176747272E-06
-2.05538081216209E-05 -4.88809326558982E-05
-6.77966912154686E-06 5.87489260581096E-05
-1.93689556695525E-06 3.55570249691136E-05
2.52771647468675E-05 6.5494562381899E-05
3.0540814100758E-04 5.75852996683994E-05
-7.68209335918298E-04 -6.37461561454186E-04
1.64880933165919E-04 4.82758697995775E-04
6.85814657692863E-04 -4.2926187131738E-04
2.17182198243324E-03 -5.44577845149856E-04
1.56707632292157E-03 5.01348808367175E-03
1.4990047285799E-03 -4.73410403340749E-04
-3.19536075360149E-03 -5.04500895539374E-03
5.98119493614373E-04 -2.31792274093115E-03
7.73173782571274E-03 -5.07701622191753E-03
-3.76403726942772E-03 1.25210945251767E-02
2.07594808020467E-03 -6.76471117400107E-03
-4.38172013095406E-03 -1.19599962249036E-03
-9.69506427362637E-04 -9.42429816394744E-03
5.35246693911549E-03 0.014813486295514
-1.62133709904238E-03 -8.60188189904257E-03
5.7359878029956E-03 8.68059180825267E-03
-1.13737837270177E-02 6.13584583448446E-03
2.03211002795729E-03 -2.17955096233553E-03
7.26408504390485E-03 -4.05240805292837E-03
-1.15538246575937E-03 3.24135691479034E-03
1.6447740906322E-04 -9.25786900395077E-03
-1.87262276903728E-03 0.015890786919616
8.68827258730561E-04 -9.18921710466907E-03
3.51043969720583E-03 1.20711319483334E-03
3.57345854593902E-03 -2.38931417857025E-03
-1.64031683888969E-03 -2.34862950557988E-03
-9.1811029669852E-04 3.92446181804226E-03
-4.10750828790193E-03 3.30871684905525E-03
7.34897819357381E-03 4.59273760963015E-03
-2.89829367520462E-03 -4.22979713681202E-03
0.010754778817468 -2.72831070602105E-04
-3.66717807658633E-03 1.12452861737221E-02
-2.68141348626131E-03 -7.3447471665649E-03
5.44727136685136E-03 -5.29473103593193E-03
-1.5339404269381E-03 6.31927291080648E-03
4.4819325276057E-03 -1.67318927879634E-03
-2.42951756592957E-03 1.03346631232134E-02
-4.75727366873123E-03 -6.8482277185175E-03
-3.91146900125215E-03 -8.14765464112071E-03
-5.97937059668354E-04 -2.36627438723028E-03
-6.3574776443138E-03 -5.3698391229486E-03
4.25725571052633E-03 1.09735244949164E-02
-1.11376761938544E-03 4.99291224707957E-03
1.66035980175643E-04 -6.45570616511655E-03
2.98912822730315E-03 -4.04580306569079E-03
-9.6461312584785E-03 -5.84822572021592E-04
1.72373862655188E-03 6.52624403464504E-03
-5.53011054083652E-03 2.33082448985079E-03
5.95182655783319E-03 7.31210075764676E-04
1.09293157753438E-03 -2.3479229958662E-03
6.66265427447344E-03 -9.5178980218243E-04
-5.64066104026282E-03 -6.29022325420772E-03
-2.12302381503385E-03 5.40222377728595E-03
-7.22000204455023E-03 -7.25139881410708E-03
7.94213406661443E-03 6.99264061481623E-03
2.79369129273457E-03 3.62322330272092E-03
-4.32357710459145E-05 4.70582632539779E-04
2.95269655617039E-03 -9.04774490819444E-03
1.61322782405337E-03 -2.59867687919959E-04
-5.14820733051107E-04 1.14798674204982E-03
-3.39854226799395E-03 3.94863971176581E-03
-3.18616445706851E-05 5.26042211636956E-04
7.53020653865254E-03 -2.03315106748526E-03
-4.50651792938759E-03 -2.30024328368663E-03
2.6690635779903E-03 -5.3493072409856E-03
-5.45291548356801E-03 6.58473260370119E-03
-2.71722211755115E-03 -2.42247236103407E-03
5.20382751242342E-03 9.2211259564952E-04
-2.34216375453434E-03 5.51276450950264E-04
1.78387087801191E-03 -5.01992192693399E-03
-9.43707185479388E-05 7.3138889963471E-03
-9.30418300883478E-03 -1.94318275462297E-03
3.10233945072033E-03 1.05174621697558E-03
-5.36172702169198E-03 2.77083225667243E-03
1.43756839791861E-03 -2.02600836755379E-04
4.75375374987432E-03 3.40186298722545E-03
-4.75616125779288E-03 1.95060837215134E-03
-1.33587427049806E-03 -2.78595063116535E-03
1.25838020549454E-03 5.50357622506466E-03
-4.60678200523635E-03 3.89741287172007E-05
-8.75805818973898E-04 2.54439546969227E-03
-3.04273396701503E-03 3.86276913689305E-04
-9.95015126251382E-04 -7.40246490517223E-03
3.46899213506829E-03 1.68900944395158E-03
-4.10702281276873E-03 0.002974115958381
-3.61743825620221E-03 2.09624494701174E-03
4.91987234152868E-03 -5.15126120704229E-03
-1.36798639207366E-03 5.1280463950797E-03
4.26411750940328E-03 -3.80403710786918E-03
-5.88840278271727E-03 2.10577662256176E-03
3.88131199447456E-03 -1.43658538394354E-03
-5.29166022840633E-03 1.58023095462409E-03
6.38156496010014E-03 9.4782447649194E-04
-2.91176228607955E-03 2.58208388638066E-04
1.22686087385869E-03 2.87546216162362E-03
2.25315194363908E-04 -5.55825160742021E-03
1.65350319693428E-03 2.67359365564768E-03
8.19403170873679E-04 -5.07102737829662E-03
1.06497985589354E-03 3.8849357886884E-03
-2.59863419520428E-03 -2.73551588997982E-03
1.68225218083198E-03 5.52078589280979E-04
6.23613506615814E-04 2.97834672513918E-03
-1.26000048197711E-03 -2.3284012154202E-03
4.62251567442377E-03 -6.4170611762655E-04
-2.15513625119622E-03 1.21968453150331E-03
7.14647479023851E-04 -1.12532105338803E-03
3.39947431208844E-03 -8.52153977535796E-04
-9.81915451625138E-04 3.68152276445489E-04
-4.1225818981858E-04 8.86693796536565E-05
-6.21308747319815E-03 -1.01754792499425E-03
7.9391117662439E-04 -1.3932596043583E-03
5.31483626253235E-04 1.12633303200119E-03
-9.14589792585726E-06 1.22788137651829E-03
1.4786498256806E-03 -1.13713062861436E-03
-3.43895872739941E-03 1.26817099571108E-03
-1.1128329714333E-04 -6.9535398388854E-03
1.44810584221602E-03 5.96987349578612E-03
-3.70099316712803E-03 1.28748401540229E-04
2.64675768550247E-03 -1.52527237764353E-03
-1.65606002002503E-04 -1.78807172851542E-03
-5.57282830919191E-04 1.67698217992354E-05
1.78524655523764E-03 2.27189812705315E-03
-5.81699522645482E-03 -6.34886833101713E-04
2.89737967844147E-03 -1.7342689949755E-03
0.001934953012829 -4.5148290709719E-04
1.64520874230254E-03 2.32535894385475E-03
-1.10537044486628E-03 -1.75166594550843E-03
-1.50456700677301E-03 1.7436273916905E-03
5.30147208940719E-04 -1.22387396152227E-03
-2.62859179361286E-03 -1.58484185689948E-03
4.70411469111919E-03 -1.30486754920557E-03
-1.57201450267545E-03 3.97470680757352E-03
1.39746426422729E-03 -3.18268897873206E-03
-6.28546953280044E-04 1.31418593669465E-03
-2.00275914940897E-04 -1.91327184648763E-03
3.72826855320939E-04 -2.8656146636181E-03
1.65829509782044E-03 3.31364899260422E-03
-2.97108533202876E-03 -6.26606589213392E-04
-2.13034449283077E-03 -3.43254539057607E-03
2.89808295378965E-03 9.89499968021143E-04
-0.002326230040415 1.1360605005695E-03
5.76118082578058E-04 -2.13919362878957E-03
-1.95296342565127E-03 3.81616299110583E-04
-1.31796276307816E-03 2.53214400796139E-03
7.54392481939032E-04 3.26276506656438E-04
-1.95421490040129E-03 2.4709519090913E-03
-1.3667375831836E-03 -6.34385901794746E-04
1.29013187891042E-03 -2.00089161355533E-03
2.8557395517209E-03 -6.93860670561692E-04
-5.89497447376832E-04 1.72090017270019E-03
-3.78843605256445E-04 -9.19861453102854E-04
1.75531404099524E-03 -7.51275478504081E-04
1.18559095586154E-03 1.2209573164826E-03
-1.9383264953042E-03 2.15996352949474E-03
-3.82530315040386E-03 -1.90322577042627E-04
1.52480318473819E-03 -3.62982295732946E-03
2.35345820231156E-03 3.4020224655728E-03
-4.12519674355126E-04 3.43463670395047E-04
1.59195415359026E-03 1.00406114754077E-03
-4.93272917232632E-04 3.30774582095146E-03
-7.22881999050105E-04 -3.73812763335672E-03
2.25095266917573E-03 1.66476908684187E-03
-1.12239567486749E-03 1.66057317769585E-04
8.92419346315998E-04 3.88468807060573E-04
1.93381667159982E-04 -1.41283804596366E-03
4.41234184048691E-04 -1.37030503507908E-05
-2.17730555731349E-04 1.76938253209583E-03
1.42339171968953E-03 -5.28380329526256E-05
1.30465083745933E-03 2.33573186928265E-03
-3.77453165251404E-03 1.83263946140386E-05
2.73377723257232E-04 -1.74214559840779E-03
0.003396934405309 -8.64374918258393E-04
6.87778894680965E-04 1.58830452864703E-03
-5.88913566693181E-04 6.995750692503E-04
-1.2617739777624E-03 -2.61824016385126E-03
2.27815619079905E-03 1.79158943319751E-03
-1.77742853749993E-03 2.99863799737316E-04
-1.62434681500153E-03 1.01473529081117E-03
7.55758206525091E-04 6.30140548044299E-04
-1.63178293469595E-03 -4.10328156609872E-04
-1.16064004191875E-04 -1.87428928239244E-03
1.56083659543765E-03 2.02838157763009E-04
-1.38271202583508E-03 8.32315656125075E-04
-1.94107805523169E-03 -1.33462195365684E-03
2.93459486549676E-03 7.50716542168266E-04
