2.57708458000877E-05 -4.69926632093195E-05
-5.68729939336945E-06 1.87810014561187E-05
6.5235792649029E-07 1.77528401953376E-05
1.81048525531137E-07 -4.05455314756345E-06
-5.86019509104982E-06 -7.59401812498916E-08
-8.03951004407148E-06 -7.37767329337359E-06
4.53469873506286E-06 -4.25626776522746E-06
-4.74404570492811E-06 -1.18869162282304E-05
3.28088537030437E-06 4.28839221804559E-07
-2.88907127102109E-06 3.41298882849483E-05
5.64938788219058E-05 7.07735620623818E-06
-1.18022863307431E-05 -4.29967999045422E-05
-2.75670255683142E-05 6.13230018768096E-05
1.6732050284045E-06 2.66819078163448E-05
-3.47897996905182E-05 1.3326069921266E-04
4.52236720168907E-04 -7.08243848473829E-05
-7.33171117099331E-04 -4.53337855608683E-04
4.84614725714403E-05 2.66230224840342E-05
4.70088833423608E-04 -1.21790878442791E-04
3.31126511915795E-03 -9.55031274956111E-04
5.84658250110227E-04 3.93675706455937E-03
2.02367353055358E-03 1.53798906056241E-03
2.70429114124874E-03 -3.47257744133535E-03
4.60364245977999E-03 -9.69318778154626E-03
2.47247342136713E-03 8.66621303145363E-03
7.74893057729825E-04 7.8908865419185E-03
-8.21598221948953E-05 -0.01093945224621
-1.05382086853199E-02 -4.91575305586211E-03
4.62990531356299E-03 -5.2756502874428E-03
4.83069464667577E-03 7.18519018234357E-03
-4.56654897583519E-03 -4.46648040521599E-03
5.33098960165307E-03 5.60731282077037E-03
-7.29217890423651E-03 8.20562426077591E-03
2.35464736356135E-03 -0.006266507490827
7.65338246299864E-03 -8.06576546060059E-04
-2.40432154282847E-03 -2.19081939918897E-03
-1.73448697299928E-03 -7.49783159129147E-03
1.41144171433245E-03 1.34129270984221E-02
-4.68394038882527E-03 -3.22077377572409E-03
5.69308298217523E-03 -2.32963377724194E-03
-1.52021521170214E-03 -1.67434910419172E-03
4.23814053504214E-03 -1.85318293985065E-03
2.72646133302429E-03 4.95242115438595E-03
-6.12901005765853E-03 4.56296089671365E-03
4.39990679178993E-03 5.82973396229338E-05
3.03226382064578E-03 -2.77671188411163E-03
7.01616241613263E-03 -2.27475963941255E-03
-8.64089617434669E-04 8.00896894970688E-03
-7.39030416080315E-03 -5.67655435308219E-03
4.98214587791082E-03 -1.00699305630611E-02
4.87966812989921E-03 4.83704447108793E-03
1.30447170889409E-03 6.81105451585538E-04
2.04630969046093E-03 6.69395891129854E-03
-4.8870071625745E-03 -9.73557313843046E-04
-8.04571555611155E-04 -8.83091302301484E-03
5.40886329974377E-04 -7.13813218420705E-03
-5.48152061252676E-03 -4.80234135833135E-04
1.39235189908458E-03 7.62734369354729E-03
2.75528806038277E-03 1.1522261339062E-03
3.83476761687335E-03 -5.79655445190711E-03
-6.86727417474892E-04 -6.47898495409927E-03
-1.02154812358802E-02 3.10594590153301E-03
6.72351972653568E-04 2.16134762985055E-03
6.06465184939757E-04 6.53268537833129E-03
7.36853762266418E-03 3.19218545231673E-04
2.97345220982727E-04 -9.15201013166451E-04
1.03492706804932E-02 -1.20920729004778E-03
-7.25283726005925E-03 -2.57515937484773E-03
2.6198811620463E-03 -5.96447099178061E-03
-4.08664105914126E-03 -1.04568739845022E-03
9.39585570024278E-03 1.52550789105298E-03
-3.03506654484145E-03 6.00384980209443E-03
-1.44128472008441E-03 -3.95833759593095E-03
5.3620302159919E-03 -1.50687295558242E-02
4.41943269526904E-03 3.2124541084369E-03
-7.31439492329867E-03 2.16382394101483E-03
-2.50763197779806E-03 3.44573119675919E-03
-1.86891121043944E-03 3.65086520832595E-03
3.92842615115592E-03 -4.84768028318293E-03
1.97683857873002E-03 -4.71799659324542E-04
-1.60068446636708E-03 -1.08756190698965E-03
-7.32484395259043E-03 4.3936588372901E-03
-5.27088972860848E-03 -3.82298312513345E-03
5.3922869060389E-03 2.1969584761754E-04
1.48938007642116E-03 1.5396505486597E-03
-8.06280368115289E-04 -1.86983179766059E-03
-2.56702448766355E-03 3.48542557350708E-03
-6.79666262354394E-03 -4.67184028202957E-03
8.45054014890189E-03 4.01372985004442E-05
-1.71016789671817E-03 6.93501667121346E-03
-3.95853154499422E-05 -7.8629872979426E-04
1.04970233544349E-03 -3.11400904472669E-03
3.65347955308948E-03 5.96388356773762E-04
-2.17984972321809E-03 -4.73471510442356E-04
3.45039616270015E-03 4.9614243713065E-04
1.7813187627524E-04 5.91636370771045E-03
-4.86328475589004E-03 -6.04276241824463E-04
1.11726636375263E-03 -3.56013957647582E-03
4.4290553223317E-04 1.45562432126187E-04
4.79233654208426E-03 7.42597073500792E-04
-4.47395894002871E-03 3.56469570859514E-03
-1.63341214300095E-03 1.71584231108212E-03
3.52472630025296E-03 -7.14409353791106E-03
6.89455086480649E-03 9.29179891010225E-03
-3.53119790719722E-03 -3.97524491355353E-04
8.5274189287093E-04 3.12863403719556E-03
3.1339927590576E-03 -7.27938268615465E-03
-1.15768692198299E-03 6.41364036439986E-03
4.85102101310398E-03 -1.22139779410143E-03
-1.33771234828285E-03 3.92152211242173E-03
-3.18186861817528E-04 -1.73328609198655E-03
-7.72373777034605E-04 -3.46325012909932E-03
5.24900692457747E-03 -8.01726337628619E-04
-3.64109310372719E-03 -1.77731051606834E-03
2.49570131449171E-03 3.53176854719371E-03
-6.52666246282513E-03 -2.49641611046625E-03
3.29268679366916E-03 -1.30492629789398E-03
1.3481454142581E-03 2.46935577756997E-03
-2.73748757918839E-03 1.65945297898961E-03
6.06627473023765E-04 -2.36827454325273E-03
-3.89234101109341E-03 3.48870137359902E-04
-2.67675702604467E-03 -5.07759462940131E-03
5.97094544457034E-03 -0.001766273479162
-3.10045861595161E-03 2.99864872517901E-03
-1.43764112929565E-03 -2.50417122752563E-03
-6.81948914753223E-04 3.81618379730341E-03
-2.77734108731029E-04 -4.21575380955175E-03
9.2134268602532E-04 2.42331769135551E-03
2.02421676726253E-03 2.42486733075236E-03
-3.38286238764193E-03 2.05464704195108E-03
-1.29209731502183E-04 -2.56496760768649E-03
1.50928718339789E-03 -1.05404524790332E-03
1.4889020632862E-03 4.54670542414856E-03
-5.78329106387126E-03 -1.86594077356614E-03
3.91542055280799E-03 -2.07813647235464E-03
6.762262469306E-04 1.99155163460457E-03
-1.55107536394328E-03 -4.55196840677736E-04
2.65386231568822E-03 3.80955095006335E-04
-5.32635318595465E-03 4.00120392071875E-03
1.41750283129153E-03 -3.56874904783386E-03
-9.6630061828376E-04 3.89651435464884E-04
3.55865038835813E-03 9.25669455246648E-04
-1.40427951459052E-03 -2.17663677231957E-03
3.07197664067821E-03 -2.82892138288264E-03
-8.92559430687342E-04 1.94616666008331E-03
-1.12930225488308E-03 -1.12733408362432E-03
1.46108989617115E-03 -1.99909877155921E-03
8.66428475968766E-04 3.05688354199492E-03
5.33562624978385E-05 -2.07144957040169E-03
-1.2839905568962E-03 3.96988130449577E-04
-2.43305417401034E-04 -1.73885104429863E-03
1.37408953437779E-03 4.9799822087901E-04
-1.71014481543026E-04 -9.85427253206942E-04
-1.42171896707683E-03 -4.59456803120798E-04
4.73390058314291E-03 1.34230652357669E-03
-2.88020626123248E-03 1.05780534815173E-03
9.52235030446566E-04 5.18577872294246E-04
2.19616935006019E-04 -1.96847790236538E-03
-1.06088637603749E-03 1.22553173259239E-03
1.74982904880149E-03 -1.32269241147346E-03
2.28925085775085E-03 1.20232955984089E-03
-1.46406637155591E-03 4.13634651067151E-03
-2.0161277448706E-03 -9.31944246582815E-04
2.33056929774993E-03 -2.24296301694054E-03
6.46832702374706E-04 -4.98344486837026E-04
-1.41264789098869E-03 -4.0704005265423E-04
-9.3237830618099E-04 -1.80767987383852E-03
3.14084961629878E-03 2.59874967121888E-04
2.33812824445443E-03 9.60542894310505E-04
-2.90304277269204E-03 1.58135914877699E-03
5.94776420410106E-04 -1.49894288245682E-03
-8.7743537975784E-04 2.57463139929164E-03
1.3011879264749E-03 -1.48995670670755E-03
1.31114883486239E-03 -1.51382308003535E-03
2.34722582617647E-03 2.95653195307653E-03
-2.87860136752272E-03 -1.60826262827005E-03
2.07650969612704E-03 -6.73014145674567E-04
-2.98115391068885E-04 2.3221849548784E-05
-1.30874397807642E-03 8.40150280375894E-04
1.52879771426081E-03 -2.31332611145092E-03
-2.81949308441825E-03 1.8705792998363E-03
2.16746085741471E-03 -3.38311176779734E-03
1.73118271158296E-04 1.74367861947271E-03
1.78656071309456E-03 4.70792230946386E-04
4.10194719413687E-04 7.33469268530207E-04
1.02723433888881E-03 9.78799035961256E-04
-1.2756360565777E-03 -3.00987554494526E-04
-3.17947382838876E-04 1.17816069733485E-04
1.80750312334119E-03 -1.48506919678913E-03
-2.28188226992496E-03 0.001848945026144
1.68150840383324E-03 -1.76360691398012E-03
9.04997065876835E-04 -4.93292901650436E-04
-1.45698432348827E-03 1.63151408592592E-03
-3.12691476151752E-05 9.48738216227042E-04
-1.1063474660051E-03 5.69216803125208E-04
-6.12345368600986E-04 -1.94587683487606E-03
3.34280279115978E-03 1.11511473854606E-03
-2.62510594049879E-03 9.88263226699949E-04
-2.63410794270564E-03 -2.13801149964044E-03
3.55704056700346E-03 1.13377151211781E-03
-9.74067720017188E-04 1.48274532327899E-03
