3.05561967448249E-05 -4.85051017731155E-05
-9.70188143287137E-06 1.53470363760598E-05
-9.45877447868848E-07 1.22331336468295E-05
2.41834299593623E-06 -3.82377871383943E-06
-7.92605339149162E-06 -1.4181315465715E-06
-7.34929774552393E-06 -5.56652505861102E-06
4.33716607643449E-06 -2.11248741410183E-06
-5.24988981695551E-06 -9.55706812458933E-06
3.80309204040124E-06 -1.90795636610178E-06
-3.91149648456196E-06 3.70426777762251E-05
6.1609920291882E-05 1.20940877866436E-05
-5.98495029612236E-06 -3.98467925001788E-05
-4.52081649970744E-05 6.32092201619529E-05
4.29349532180741E-05 1.14971640387696E-05
-9.80205004263264E-05 1.79100639251365E-04
5.74140302669976E-04 -1.25350661535035E-04
-6.51657655655419E-04 -3.50711051458292E-04
-1.00807779580317E-04 -4.2663844498007E-05
4.23375134995257E-04 8.14345921255432E-04
3.87125029303484E-03 -2.63495199026594E-03
-1.08597717323855E-03 4.60851351271132E-03
4.65376025528586E-03 5.16589306725158E-03
3.0014050777071E-03 -7.50455146083157E-03
9.40096320726189E-03 -6.45221728946093E-03
-2.44055797439054E-03 1.48707647102399E-02
1.04042301508537E-02 -2.21755853271143E-03
-0.010205378382086 -7.44571459294202E-03
3.3060306242853E-03 -3.02554144603534E-03
1.85735788752879E-04 -6.93740889865551E-03
4.57619490194427E-03 2.23665907419852E-03
-6.55601466910483E-03 5.25346648640667E-03
8.42519099711151E-03 1.36082492977514E-04
-1.12335564003145E-02 8.9353723524691E-03
3.22289481865134E-03 -3.89985576035376E-03
4.93154451652236E-03 1.76336075108547E-04
2.98954427912089E-03 -3.35059185209298E-03
-7.54870674181616E-03 -7.70454896541316E-03
5.85384216480137E-03 0.011215755005078
-8.76812236230934E-03 1.24564760606453E-03
4.69177482155735E-03 -3.01814605196044E-03
-1.94128598334282E-03 -5.99328853036255E-03
3.58618451662062E-03 3.3918123534691E-03
2.33851162670902E-03 2.85559888904846E-03
-8.25223960511703E-03 8.60967729566327E-03
7.95033497598607E-03 -3.18781824643846E-03
3.77680261830513E-03 -6.63163396393442E-04
4.87159626619648E-03 -6.01208151792041E-03
5.520238642377E-04 0.010018538817798
-7.4341385376692E-03 -9.99093295697919E-03
8.69482404065058E-03 -1.16885910393855E-02
6.37415299398224E-03 8.52616365312348E-03
-3.47648757278298E-03 4.23835153072248E-03
6.82397197092467E-03 2.31355902902956E-03
-4.57885028642489E-03 2.53790384490605E-03
-2.90974904134903E-04 -6.22382765007623E-03
2.15021293062286E-03 -4.76594139799827E-03
-5.69358041338801E-03 4.97495849830302E-03
1.65019360673506E-03 4.95610795437306E-03
2.47870056871454E-03 6.06140551178101E-04
8.37694679792236E-03 -3.21377030494135E-03
-4.97313615839017E-03 -2.74295583445222E-03
-5.23674362035672E-03 -2.52453789952253E-04
-2.58101975946156E-03 -2.03893812137658E-04
1.74065891619458E-03 1.10357933501982E-02
6.08103200115616E-03 -6.25304937803492E-04
-7.61087073813464E-04 2.94585895482716E-03
4.96355700483704E-03 -5.21694330160372E-03
-7.3654087690479E-03 2.1002894950525E-03
1.42712303491832E-03 -1.32334482812286E-02
3.80305259225239E-03 4.68349147663962E-03
7.20984601960836E-03 4.03587100307845E-03
-3.73085019572733E-03 4.54354910061039E-03
-4.61302615105525E-03 -7.13076489979104E-03
3.75158297326314E-03 -1.08995408615081E-02
8.04249603032184E-03 -4.45984309852773E-03
-8.54482415355015E-03 2.64742609957122E-03
-3.71229380018384E-03 3.63632257790152E-03
-1.60264475420817E-03 1.31415482124285E-03
2.51901854218019E-03 -3.2225847612812E-03
2.75918757531997E-03 -2.91568849007347E-04
-6.05153536776622E-03 2.15672674967662E-03
-5.63426060332376E-03 2.15204718714948E-03
-3.3868525564362E-03 -6.06492951297938E-03
2.82973308032613E-03 4.61625430060336E-03
3.35319294699372E-04 1.69271593017355E-03
9.89079151104617E-04 -4.58843771969924E-04
-3.58573271289453E-03 3.26831076387452E-03
-5.3715970930615E-03 -3.78775916535407E-03
6.38139454629283E-03 6.47754752117201E-04
-1.14621481572039E-03 7.98767687446058E-03
1.00757405590871E-03 -4.6903003333566E-06
6.62771066943399E-04 -1.91406852974687E-03
5.26800054422145E-03 -2.27527556349206E-03
-2.88030302930347E-03 4.14663056460115E-03
1.06104643313982E-05 -1.96792908469076E-03
2.24652737093154E-03 8.10802515984577E-03
-4.8843448434566E-03 1.75766193035159E-03
1.73104399451262E-03 -7.71203090134643E-03
6.99205072385079E-04 1.14713264978404E-03
-1.52352195344367E-03 1.22872045770004E-03
-2.77792374977421E-03 3.23408118125668E-03
1.44814926934712E-03 -5.20743988903641E-04
1.77009384319641E-03 -6.1461972050744E-03
1.01786760966219E-02 2.66223754567193E-03
-5.6613730274525E-03 2.36663210336536E-03
1.23466508302824E-03 -4.07661092921662E-03
7.36921831115658E-04 -2.7558341049504E-03
4.73307134336072E-03 4.11408806503167E-03
-3.14607293883912E-03 -3.53267087461621E-03
1.79079118255455E-03 3.64488078526844E-03
-3.74266866082002E-03 -6.22570864260252E-03
1.9259668795926E-03 1.10894722250302E-03
3.15588738603924E-03 -2.49688297758603E-03
-1.89946092932949E-03 2.18321263151523E-03
3.6551985368101E-04 -3.83823993060994E-03
-2.61578229801663E-03 2.20274627547319E-03
1.76696927783501E-03 -1.21592651974389E-03
2.57008419300843E-03 5.29418243004761E-03
-1.0471661113039E-03 1.03387545619075E-04
1.84435212271512E-03 -8.98439870928568E-04
-2.23077421347549E-03 4.3740644028004E-03
-4.91321239939316E-03 -5.08450121030118E-03
4.16173590525219E-03 -5.205725763409E-04
-1.19815351819663E-03 1.47384726362733E-03
-1.29894611074596E-03 -2.04843215220869E-03
2.88741526488721E-03 1.57321155232712E-03
-2.00295751008078E-03 1.03578725690347E-03
4.82934961666771E-04 1.03639648185238E-03
5.82639998680188E-04 8.98557576509347E-04
-6.70633727554382E-04 1.11836794701723E-03
3.44071529635753E-04 -5.24883105054017E-03
-5.70375306375136E-04 9.02084369298285E-05
-4.8812458541307E-04 8.24943757415083E-04
-1.4493901782645E-03 -3.62789476334875E-04
3.55618156685553E-03 -1.0356305725748E-03
3.70516302449066E-04 5.63557034046895E-04
8.1908674132298E-04 -7.31139138643775E-05
-1.61224905066493E-03 4.54960248728511E-04
-2.73743621960109E-03 -0.001587103932776
4.50363254540838E-03 -2.02731975758903E-03
1.94410602336681E-03 6.0746561231809E-03
-3.15097407601426E-03 -2.71187598691752E-03
-6.48065835015795E-04 -4.73315320167278E-03
3.72227692839204E-03 -8.18434341307794E-04
-3.62549252943575E-03 2.32073083386591E-03
2.17113141741475E-03 -1.20771514206979E-03
-1.03905701804002E-03 2.74985548318914E-03
-8.43281126422762E-04 1.02604864453612E-04
-2.37347176862491E-03 -3.25463977218498E-03
1.14066160511058E-03 3.14074520926933E-03
-3.0695677836083E-03 -1.79724415106576E-03
8.61433199593139E-04 -2.00890451008435E-03
-7.94071056038335E-04 1.29744469027138E-03
2.13175420891705E-04 5.10539427729529E-04
1.35621371089094E-03 3.28741118836343E-03
-3.26001634662514E-03 1.55926199604374E-03
8.36190738870611E-04 -3.00424832332512E-03
-1.36015614106449E-03 7.76863786892342E-04
-1.13134790475622E-03 -2.80713104139304E-03
2.42607462147068E-03 -2.24025675200357E-04
2.47890861713921E-03 4.78407606897793E-03
-1.48732345739989E-05 -7.58017596774771E-04
2.05757892644955E-03 2.02795061770307E-03
-1.03960615219792E-03 1.3117074084213E-03
-2.25657997818907E-03 -1.70598871857437E-03
1.88735121334123E-03 -1.46105154351162E-03
-5.19620669127933E-05 2.11519616800848E-03
2.05774349323272E-03 -1.86231878606053E-03
2.64967896669111E-03 2.19041329272082E-04
-2.94988759709812E-03 5.06300223059514E-03
-1.55939586099402E-03 -3.68642091223169E-03
4.0420037595388E-03 1.22269877846374E-03
-1.10946988782945E-03 3.19180628487813E-03
-3.40740461753215E-03 2.02839146179809E-04
3.48627035897468E-04 -0.00338540545725
-2.59241078941763E-04 8.88242282065539E-05
3.67010952642352E-03 -2.39432476735145E-03
-1.76191816634273E-03 3.82246174971982E-03
-5.06729211845666E-04 -2.90202772647322E-03
1.43353023517871E-04 5.63215859617284E-04
-1.43429205070624E-03 -5.76444439428214E-04
3.61025781355653E-05 -2.13030726156151E-03
1.32126200445668E-05 6.3029983941229E-04
-1.35897025136599E-03 -1.92351245371865E-03
1.77762405387476E-03 -7.89878947639749E-04
1.75781565874805E-03 1.91253197462548E-03
-1.4292530098872E-03 1.36878112695813E-03
-1.12833643487055E-04 -1.15625769799712E-03
-1.00626734896113E-03 7.12803434230341E-04
1.53559684508326E-04 1.31516803672961E-03
8.73237271046059E-04 -4.42181826624081E-03
1.11709588758305E-03 1.52264195351335E-03
-1.85787250622146E-03 3.13808423625934E-03
-6.42073706558641E-04 -1.6746580491973E-03
1.58481915130466E-03 -1.47624324507743E-04
1.78280383081665E-03 1.37567785444558E-03
3.05140726382263E-04 -3.24440474497945E-04
-2.23549985915639E-03 -4.33641143068617E-04
4.77898124619483E-04 -1.61175997682765E-03
2.50219574296049E-03 -1.51201895960861E-03
1.17264105714318E-03 3.91476851290536E-03
