3.00283768648236E-05 -4.48644272632172E-05
-8.71425504573203E-06 1.84875112770931E-05
-1.28079851465861E-06 1.29240293908729E-05
-1.91082961330363E-06 1.70660042385716E-06
-6.48252300227557E-06 1.75471426546536E-06
-1.00721384143063E-05 -3.97615558766052E-06
5.0011356172495E-06 2.00720025498333E-07
-6.18085537930388E-06 -7.79297731214771E-06
8.47422990315243E-06 -5.895720206426E-07
-1.65153124871539E-06 3.59770472276595E-05
5.64922972672042E-05 9.08653552865719E-06
-3.67791017659541E-06 -3.59239086549809E-05
-6.54421705301516E-05 5.61554556301373E-05
8.12025673344757E-05 2.17613825537898E-05
-1.38426365208656E-04 2.02013939972511E-04
5.79058014371009E-04 -1.07217938713291E-04
-6.57730812022778E-04 -3.55525964075382E-04
-1.74295748883475E-04 -6.6564104769781E-05
8.66826945652346E-04 1.36757391090362E-03
2.6444210753505E-03 -3.32382243782288E-03
-6.51339689605987E-04 5.44004755158646E-03
4.28392861568597E-03 7.73800328872247E-03
5.64952674000415E-04 -1.15884879733027E-02
8.5442092931271E-03 3.73860515696407E-03
1.94925024179793E-04 8.39508335804902E-03
7.83431808455884E-03 -3.25787995710491E-03
-9.26921377232152E-03 9.7420118118137E-04
1.43465986137593E-02 -2.17485637363885E-03
-7.54772422778503E-03 -1.38437110791365E-02
1.04745812257344E-02 6.32188771834906E-03
-3.09263501794775E-03 6.25498629910277E-03
8.12810032381803E-03 -2.64461800823791E-03
-7.46830191021321E-03 1.12393870264686E-02
-1.67476085111312E-03 -1.57499835882977E-03
8.67205159437013E-03 -3.46434622575672E-03
-0.002909828390374 -4.57869839467322E-04
-7.5459966310261E-03 -5.57353618449569E-03
5.7995997210452E-03 6.27295504958704E-03
-7.30689735040115E-03 2.22371190598342E-03
-8.03669640078879E-05 -3.88335717321763E-03
3.43300198864496E-03 -5.38013887214395E-03
-2.08259780443408E-03 1.46504285554859E-03
8.6371759362914E-05 2.77656690881965E-03
-4.00536813305619E-03 6.03571240222127E-03
1.33139952814521E-03 8.99788144781084E-04
8.41157967836111E-03 -1.99951366943491E-03
2.74843564407722E-03 -3.36081830718416E-03
-1.67128614137882E-03 5.05825832409955E-03
-4.13454904271809E-03 -8.66379043040856E-03
5.60923287549642E-03 -4.56222283329166E-03
3.04186383489228E-03 3.8331640372179E-03
-2.02690498975838E-03 4.28893042323366E-03
2.88286285862797E-03 -1.0927471438328E-03
-1.43632036726929E-03 5.75352177072727E-03
6.46528992799517E-04 -3.42521944401064E-03
-5.92505214579819E-04 -1.83842360081244E-03
-8.90673913436691E-03 5.67700870953448E-03
-3.72888059398334E-03 4.96541696957506E-03
6.92128493613082E-03 4.01813103909545E-03
9.21994718120501E-03 -5.50221102620423E-03
-8.35138429140205E-03 1.81268916099673E-03
-4.36051138468818E-03 -1.81228436410822E-03
-3.96961344829756E-03 -1.04871606079561E-03
1.9173429395078E-03 6.81820416180564E-03
1.17784951628165E-03 -1.10057171931568E-03
1.58667970860862E-03 2.56045596328012E-03
-2.24138955774518E-03 -8.31747335630072E-03
-3.76701696034312E-03 -6.66751447015767E-04
-3.07737790695207E-03 -1.30601876293558E-02
6.80223759416112E-03 5.81078561278107E-03
-1.60019469420949E-03 7.25888583692729E-03
-1.6469973109864E-03 2.80771419396521E-03
-4.06796093269445E-03 -8.69975825942842E-03
5.70613135987334E-04 -3.23013252910937E-03
3.91355750983098E-03 -7.13791088694295E-03
-5.26936156235935E-04 4.31619911011966E-03
-4.81360822953829E-03 5.37840451720527E-03
-2.40796136859587E-04 8.56749360548889E-04
5.04574146374893E-03 -2.27483363545448E-03
9.25249539807507E-04 9.03244974829784E-04
-1.29739445433817E-03 -6.37015992981687E-05
-7.33788713603874E-03 3.88029564301701E-03
2.19416617916479E-03 -8.38724678409697E-03
7.44608044276934E-03 6.61997869225874E-03
-8.20886198125072E-03 4.02710560876189E-03
1.36878712368382E-03 -3.91666911997548E-03
-1.10677774739867E-03 2.26837624258299E-03
-0.001910955209566 -3.72382225277952E-03
5.19121350203133E-03 3.05711796110185E-04
-1.30298000641074E-03 5.52018659387981E-03
-3.18287973554876E-03 -1.65608898824991E-03
3.2146143120373E-03 -1.16809849511176E-03
3.20909203597492E-03 -5.14276998598043E-03
-1.6139563713577E-03 3.40876179476572E-03
-3.46777024849997E-03 -4.74856155776199E-03
0.005641368659328 8.43300323207001E-04
3.74332152023775E-04 2.98701437028033E-03
2.02062128076509E-03 -3.19051335933434E-03
3.53045445321241E-03 -4.0303162706001E-04
-2.69073488715767E-03 -3.59074747725988E-03
-1.02666221145107E-03 2.61740458894125E-03
4.77657169560717E-03 -1.95142395513679E-03
3.97081096048237E-03 -2.02442872954068E-03
5.14005388513721E-03 -2.94104656604554E-03
-1.26431301179953E-03 2.86479860643265E-03
-1.80708957202768E-03 -7.65208363625863E-03
3.21542692309463E-05 3.86151816597698E-04
2.70887993066625E-03 2.39877531519468E-03
-2.86207055903209E-03 -4.88236459233343E-04
3.49362538066393E-04 -9.81386060179144E-04
-3.13976597282028E-03 -2.57174994701052E-04
2.93884222389078E-03 1.96244050878279E-04
-2.68681927032622E-03 -1.28567183761248E-04
-2.66994994019073E-03 2.48881165350152E-03
-3.0733102102018E-03 -5.74426597761319E-03
4.62073409885405E-03 3.08981159810008E-03
-8.4832521568752E-04 2.31627153675558E-03
-8.49073774601454E-04 1.89453271803768E-03
-1.99080037344172E-03 -2.46891281784647E-03
1.56715859538626E-03 -1.36960696214148E-03
-2.09257472941741E-03 2.75136856671003E-03
-2.95960733097064E-03 7.72686097784291E-04
7.0952799849725E-05 -7.22950423544614E-04
-2.54383711187539E-03 2.64778151975758E-03
5.16555799257527E-04 -2.61571013814439E-03
6.34556064687703E-03 -8.42726731735663E-04
-8.70204815948175E-04 4.63923302323412E-03
-2.31487528951911E-03 -8.42795858709509E-04
1.88250773168526E-03 5.86517680685548E-04
2.25880106503189E-03 -1.94347050593606E-04
-2.28262024650673E-03 -4.10035712441557E-04
3.04840900207759E-03 -1.89122521361449E-03
-2.80339931656765E-03 1.94736067474088E-03
-1.46854649164553E-03 4.15310578103385E-04
-1.56201706015169E-04 -1.26270019368207E-03
2.98490291551676E-03 1.21888631094186E-03
6.58152099865144E-04 -7.84416464740373E-04
-4.18321303366121E-03 1.93715291462017E-03
1.37147332590732E-04 -5.1900036945564E-03
3.57158633931198E-03 2.05120938585187E-03
-2.51709711738326E-05 4.07634669902048E-03
-2.75142238010966E-03 -1.22728369684958E-03
1.53005641214335E-03 -2.80528785825618E-03
-1.36078704691346E-03 -9.37645967260841E-04
1.10697636933681E-03 9.81987356628133E-04
-5.80947183965362E-05 -7.63943237890557E-05
1.54801190360569E-04 3.03450494986665E-03
-3.08669490249141E-03 -8.29122906458218E-04
2.15744009991418E-03 -7.19867376102273E-05
-1.57350578514732E-03 2.63923882750788E-03
-3.13392953311211E-03 -1.83978945390149E-03
5.1538571053194E-03 1.6687672057699E-03
-3.51728566186771E-03 5.74567684575486E-03
-3.13678291329497E-04 -9.65137103840463E-04
3.96327303608763E-03 7.34628142557885E-04
-7.77184483516379E-04 1.4151849208322E-03
-1.24540566955974E-04 -1.27105886566525E-03
7.44786254216023E-04 -2.70786617003752E-05
-1.66957258725422E-03 3.23098925232135E-04
1.58813121103638E-03 -6.9178832777158E-04
2.05872146749098E-03 4.17661588809802E-04
6.2459403414068E-04 7.89329124965557E-04
2.0873139182906E-03 -6.03391195221396E-04
-1.34655631331274E-04 2.94225114026552E-03
-1.11284406500626E-03 -4.61154743540409E-03
1.34416313735664E-03 1.04885284148286E-03
-3.08752580546305E-03 4.18554063442249E-04
1.78904035411857E-03 -2.44128333775327E-03
0.001681693206424 5.03072002164198E-03
-4.17006471645561E-03 -2.47754708133994E-03
0.002644233737027 -1.91965576936035E-03
1.78803674547691E-03 5.51189402447335E-04
-1.09639272308178E-03 4.0548548905277E-03
-2.43277261400138E-03 -2.29741584716313E-03
1.45676667963864E-03 8.90121202849974E-04
-1.64049715359575E-03 -2.03058395804055E-03
1.82358841188195E-04 -2.94761782156535E-03
1.42304376903991E-03 2.06853205053618E-03
-3.45058470118197E-03 1.96536729900184E-03
2.7631076727873E-03 -1.81481949960722E-03
-2.17511040533744E-03 9.27062705982141E-08
-1.54932007622998E-03 7.81001594467943E-04
6.6844697180026E-04 -2.8505567607742E-03
-1.41031889696739E-04 3.72837837743107E-04
5.6963043859896E-04 -7.82273239263693E-04
-5.9897493657382E-05 2.0447438380539E-03
1.87842615678239E-03 -2.70450160100639E-03
-7.15076433316025E-04 1.42739222545148E-03
0.001148401482636 9.05400342413115E-04
-5.73179419499093E-04 -1.98411076224897E-04
-1.35203762520127E-03 4.62291984684982E-04
-1.97505868587736E-03 -1.1473965855527E-03
1.77004048121059E-03 -1.42597032157789E-03
1.92782691245992E-03 1.92532141505461E-03
-1.91382381074331E-03 1.0529634319559E-03
1.46596151547179E-03 -2.88602825626964E-03
2.08293241245312E-03 1.29075934036719E-03
-0.001258853373002 -6.76628792221643E-05
-2.28984437707759E-04 -2.5932204882343E-03
6.28058721650282E-04 2.23197918130788E-03
-2.55283166818358E-03 -1.96761552888558E-03
