2.9027404356405E-05 -4.48531572366114E-05
-9.93419684791492E-06 2.1663484130749E-05
-2.13888227693514E-07 1.79451106268347E-05
2.47628643157204E-07 -2.01165745069989E-06
-5.2787126534556E-06 -9.93047667202693E-07
-2.78820967259479E-06 -3.8502282505934E-06
3.03919739646382E-06 -4.18233753713927E-06
-5.96078005049429E-06 -1.02716444319357E-05
1.09687948364004E-05 1.96850141102111E-06
-3.55382531399099E-06 3.79893643428157E-05
5.57554804192616E-05 1.1611224449387E-06
-1.60048744633254E-06 -4.65397347454178E-05
-7.57892682041609E-05 5.85217605763978E-05
1.07383898560045E-04 4.18466424385238E-05
-1.62877912230079E-04 1.88988941646848E-04
4.25085002214944E-04 -3.39210719677888E-05
-5.91200631263841E-04 -4.83629417141885E-04
8.83674335199746E-06 -1.4961427094444E-04
1.19443084847563E-03 9.81431884017416E-04
1.42932028527442E-03 -2.41902188233033E-03
3.09039180484894E-04 5.78803354072395E-03
6.45483312047463E-04 6.15896358965685E-03
-1.47675419802977E-03 -1.00031074232375E-02
6.9448048422193E-03 0.004176753885714
5.52884799548332E-03 2.64671709548558E-03
-1.7579704199133E-03 4.11592675179604E-03
3.23343875858436E-03 3.86365724206177E-03
4.79531366397157E-03 -6.83753064291811E-03
-3.52271497078945E-03 -7.67603662695742E-03
1.15855928953471E-02 3.33513195932495E-03
3.16349812997375E-03 5.81806141569688E-03
3.69268829954617E-03 -1.63110282352815E-03
-3.82102955368615E-03 1.37314515611968E-02
-3.32233052411449E-03 -5.88315859447706E-03
1.08573387873446E-02 -3.52017544573416E-03
-5.56623951715243E-03 -1.82771052022567E-03
-8.13470640357422E-03 -9.44982521779056E-05
7.50479919739907E-03 -6.40421536095914E-04
-4.2696247981569E-03 3.4747273837283E-03
5.30398121349003E-04 -2.90983331369845E-03
-3.51323832630602E-03 -4.99461373816502E-03
1.78578807747374E-03 7.40688626379447E-04
-1.50812573243928E-04 -2.98281699895406E-03
-2.73709436907411E-03 7.65283354620232E-03
-2.69633539569322E-03 -2.37396586636366E-03
1.18584190339729E-02 3.85730167686192E-03
-5.08511198733992E-03 -4.63133580580476E-03
-1.87239357682968E-03 -4.6783962302885E-05
-5.94547685798426E-03 -3.98847268193871E-03
2.37630963899472E-05 -6.54815831955912E-03
1.17486653918792E-05 1.79257492082761E-04
-6.55093462869325E-04 5.91752065521573E-03
9.32843631079296E-04 -2.73879038887695E-03
1.3854144951026E-03 3.87710640219375E-03
-2.90585469399441E-03 -3.73815957574394E-03
1.14012972383597E-03 4.42867777108523E-04
-1.21449078885277E-02 5.45141305317377E-03
-6.2042622049201E-03 1.8051460364365E-03
6.47101247620244E-03 5.13808819454834E-03
7.96527953183623E-03 -4.98945422321646E-03
-3.2004381124482E-03 3.7627820318246E-03
-7.51013116949041E-03 -5.54669021114987E-03
9.74522686134006E-04 -1.19940467030375E-04
3.70419390208061E-03 8.98410297790156E-05
7.83968939774662E-04 1.05361526142777E-03
3.76931049757853E-03 -8.56682135979009E-05
-4.93587404901145E-03 -7.25190120498082E-03
-5.14126584784727E-04 -4.56768148089938E-03
-4.78108773685662E-03 -8.35268999736253E-03
7.92795820690257E-03 3.37649572153493E-03
-8.99978214738623E-03 8.55225568019615E-03
1.10422582703045E-03 -1.92992840836618E-03
9.30877233842424E-04 -4.70141757260212E-03
-1.50372363951564E-03 1.91773119264417E-03
-8.56198246298884E-03 -7.69983473908231E-03
3.11632854677406E-03 4.01938401677734E-03
-0.005921004210677 7.63848675326018E-03
-2.0720523300126E-04 -2.77066821571158E-03
1.04026745122389E-02 3.31591394519672E-03
-3.40207468341312E-03 6.09993081465332E-03
-1.15373358141775E-03 -5.51136827490283E-03
-2.43556499447301E-03 3.27533181201698E-03
-2.40015445713507E-04 -1.46192018957482E-03
8.63355022402374E-03 5.16001185977757E-03
-6.82822758993054E-03 3.97039899142322E-03
1.96161185238163E-05 -5.50178736652682E-03
2.95792741666578E-03 1.42628939515046E-04
2.52248437895166E-03 -1.00564905943566E-03
2.89550906309133E-03 1.75874714684629E-03
-1.39921282635829E-03 -3.4415025264196E-04
2.6188087846138E-04 -4.92207444043329E-03
1.5060246307699E-03 -5.57569591764807E-04
2.85136119614535E-03 -4.58850983614504E-03
2.63093922267957E-03 3.18806150464995E-03
-7.85720981512503E-03 3.61218300799884E-04
4.21852663986764E-03 -4.62266789210984E-03
4.82034006828405E-03 2.1732467692576E-03
-3.72701120349912E-03 3.74284950941634E-04
2.7273459518588E-03 -1.11401870123787E-03
-6.35910092433949E-03 1.8564932354468E-03
-9.180542795758E-04 -2.56792815799425E-03
3.74975105620131E-03 -1.53768181372576E-04
4.44131969536239E-04 1.74582326093715E-03
-6.11378851334436E-03 -5.02670145346126E-03
-1.38512557322189E-03 3.83097243681386E-04
-1.75046296543354E-03 -3.51127070285754E-03
2.25552969054963E-03 -1.10457272665148E-04
-2.85328601182256E-03 2.31389612107358E-03
-4.53901719836307E-03 3.26675342677398E-04
-7.04887972261257E-04 -2.62914745868846E-03
1.39056163825098E-03 1.30670279752268E-03
2.79041629984199E-03 -2.85954624164916E-04
-3.98785554952697E-04 3.68253789335032E-03
-4.87882686192789E-03 -2.86036952081236E-03
-5.9284186861508E-04 -1.1366515595477E-03
4.90474758035827E-03 -6.17217633339874E-04
7.12767707566551E-04 4.60078741414292E-03
9.03111350068915E-04 -1.89868731440603E-03
1.71561800323134E-03 -6.75532660366512E-04
7.76276991835805E-04 -6.09426896700938E-04
1.54555782747703E-03 1.87215134563307E-03
-5.35781544539687E-04 3.85976040481873E-03
-1.71862743805048E-03 1.69866339758256E-03
-5.76609978335986E-04 -1.48865766891343E-03
2.48869682063801E-03 -2.72607817599804E-03
1.74983921531576E-03 -6.62295883734053E-04
-3.8454075275371E-04 1.44606139606095E-03
1.0710408871111E-03 -1.40911965729358E-03
5.91796417701457E-04 2.95909506281699E-04
9.00497146952097E-04 -2.13879907715019E-03
-7.03798950006013E-04 1.31844210108772E-04
-2.01387892682668E-03 -1.89747043203135E-03
-8.68630431846269E-04 9.73418475375633E-04
4.95625062108643E-04 -1.23246659563288E-04
1.83683635633291E-03 -1.39951792020112E-03
2.20143027954536E-03 2.78166970301401E-03
-8.31394757802589E-04 -3.68023099576519E-03
2.0041304345426E-03 1.55221265035868E-04
-9.9633361165503E-04 -7.78898942351138E-04
9.4679302586219E-04 4.64945591198004E-03
-1.19054157444712E-04 -2.06342659151033E-03
1.4384419493162E-03 7.09463445134041E-04
-2.32370199539852E-03 -3.60416807160816E-04
-2.38137077339214E-04 -1.92249083869963E-03
9.24986271726428E-04 1.55826058249143E-03
-3.97944683546864E-03 3.17003393055681E-03
1.7329624752314E-03 -2.21300908099856E-03
2.67485330514514E-03 4.01944302746396E-03
-2.18184563571549E-03 2.12649653009014E-03
-1.66930576427419E-03 -9.64588541141581E-05
3.15281917906253E-03 -1.37164421684147E-03
6.10816228851302E-04 7.32048225211939E-04
8.92689431970316E-04 9.62465860728514E-04
2.49872952607824E-03 -2.12304395566911E-03
5.9997199464477E-05 1.21854288317876E-03
-1.22823531105625E-03 -4.84326127796511E-03
3.33479172907957E-03 8.15207867978365E-04
-3.73359874614924E-04 3.95991883612851E-04
-2.1274655240043E-03 -1.0933924801119E-03
-1.02884095180776E-03 -2.30255089195655E-03
3.13944149051793E-03 8.32807272723077E-04
-1.95673260115724E-03 5.55781127307329E-04
4.04609018656795E-04 -3.78421692580344E-03
2.73455672534912E-03 2.45808756252396E-04
-3.60022603355618E-03 -1.51784654743632E-03
-3.02785018764342E-04 5.29185538393959E-04
-1.46672090150492E-03 1.78286550101066E-03
-5.60542534417452E-04 9.30941571976158E-04
-1.38678740484421E-03 -1.42618972355035E-03
-2.84219168183746E-03 -1.81834217298924E-03
2.97532075223193E-03 -8.560287746732E-04
-1.3784773521664E-03 1.40210753705186E-03
1.22346090844857E-04 1.48036874046618E-03
-6.81409631321308E-04 5.99666196205696E-05
-2.31998265432214E-04 -2.62804911273836E-04
-3.47222407039014E-04 -2.99731260102432E-03
-2.17033717382878E-07 2.04962721331387E-03
-3.31551908104448E-03 2.07824089192647E-03
2.3404971345448E-03 -3.31130920519171E-03
2.16322189285882E-03 0.002062528811319
-3.2860562068905E-03 6.12830484903553E-04
-2.83337700831663E-04 -1.24458103528918E-03
1.37327059246876E-03 2.32724259223296E-03
-1.40549830150188E-03 -2.30940372301554E-03
5.16084099680304E-03 6.17954603830434E-05
-2.69875204648646E-03 2.77696040685133E-03
-2.54139327178386E-03 -1.49995600177194E-03
1.6254963734904E-03 -3.00313315791331E-03
1.6539008551837E-03 1.75538720697137E-03
-7.27398497210787E-04 2.67029136879396E-03
-1.60527177787706E-03 -5.50087223040472E-04
-7.4205798611137E-04 -2.17269952661674E-03
-1.33289791569843E-03 3.6712727057795E-04
7.91869547498199E-04 -8.03601422677781E-04
-7.85030863108616E-04 -1.66251698964586E-03
8.23120960124239E-04 1.35365103455503E-03
-1.53871847137519E-03 -2.21118371892793E-03
-6.19059735926627E-04 -9.3140088812924E-04
-5.2387109075446E-04 1.65663418741211E-03
-2.04899848318202E-03 5.71617892815351E-04
-6.30963509075872E-05 -1.67960153602143E-03
