3.1281967187535E-05 -4.50394628641682E-05
-1.00029882513973E-05 1.99470082491961E-05
3.23558310945255E-06 1.31682160718967E-05
1.95137649236916E-06 1.70136339612895E-07
-1.12262972113862E-05 -1.27087713870591E-06
-1.33321571879739E-05 -5.19673082522223E-06
3.39244607977151E-06 -4.20595781246473E-06
-6.30032425281178E-06 -8.31913283900882E-06
9.54812728676544E-06 2.60845132537605E-07
-3.41069105263226E-06 4.01698283241336E-05
5.48193132827271E-05 4.94699130121534E-07
-4.83962414937256E-06 -4.49558292775459E-05
-7.46249681347114E-05 4.8255586764688E-05
1.23108207679289E-04 6.62866698687831E-05
-1.55881523865599E-04 1.41174797749687E-04
2.23967926697877E-04 3.06982191838038E-05
-4.59615911903666E-04 -7.02563026048732E-04
3.00485494152138E-04 -2.66127110983836E-04
3.7430410745324E-04 6.77303817069782E-04
1.4933486834713E-03 -2.04568626704298E-03
1.57237056521593E-04 5.11074453993713E-03
-2.64616668543208E-03 2.25320924078188E-03
-1.73423097391816E-03 -4.45809552687775E-03
6.90280071950619E-03 -9.54582668884568E-03
4.71662425982526E-03 1.41066932795801E-02
-5.67647960528914E-03 4.78592515779677E-03
7.21389082374767E-03 3.85709430630251E-03
-8.03785180193398E-03 -1.17300190621546E-02
6.81810888184001E-03 3.91868067392937E-03
5.70486085603888E-03 -8.51569896040595E-03
7.18334724411129E-03 1.40335576667741E-02
1.04269151451553E-03 -1.53230943443171E-03
-5.85847631525973E-03 1.12870413665125E-02
-8.88929964231797E-04 -1.11997796274332E-03
6.82487620348955E-03 -7.36090649717431E-03
-6.61309440288119E-05 3.00098834111867E-03
-1.17106720894945E-02 -9.99499125767132E-05
5.83014192447643E-03 1.23313629289923E-03
4.40650430986629E-03 6.09240972786065E-04
-3.62866813311531E-03 2.15567284505798E-03
-3.30802367703106E-03 -5.83302668714815E-03
6.10162458037121E-03 -5.10002112337324E-03
-2.63089002283874E-03 2.31010146759842E-03
-3.55518268904772E-03 1.05696106397605E-03
4.99878259114466E-03 -2.80814159544665E-03
4.18739028928527E-03 2.20959330467628E-03
-4.15042064453736E-03 -3.50341144618404E-03
7.84513156163386E-04 -1.88953991959162E-03
-1.18472564450741E-02 -5.88181087673733E-03
-3.03844337939833E-04 -7.36605990495756E-03
-5.79928887526564E-04 2.18285352212163E-03
-1.50091050681939E-03 8.51282263575396E-04
-9.64910932464351E-05 -5.35457247603798E-04
8.56000018300428E-04 -2.75547248850046E-03
3.2532297208748E-03 -3.12691028467647E-03
4.49374237245967E-03 -6.73189668333969E-04
-1.32900266653879E-02 6.10699001254603E-03
-8.62646804329061E-03 5.83805864300621E-04
1.13363250922725E-02 2.39944473937895E-03
6.30775323642095E-03 -1.45043901992238E-03
-2.46149437167166E-03 -7.05806311597971E-04
-5.82268428233824E-03 -3.28516235251513E-03
2.12134893933053E-03 1.38082337950939E-03
6.65456440157487E-03 1.17338447058023E-04
2.43898439460067E-03 6.67870373559047E-03
-5.01063745068306E-04 2.59410902592719E-04
-4.95657514508079E-03 -0.003186238554489
1.95238866173237E-03 -7.9905843189835E-03
-1.99313890842486E-03 3.92038229976943E-04
6.37908329740185E-03 2.28223988425349E-03
-9.65815093423399E-03 7.70131165803851E-03
1.69540639947105E-04 -4.66665054455461E-03
3.5426368970457E-03 1.91733640927697E-03
-1.58146565525892E-03 1.91149109912423E-03
-1.02705989345575E-02 -6.5334548822016E-03
2.62879483072828E-03 -1.78299181911135E-03
-6.24921944270052E-03 8.21889372415928E-03
1.03298970671692E-03 -5.07521463855616E-03
1.30434469169914E-02 4.99249133098477E-03
-4.33230012532677E-03 5.60603022192773E-03
-4.46266054588561E-03 -7.72997231774672E-03
3.56371820771474E-04 -2.94388362298428E-03
1.12764695428788E-03 -1.43067962933216E-04
6.62148166548497E-03 5.17375636567931E-03
-1.90547327270484E-03 2.45086329649995E-03
-2.49867718256763E-03 -5.62221085237931E-03
1.17377365245336E-03 -1.6138294987159E-03
3.97535447178932E-04 -4.67163456815077E-03
1.45205873239298E-03 6.27062930791921E-03
-6.31899661454054E-03 1.29687464870061E-03
2.05534212624103E-03 -7.04723800508015E-03
2.74221723200854E-03 4.13941018337203E-04
-3.40480870453776E-03 -1.41369802020146E-03
-5.23937556366897E-04 2.01559110310404E-03
-7.20084107785716E-03 -1.9182573268094E-04
1.12259274294448E-03 -5.77103983214339E-03
8.14887793797308E-03 1.26487674826985E-04
-1.3199073209528E-03 3.10701012143449E-03
1.6966043344047E-04 -4.9945957495567E-03
-5.6339906055454E-03 7.00879814121364E-03
-1.02327057840741E-03 -6.0300217358058E-03
6.90628816683859E-03 1.41693343247759E-03
-3.11330069058778E-03 3.29008651192028E-03
-5.6972340100681E-03 -5.20705041856937E-03
1.43649766438949E-03 -1.99474693793567E-03
-2.63336876596582E-03 2.51323211030186E-03
2.55404203495209E-03 -2.14900367003592E-04
2.57179442542677E-03 3.92310255051735E-03
-3.55682270749008E-03 2.61964664486623E-03
8.47220575627031E-04 -1.54841810551662E-04
5.14235763566856E-03 5.44977745848797E-04
5.2177535610274E-04 1.32199238227339E-03
-6.96481171930846E-04 3.23508579484973E-03
-2.37948330011471E-03 -1.96269364589006E-03
1.4410776343225E-03 2.47351024142551E-04
-2.10594633304396E-06 2.21295972080536E-03
-3.36805892497756E-03 3.6391578903971E-06
3.05108130552752E-04 -2.80477329634697E-03
1.25472073636245E-03 -9.36052654560275E-04
-1.94749740280709E-03 -1.67030741607769E-03
2.90876797245606E-03 1.71819701033572E-03
-9.10956766861613E-04 3.53037225993032E-03
-2.28735249285079E-03 8.4565948792091E-04
2.04902337922313E-03 -1.99865827648852E-03
2.99755400782039E-03 -3.12890823795327E-04
-3.45204561318456E-03 -1.56907547884475E-03
-1.96167275267354E-03 -3.53889701121807E-03
3.74460398235022E-03 -1.65210049560016E-03
7.91038463390986E-04 3.33016969919694E-03
-3.22168007145684E-03 -2.7051174350304E-04
1.70339586673372E-03 9.26685745164607E-04
-3.77716129346922E-03 -1.48046860042998E-03
-2.27667962683652E-03 -1.61285737975383E-03
2.08452195901735E-03 -6.99032367243641E-04
2.24982073034971E-03 5.08790042961427E-03
-4.17577984811159E-03 9.67040809954585E-04
9.56094471252946E-04 -4.7935274779161E-03
-9.11511795100362E-05 -5.77707666739791E-04
-6.57795422825072E-04 2.46290141720292E-04
-1.04135211749474E-03 8.53973881697659E-04
3.82942213410724E-04 1.23753731409914E-03
7.71418445213485E-04 -1.43396174851379E-03
-5.13652991780541E-05 2.65297741235029E-04
1.14990951136501E-03 -1.21127580195292E-03
1.4895696383067E-03 2.37153324425795E-03
-1.25296981035939E-03 -7.28095056551582E-04
4.23990740073326E-03 -1.00877929213312E-03
1.58462595028914E-03 3.49104909804063E-03
1.80296665513705E-04 -3.70059539873579E-03
-2.70476792580458E-03 9.28187145636177E-04
-8.4952651522335E-05 -4.24956568582278E-03
2.3182425273258E-03 2.83458883408521E-04
-2.6378471848923E-03 1.52151112188473E-03
-9.80998881446775E-04 -3.78386844009154E-04
-2.03704502840234E-03 -6.61722427430132E-04
-1.01239395964045E-03 -2.47704025562962E-03
-3.1467782197932E-04 2.18564322551282E-03
-3.18789145971637E-03 -1.76910664702094E-04
-2.2857108036453E-04 3.56493150682813E-04
-8.67648736451703E-04 6.10372717782352E-04
-1.08283805228775E-03 1.27758761754247E-03
-2.00025257550588E-04 2.39767960984875E-03
-2.90815775932346E-03 -9.34069669912784E-04
-2.26051574262613E-03 -2.00049308425755E-03
4.03354401728679E-03 -4.45288373751063E-04
-3.36959975555184E-04 5.69544163691461E-03
-3.94654691975055E-04 -9.90840015497475E-04
-8.21756470616584E-04 7.76780310055922E-04
-1.06448005922036E-03 3.77834457936513E-03
-1.18643609668759E-03 -3.70938979030065E-03
1.20631481095618E-03 2.49477008058534E-03
7.40264900090653E-04 -6.45221393040188E-04
-1.30723182290773E-03 2.91807462772993E-03
1.44296798580869E-04 -1.59574336307057E-03
-6.71109119871701E-04 6.14985223395904E-04
8.42560946613391E-04 8.9212974658216E-05
6.06772419419702E-04 -1.65554132981158E-03
-1.22284002135324E-03 -3.06340806195637E-04
1.48591749523446E-03 3.16463909804424E-04
-3.33466728889309E-04 -1.05326753218709E-03
1.76099730889344E-03 4.76956237093419E-06
-1.33036685403833E-03 7.07857597639672E-04
1.67904568177303E-03 -2.83047573732339E-04
9.96333066281432E-04 -3.05602508544183E-03
1.06345944193331E-03 3.49433420665097E-03
-4.65819348856112E-03 -2.15335938534914E-04
2.57294394146936E-03 -4.49312916083677E-03
1.54040548318306E-03 1.49832380595713E-03
-3.03930479636862E-03 4.32808097211013E-03
-6.99285936840957E-05 -3.75488356600396E-03
8.69550918181805E-04 4.15440283496471E-04
-5.93215092684797E-04 7.4974165654419E-04
4.96594895063598E-04 -1.31250431081912E-03
-6.04228188920753E-04 3.43018545665558E-03
-1.66376680504412E-03 -2.05284401114985E-03
2.36888400764499E-04 -1.76191704509506E-03
2.52694164839352E-03 2.6569700473327E-03
-3.9126745647094E-03 1.00664755820444E-03
1.96373865990074E-03 -9.18442926160748E-04
-1.31449778967498E-03 2.92805032543477E-03
-1.40032683829758E-03 -1.39551744902355E-03
