4.22629237459744E-05 -6.00744150057104E-05
-8.41515516094921E-06 2.28918158393682E-05
1.19793088543571E-06 1.69558908992908E-05
4.07572394961248E-06 -4.37189481752478E-06
-7.45943002197053E-06 4.14100486027352E-06
-1.05394515566666E-05 -3.73791446365865E-06
6.30237840177428E-06 -1.69051828627542E-06
3.51875417200268E-06 -1.40177977453498E-05
9.4159854885329E-06 2.41062951393371E-07
-2.47805387826156E-06 3.64753293824031E-05
5.51034061974502E-05 1.53309273805663E-05
5.36700547698416E-06 -6.45431195034548E-05
-6.59753544092014E-05 3.30292585823525E-05
1.58430582818359E-05 3.36029670466138E-05
6.82788442168431E-05 -2.21916865797185E-05
2.19745274965592E-04 -2.80114266563043E-04
-8.06813270372453E-05 2.86121522324349E-05
-1.25144762435159E-04 -2.24071185794276E-04
-5.51041541282961E-04 1.05039629333075E-03
3.75002637619511E-04 -4.08546597698339E-03
-3.37575419045552E-04 3.36126251547442E-03
4.27036059488065E-04 6.53499590031994E-03
-3.52188281315604E-03 -5.7293010136361E-04
-4.0240823533419E-03 -7.31144905446228E-03
-1.10539930497652E-04 4.25193531639464E-03
-6.23864693764827E-04 4.67135311139321E-03
7.36240317304497E-03 -8.08808237079463E-03
6.41782527010312E-03 -3.65783488492872E-03
-3.43104749736242E-03 9.89273608844787E-03
-7.28158629673282E-03 3.74228748325521E-03
2.47659776367869E-03 4.81434328919222E-04
-2.50160761634177E-03 -9.29876510824907E-04
-3.9025562324206E-04 3.7525496591895E-03
-4.86225299763417E-03 -2.51709105876606E-03
7.86337185188949E-03 -2.40354153179437E-03
-2.31196793066764E-03 -2.16950186905895E-03
5.76728200009048E-04 9.35755131542727E-04
-4.21188445495006E-03 6.3992052176988E-03
-3.28112476383926E-03 7.54478553685498E-04
1.15756490872456E-02 -3.88187201233869E-03
8.20762063181595E-03 1.65807544860202E-03
-7.32222143436809E-04 1.20217613347766E-03
-4.95983717030628E-03 6.27037244480363E-03
-1.89887901059451E-03 -4.86942493344878E-03
-2.60673047590619E-03 6.12197424111862E-03
9.60857114970129E-04 -6.06349669689443E-03
5.51024900194477E-03 2.34633659405703E-03
-5.4834895021817E-03 -3.3471318849458E-03
3.34598051093917E-03 -1.81265948436841E-03
-3.68138592652515E-03 -1.07378090142917E-03
-7.40105697895657E-06 -3.87116887668302E-03
5.44092192798676E-03 4.57850131427292E-03
-3.51636939723607E-03 5.15575936138794E-05
6.83257675973575E-03 -2.45828280211073E-03
-7.2147226883328E-03 -5.24529208552648E-04
-7.95502050849969E-04 -1.12399241602271E-02
-4.8057672319591E-03 4.71547082225974E-03
-2.18251752170813E-03 1.46922605905661E-03
9.51077454459791E-03 3.06867600670332E-03
-1.03379166366209E-03 -3.1462781178604E-03
5.2039347120738E-04 -3.80471146916016E-03
-5.21764255058252E-03 1.22675708192976E-03
-2.67516370622695E-03 -6.79489455075358E-04
-6.32799172609768E-04 5.99792605391594E-03
2.30810152679396E-03 2.4150992540596E-03
-4.63217329529507E-03 1.75911204408456E-03
5.4526225535427E-03 -9.9788942570538E-03
2.20777436779135E-03 2.91125350637073E-03
-1.64570541231873E-03 -1.70716188364602E-03
5.55291841507579E-04 7.60866140619508E-03
-5.08097732705154E-03 5.69182112913683E-04
6.06231322170549E-03 -4.18600643687788E-03
3.4997973551572E-03 4.60512196348846E-04
4.5157944268143E-03 -1.23018465185965E-04
-4.01251472975458E-03 1.30053979389827E-03
-2.01269316802397E-03 -4.11931523128459E-03
-1.45762750493146E-03 9.73175000289513E-03
-7.05022313644552E-03 -7.9995111126455E-03
1.33503509007972E-02 1.46888338238451E-03
-7.82884043648521E-03 -2.13025414733078E-04
5.88813928059141E-03 -4.53261159002986E-03
-8.13763962574949E-03 8.94530190252463E-03
-3.87129974934563E-03 -9.72608236624255E-03
6.63452609526438E-03 3.55209353749849E-03
-4.93424139221531E-03 -5.32337059191788E-03
9.62108009529119E-03 5.18089721503739E-04
-1.23528046854787E-02 4.01919481249649E-03
3.48192392356208E-03 -7.53739501229804E-03
-5.95697758004981E-03 5.8298519027421E-03
-1.3504970688802E-04 -6.02193508593689E-03
5.34794115072778E-03 9.84943465318709E-03
-7.47876405212224E-03 -5.35735440733181E-03
5.73300624884484E-03 8.4031286806351E-04
-9.76925486981321E-03 -3.35617953283129E-04
8.21927025907667E-03 -3.16424542866554E-03
-5.2477627549197E-03 7.13195150141726E-03
3.95460510642328E-03 -1.01188061484235E-02
4.53325201914307E-03 6.47853771010397E-03
-9.54788947914926E-03 -6.18135749597147E-03
7.71182269394704E-03 1.0149699932014E-03
-8.10443227885299E-03 1.01780157160314E-03
7.67669776130323E-03 -2.34644364974459E-03
-4.79720120758048E-03 6.75302760161319E-03
3.53559246055855E-04 -7.52968892405435E-03
3.63046237023296E-03 4.70514901219651E-03
-8.89047502203211E-04 -4.62149479638002E-03
3.22755291435567E-03 6.26878757694643E-03
-4.85973066956972E-03 -3.06294183414309E-03
1.46783028829912E-03 1.25796150182514E-03
-4.13365748455854E-03 -1.47443569718706E-03
3.61545005079714E-03 -1.73405158203313E-03
9.70947099553005E-04 4.05518552768467E-03
-4.42122640254743E-04 -1.31340131912461E-03
-6.57291956529913E-04 4.99673674906736E-03
-4.2978487532264E-03 -4.33596825151276E-03
2.37698984241109E-03 1.38237739033648E-03
-2.07115034948053E-03 6.67775373974492E-04
4.00297484056914E-03 -1.49261464579728E-04
-4.7854440260444E-03 1.22855107754718E-03
-2.76849353198921E-04 -3.59425355676799E-03
-2.86338582220189E-03 3.40572316808187E-03
-4.65718778683087E-04 -2.87103202681348E-03
5.25750958219985E-03 4.56015507622639E-03
-5.67042466571067E-03 -8.0467039683774E-04
3.37754146929441E-03 -4.30354769914596E-03
-3.09872417753629E-03 2.6183291338147E-03
9.07495262936112E-04 -3.12838468017265E-04
-2.96955200006543E-04 1.33788773699553E-03
1.66360214855604E-03 -3.17586020102526E-03
3.01082699930608E-04 3.45769340174923E-03
-4.11939030672653E-03 -2.6836541639415E-03
4.25755070038499E-03 -8.79164031895921E-04
-3.46991022400132E-03 -1.97993117189932E-04
3.10669948674757E-03 7.32492363305125E-04
-1.77642435547567E-03 1.56820507161926E-03
-1.25257931600328E-03 -3.65432084057568E-03
3.27887178590087E-03 -0.001616430718145
-2.94792116020622E-04 3.09590116872916E-04
-2.97066249332794E-03 2.78048758560176E-03
-1.38051791843812E-03 -3.39390064667703E-03
3.07900854817355E-03 2.55829544138434E-03
-6.32646626854109E-04 -1.74336431892743E-03
3.17728992109442E-03 -6.65007921131025E-04
-5.25903077642709E-04 1.24998731611983E-03
-8.5016255107932E-04 -2.20192764308881E-03
9.63372847434048E-04 3.95744804360233E-03
-7.54861442176383E-04 -1.10040066926269E-03
8.03457891657754E-04 1.01032584629162E-03
-1.53454100695047E-03 -9.41030825079654E-04
1.28033343388805E-03 9.04289397343677E-04
-3.72474228603276E-03 1.72023242296604E-03
-1.25881400786644E-03 -4.50352130701659E-03
3.68251714834114E-03 2.54369399889293E-03
-3.54899821257912E-03 -2.29307668264643E-03
4.27635809707445E-03 1.00721785029613E-03
-4.46250359562276E-03 2.56594820509728E-03
1.07850832338091E-04 -5.10570424339061E-03
-4.68404217732053E-04 1.55709604362288E-03
-2.07699170663504E-03 -3.34470807100507E-05
1.95924779395701E-03 1.94002666199667E-03
-4.1044844634658E-03 9.57728767669167E-04
2.78519234080718E-03 -2.45707344532224E-03
6.60840011341421E-04 -1.1484916220415E-04
-4.11944811218298E-04 -1.90695309342974E-03
5.97839569526528E-04 3.41264759335535E-03
-3.19595232940997E-03 -3.0746088394502E-03
2.63621554598787E-03 1.83511693060753E-03
-1.42410029861365E-03 1.83181477352993E-03
8.47319562378391E-05 -1.31772692719564E-03
5.14861722491159E-05 1.30174888102598E-03
-1.8353763447355E-03 -0.003547469247849
0.002445797014071 9.93879461203833E-04
-5.77666731186155E-03 -9.47055492332792E-05
4.74281248614215E-03 -2.29482784382427E-03
-1.33345057557146E-03 3.19573573032726E-03
-7.40298597639908E-04 -5.47171462294436E-03
3.62745548341773E-03 2.12142246514943E-03
-5.01991112242469E-03 3.30252192609562E-04
4.86698090947602E-03 -2.73089174355815E-03
-6.54977869249743E-04 2.32038957129767E-03
9.31801236620766E-04 -3.54154587059819E-03
2.17970236261604E-05 3.40424058306404E-03
-3.00007386447738E-03 -1.8326163770947E-03
2.84385235514617E-03 -2.48939125163153E-04
-1.97558987915816E-03 1.28383982158874E-03
2.40546292389715E-03 -2.38082196193935E-03
-1.99531576019804E-03 2.60467432065693E-03
-5.83948413038229E-04 -3.79677905194616E-03
2.80564158102307E-03 1.9343342637989E-03
-2.10852602303652E-03 -1.70138368671239E-03
3.39851575089627E-03 1.02720372592959E-03
-4.26105314118625E-03 5.03652459805336E-05
2.54207144193891E-03 -3.07318757211794E-03
7.09128172537827E-04 3.33954448239212E-03
-1.66523486826747E-03 -3.01801117656769E-03
2.79112254026721E-03 1.37191513739216E-03
-2.90286535744158E-03 6.40988352657248E-04
1.5549322666745E-03 -0.00114209574738
-1.63790260550425E-03 1.0971962586827E-03
2.02987509049804E-03 -7.55629935911161E-04
1.08787172867993E-03 2.77663657045846E-03
