3.72494406249522E-05 -6.14871273436483E-05
-1.12320302502403E-05 2.39345772433542E-05
8.48535406658672E-07 1.94867077920395E-05
-2.9039049862094E-06 -5.03158214801719E-06
-7.26143077407515E-06 3.07666565496294E-06
-7.49244567281426E-06 -1.57609388074311E-06
7.05615972395306E-06 1.19325963174615E-06
-3.46324034132709E-06 -1.4234199515693E-05
5.2061023852223E-06 -2.81783145122275E-06
-2.69721008305232E-06 3.83000667112742E-05
5.68194596940023E-05 2.36187601467011E-05
-5.04277640418481E-06 -7.24528358522454E-05
-6.00254172097597E-05 4.33745959328895E-05
-1.00278153561141E-05 2.55120712972521E-05
6.88385585414201E-05 -8.80315432109001E-06
2.06457504902131E-04 -4.26259438076631E-04
6.19224180842363E-05 6.83364435688553E-05
-3.92558291202092E-04 -3.1546804316782E-05
4.7337508531669E-04 9.02374742112202E-04
-1.43399203668173E-03 -5.07170768270425E-03
-1.02085350925624E-03 3.12453344464225E-03
2.96039853641551E-03 6.91904065678897E-03
-5.24566105664403E-03 -5.15570735734199E-03
-3.6207214095448E-03 -5.60438004286336E-03
2.73010443162856E-03 9.35962833895082E-03
-4.71383360918031E-03 1.60768000378278E-03
6.02936097081573E-03 -1.64590658358531E-02
2.99986207573425E-03 -3.56855459819749E-04
-2.91436482109836E-04 1.09066138062618E-02
-5.95698470204539E-03 1.50629209139122E-03
8.5067340143085E-04 -2.52916769175468E-03
-6.50650763745026E-03 7.83146735409932E-04
3.31427147118187E-03 2.7498420329899E-03
-2.68783629188507E-04 -1.94356405723564E-03
6.87002819793594E-03 -4.9060605485815E-03
-2.71733620618339E-03 2.11559898093317E-03
3.66581526327118E-04 1.18560298661706E-03
-1.13621208032373E-05 5.59748376511808E-03
-3.04966520695545E-03 -2.66395446235957E-03
8.80501211729172E-03 4.53575272538785E-04
6.62889967549553E-03 2.06581209423595E-03
-1.08187185235199E-03 1.73693969044807E-03
-8.99629737835955E-03 4.99783991618705E-03
-2.58028356787857E-03 -7.63542288766288E-03
1.0478532813529E-03 7.62922741012871E-03
-3.06664008428018E-03 -4.55299697818358E-03
7.54260350626223E-03 1.3896074463894E-03
-8.73717953748566E-03 6.59033291595623E-04
2.80542764644933E-03 -2.4493962975992E-03
-2.4518713597332E-03 1.51719178076694E-03
-2.56035413241774E-03 -2.04141345430942E-03
5.25845930267499E-03 4.07287133892108E-03
-5.53863413845364E-04 1.54504602328127E-03
7.46156439747034E-03 -2.81454477962429E-03
-6.70987901447885E-03 -5.27203435154388E-04
-1.34168948974929E-04 -1.29140094142853E-02
-5.76652310147769E-03 9.89243232739848E-03
-3.12002341980023E-03 -9.89736015861303E-04
1.08436123868558E-02 4.51946457921398E-03
-5.8602879315909E-03 -5.57343272607101E-03
1.82414450503593E-03 -7.54906665910716E-03
-4.94246507102183E-03 1.93444212870768E-03
-2.00999804836315E-04 -3.69361331348443E-03
4.50969002964244E-03 1.21840858369526E-02
-7.69515259377881E-03 -2.71676762147594E-04
-2.00528918993572E-03 -3.48544331697385E-03
6.47065480650149E-03 -6.96070608831583E-03
3.60902273363484E-03 4.38845446217244E-03
-3.60887523427248E-03 -3.85317332813726E-03
-1.28966451677576E-03 8.3141696057472E-03
-8.34263652428166E-03 2.05175687130453E-04
1.16128967227586E-02 -4.59458502601572E-03
4.62397362488201E-03 2.34923932916127E-03
0.005006072355957 -8.91222562465078E-04
-2.96745204207346E-03 1.13191226031073E-03
-4.81681052692323E-03 -3.42490209640573E-03
1.67094728454408E-03 6.43856885146578E-03
-6.06981667240448E-03 -3.17859956575939E-03
1.13192390779053E-02 -9.28995565971994E-04
-6.0360617651277E-03 6.27218207430126E-04
4.15117208365123E-03 -4.04669830176984E-03
-6.55115120424852E-03 5.21342040758768E-03
-1.61567588844278E-03 -3.71841545238638E-03
6.36286979756381E-03 3.85679527486589E-03
-1.76569133491801E-03 -4.67915651057012E-03
7.58353975222206E-03 2.82900006257389E-03
-1.24946206862857E-02 3.09671025565904E-03
7.96636096451728E-03 -8.51425355662996E-03
-3.97730044594481E-04 9.9724638433871E-03
-1.91234247436798E-03 -8.22208785224863E-03
6.86821172838788E-03 9.4411939568779E-03
-1.20017143007208E-02 -4.00484628888788E-03
8.76500572325894E-03 -3.96605694963663E-03
-7.92091318357624E-03 5.54875929465017E-03
5.66211721794507E-03 -3.81942051598979E-03
-2.94300983112557E-03 1.15238008171313E-02
-3.71422322107462E-03 -1.10644882320188E-02
9.82465368989094E-03 1.1594553108561E-03
-7.96637278163001E-03 -1.08682902278596E-03
5.23232112849787E-03 7.11584427439827E-04
-1.04466555891949E-02 3.1075778466713E-03
3.69209293131218E-03 -6.22955515418841E-03
-5.97327201587553E-04 7.11021314685823E-03
-4.41458403015714E-03 -6.77259775736221E-03
5.36932914270495E-03 2.85293235475094E-03
-3.04637716854451E-03 -3.53052201163838E-04
2.71980753625521E-03 2.04511155578577E-03
-6.57168159313909E-03 1.93687243042522E-03
1.32990583065353E-03 -2.91143623985058E-03
2.40819660242857E-03 1.07983634433997E-03
-3.29338418478644E-04 -1.3983571940443E-03
2.64193381000089E-03 2.02321216959282E-03
-3.64570196902235E-03 -1.44254250743272E-03
1.85299265638132E-03 -1.52778188818613E-03
-6.14203543186727E-04 1.00811730121992E-03
1.84062680261371E-03 -1.32771870426264E-03
-3.17118820383092E-03 2.66978881408844E-03
-1.06753009451749E-03 1.07471216841707E-04
-3.18846393035977E-03 -6.66099214004485E-04
2.15848989754167E-03 -3.21679868918801E-03
-5.32312546750888E-04 3.45433905633001E-03
-3.30234269757356E-03 -2.50308424059419E-03
4.77391088961644E-03 1.04624499501273E-03
-3.42191595886024E-03 2.65943502768779E-03
2.46770426264954E-03 -3.55765309520753E-03
-1.66527987094357E-03 2.03459383618755E-03
-6.59762477748967E-04 -1.03931053399954E-03
-1.67352131318067E-03 3.29069077337722E-03
-1.91216450024577E-03 -4.15662536759064E-04
3.94953772501179E-03 -1.17915002066152E-03
-5.77116537598843E-04 -4.2289373309706E-04
-5.14357115817044E-04 4.77244259352094E-04
-1.95723903085377E-03 -4.2506516765571E-04
-2.74908327958213E-03 2.76594644184176E-03
-3.63809707923014E-04 -1.6984591438783E-03
2.9393109589209E-03 -7.49843348866838E-04
7.14481036914775E-04 -8.53357965590502E-04
-3.28208991482357E-03 -2.35769977802507E-04
-2.14360314501353E-03 1.8651271541552E-03
-9.28235159425683E-04 -1.79740279822136E-03
1.15177624308821E-03 1.42484934229324E-03
3.32285844281511E-03 -8.88669072886904E-04
-1.99278064090885E-03 -2.54466186118241E-04
-1.15483115065508E-03 2.22559886655635E-03
-1.57277344757532E-03 -1.86670370524614E-03
4.24675183952515E-03 -7.26803480329293E-04
-2.09607182127202E-03 2.32060250195225E-03
-8.45856767877651E-04 -8.9523189294095E-04
2.92468234585023E-04 0.001987819482108
8.14582882765902E-04 -1.82762488609803E-03
1.40346524819426E-03 1.78938561293502E-03
-1.13926567821654E-03 5.34542463651127E-04
-7.41499484013954E-04 -4.40240319650184E-04
-8.70451766402435E-04 3.00209180600306E-04
1.30572282819319E-03 9.08029709050477E-04
-3.05982392146639E-03 4.24540479570883E-05
1.79114138570511E-03 -1.77343111699073E-03
7.73205885914146E-04 3.87538059163381E-03
-2.61956363908893E-03 -1.51184461553653E-03
1.33284893593346E-03 2.01884087738854E-03
-2.49289335066281E-03 7.15345461562071E-04
5.72639438556052E-03 -3.76063740879978E-03
1.02560374501912E-04 4.84339792409689E-03
-3.16675186809127E-03 -3.23465495991587E-03
1.25446446586084E-03 4.20716861670408E-04
-3.3777743274336E-03 4.26488921018332E-04
3.48199890126074E-03 -1.95110536966524E-04
-1.83238794262407E-03 4.7980190882533E-03
3.69327579028012E-04 -3.9850910983119E-03
-5.87669652473241E-04 4.16398506939637E-03
-1.73602350395296E-03 -2.61313986397407E-03
2.13968543863794E-03 6.87117426772739E-04
-4.19317895083587E-03 8.82935001340353E-04
1.90300694452818E-03 -2.31443542960227E-03
-1.40086515531768E-03 4.88262871437106E-03
1.51551190387296E-03 -4.94811596050822E-03
-2.28852216292356E-05 3.34519832163181E-03
-3.44841905758415E-03 -4.35313975088231E-03
6.42038947160305E-03 -6.46684678652633E-05
-3.62340817606794E-03 3.72515986708998E-03
9.91146330551638E-04 -5.04886092323208E-03
5.71018839885193E-04 4.02684553627245E-03
-3.32701927951465E-03 -3.45300471382988E-03
5.92854876419169E-03 2.12152782588479E-03
-6.49475537307546E-03 2.43199941305362E-03
4.19404985458764E-03 -5.67592940687892E-03
-1.51426201205227E-03 4.83903132811727E-03
-1.14741191635216E-03 -4.8289849337851E-03
5.04298627308854E-03 3.76521155986462E-03
-4.66937754728291E-03 3.94382898173339E-04
3.33535772280451E-03 -4.06349493523104E-03
-3.1106408912631E-03 2.48595625560685E-03
3.26055865896881E-03 -2.83242840873617E-03
1.76044838063858E-03 5.55629451887843E-03
-4.11244937684356E-03 -2.98143292257431E-03
3.10373012820743E-03 2.18857061989973E-04
-3.16658885792886E-03 -1.35178339942697E-04
3.22544702483438E-03 -1.16783887383785E-03
-1.42790620488824E-03 3.17561319071577E-03
-4.26537684790464E-04 -4.97705673586008E-03
1.86247064143862E-03 3.39369709922197E-03
