3.50319588495156E-05 -5.29134606100954E-05
-8.37109640869286E-06 2.31380862468067E-05
2.7480949168906E-06 1.38348915601855E-05
2.09815720178521E-06 -5.23523831030152E-06
-1.21490672474823E-05 9.79251355146275E-07
-1.04558573227816E-05 -6.56837747619064E-06
2.52997040905754E-06 -3.73024765616098E-06
-1.31031196808896E-06 -1.16499486365452E-05
1.50294781840573E-05 -4.71241976211272E-06
-5.10352390825254E-07 3.83325327699577E-05
5.37199784933533E-05 7.81314051545311E-06
-3.12056660680506E-05 -5.56175900002321E-05
-2.05606103594725E-05 -4.65956162391076E-06
-5.94525964101491E-05 4.6265250020791E-05
1.66641017127165E-04 -2.25853699073259E-06
1.56547910115184E-04 -2.9803104898782E-04
-4.94104395604504E-04 -5.28461969751943E-04
9.0573779383097E-04 -4.41060803328864E-04
-3.27645174982799E-05 1.09125391144556E-03
-1.70670207585609E-03 -1.90635281078559E-03
-2.26750602995414E-03 5.52226651356904E-03
1.10016034809062E-03 -1.70408597185525E-03
7.93389407042673E-03 -9.52091653806625E-04
1.70049637151179E-04 -1.95932402715794E-03
-9.32454730672879E-03 8.69213254593415E-03
-2.27515422907846E-03 -7.59703030291302E-03
1.27766431862686E-02 -5.30309592346155E-04
-7.02532835550225E-03 5.99436170475959E-03
-7.27420028826861E-05 -4.43863775091027E-03
3.55542751278282E-03 3.14309842423827E-03
-1.8566962569411E-03 -1.5718088108754E-03
8.80981317924733E-03 -1.01975343212468E-02
6.0543343841405E-03 1.35563990505034E-02
-4.97717326534737E-03 -2.23364395706281E-03
8.0313586178283E-03 -5.42485499605346E-03
-4.35818898186226E-03 4.55127549295464E-03
-9.9922491927984E-03 -1.45524123876072E-02
8.06516964413843E-03 3.87568156711314E-03
-5.57789596219734E-04 8.21574983505618E-03
7.65911800027282E-04 -1.46948250521733E-03
1.02929704869178E-03 -4.29919189312116E-03
-1.09790982578664E-02 -7.30193744348516E-03
4.66372142291087E-03 -3.03396489737487E-03
-1.56842710415249E-03 1.44237552813236E-02
-2.78092753351942E-03 -1.61917704193963E-03
7.20198842511021E-03 -1.34244147632247E-03
1.58436266347585E-03 -1.05085583538057E-03
-7.3880893331315E-03 -6.43769650404019E-03
4.68795202374996E-03 -2.12968459721293E-03
-9.89676590458303E-04 7.64719408659763E-03
-6.93777140077609E-03 -3.19987764918379E-03
-3.38541605377315E-04 9.81289829448458E-04
-6.0231692203843E-04 -8.39774581120819E-05
0.008659138831372 -5.67631397866741E-03
3.87515261273373E-03 5.68267681891575E-03
-7.6083667935616E-03 -3.06824303010841E-03
-1.02888820965701E-03 2.5272477983527E-04
-1.5684107923597E-03 1.86381133331183E-03
1.36135286827716E-02 -1.82748377718363E-04
3.02421826449168E-03 2.81936864783039E-03
-9.619854881588E-04 -1.01442668501924E-02
1.38056270708242E-03 -1.05299215673051E-03
-5.09452500574478E-03 -9.9024983460521E-04
6.52192693790309E-03 -6.72093751461125E-04
-6.86626513848413E-04 9.40398864847168E-03
6.21947997683927E-04 -5.19870308571968E-03
2.88579496864694E-03 -9.35762494950846E-04
-4.46712815932061E-03 -4.60327521169137E-03
6.7553061227241E-03 -1.92971610646103E-03
-1.35691149037389E-03 9.00260077619777E-03
-5.56470135912409E-03 2.67712788698314E-03
3.53021788699402E-03 2.72562349913657E-03
-2.07774914851562E-03 1.29829501137287E-03
2.45338199061894E-03 -3.05820247506797E-03
6.37591078680638E-04 -1.17449740916713E-03
-7.31003861064117E-03 1.9384310167008E-03
-3.15468269152726E-03 4.51452374672402E-03
-1.99308075298174E-03 2.01519118361985E-03
3.61604877960337E-03 -2.08658721440026E-03
3.45286314199968E-03 -2.76127487720833E-03
-7.51050508757383E-04 5.26011660331924E-03
-6.20742229325995E-03 -3.77196126611149E-04
-2.29728408218593E-03 -5.02253955984866E-04
7.58490857043028E-04 2.71982737290355E-03
3.45907419763021E-03 1.29057525523113E-03
2.81202952672531E-04 4.96852743548258E-03
-6.87061208091246E-03 -4.13551537629819E-03
4.03129311450553E-03 -4.09293164842303E-03
-3.22875430341143E-03 3.76320200473457E-03
3.06357423718291E-03 -2.22019845555137E-03
1.11919501477941E-03 0.008502757309891
-5.25966928959195E-03 -6.83586393472949E-03
9.3598533995052E-03 -1.68512973725362E-03
-5.73878516641393E-03 1.29330923856767E-03
5.32042318896556E-03 -5.90496902826497E-03
-1.19309448717312E-03 1.23117825832307E-02
-9.51823899663595E-03 -8.48539323946103E-03
1.14115860934801E-02 -9.39609926167024E-05
-8.35120481162816E-03 4.59108237491194E-03
1.53454996571806E-03 -4.01080377588528E-03
-2.41231199246066E-03 7.77446412989742E-03
-5.94921221177927E-03 -6.81656196011222E-03
7.77390043646289E-03 2.87825366990566E-03
-4.9582957230594E-03 -2.71085424291965E-03
4.66896314846196E-03 -1.29341306310665E-03
-5.62578789198835E-04 3.49673854388865E-03
-5.86052682331554E-04 -4.01934289267497E-03
1.8689924674111E-03 -1.81196898753199E-04
2.27544086871771E-03 -2.68929790909841E-03
1.3447571946702E-03 3.68657618139098E-03
3.95044715307993E-04 -1.91386788114576E-03
-1.82827657511936E-05 7.30934030803339E-04
-1.81562989340219E-04 -2.06883343079906E-04
2.50347458498717E-03 -1.80369512117034E-03
-3.58099623416394E-03 3.57669016810799E-03
-1.82106755363095E-03 1.03967323968895E-03
-1.16475609698013E-03 -7.25839249335031E-04
6.57975207126744E-04 -4.22120021977567E-03
1.76372291463593E-03 8.98898583141198E-04
-4.91872775377481E-03 9.74175162643437E-04
1.0609540119124E-03 1.32384079884319E-04
-2.56388705724823E-03 1.58185715653069E-03
2.76749581523482E-03 -7.01953259923655E-04
1.42533053559224E-03 2.58189841162661E-03
4.18741618707269E-04 -2.58028624089347E-03
1.93324390005176E-03 -2.33482710879714E-04
-3.61205704221521E-03 -1.38292693352435E-03
3.77204319530912E-03 -3.65626222985121E-04
4.30109632004488E-05 3.11078637183222E-03
7.65874134146194E-04 -2.71177894346543E-03
9.12953562796166E-04 3.99964469840593E-03
-5.27743793395929E-03 -1.2542738111519E-03
3.56715426286485E-03 -2.43356073601581E-03
-7.98560966457265E-04 4.40302458595042E-03
-1.31022853943385E-03 -2.37124141533289E-03
1.46023205785962E-04 1.18628926889715E-04
-2.20076448125836E-03 -1.52403207981609E-03
2.90451785087262E-04 -2.44049196335274E-03
1.86918466699561E-03 2.12954863421074E-03
-2.49014136992971E-03 1.18047803907573E-03
-1.36737592217507E-03 1.12845293980266E-04
1.31677000118784E-03 8.2329444729486E-04
1.6460412509983E-03 -3.38134270280341E-03
2.89424381638663E-03 1.47218348897549E-03
-3.4472245907566E-03 1.68949841385226E-03
1.15284729930346E-03 -2.15011059402744E-03
-4.23462469001232E-04 3.21320809510432E-03
-2.33646547759174E-03 -3.81382222828176E-03
6.96615786848378E-03 2.68392044625313E-03
-4.29363512240018E-03 5.69035814589704E-03
4.24836476850518E-04 -7.46636571071865E-03
3.94058043977819E-03 3.43969657646433E-03
-2.92238199586716E-03 -1.56010556017939E-03
5.09951904606159E-03 -4.92354054903361E-04
-2.61236524658436E-03 4.44911439090137E-03
-2.5540910538516E-03 -4.5642496641658E-03
5.43993596810915E-03 2.00728138906826E-03
-3.1461241066077E-03 -1.87969666858387E-03
4.2518435193857E-03 -1.89227826343258E-03
-3.1538697806944E-03 3.75675773302429E-03
-1.9741565063115E-03 -4.7027555478215E-03
3.21151573605722E-03 3.00762316029598E-03
-3.22657600987177E-03 -7.18206634086195E-04
1.8835784615502E-03 -5.45185533161808E-04
-2.61614257959422E-03 8.97013816740609E-04
-1.12330075998919E-03 -4.97840473297572E-03
3.4228592350153E-03 6.45826236411399E-03
-2.99767994424495E-03 -1.69023373887393E-03
5.91710060373601E-03 1.00696761320981E-03
-5.54674986007827E-03 2.82968195118569E-03
2.38578127196712E-03 -3.35741289568765E-03
8.54608726959936E-04 4.13343156948641E-03
-3.3850607560535E-03 -3.71245750254135E-03
3.96215816059193E-03 4.10590540696162E-03
-5.53451379385615E-03 -5.7023623982365E-06
1.62707565438812E-03 -4.12061512956703E-03
2.8504344924964E-04 2.90111938784276E-03
-1.87122540106035E-03 -3.0868186321258E-03
3.52446137273703E-03 2.78518411240149E-03
-3.73294957288953E-03 1.63210955677069E-03
-2.68570289884031E-04 -3.96220152538298E-03
1.47852267693673E-03 5.74753975768136E-04
1.83506481846347E-03 8.45965600218655E-04
6.94622775669484E-05 9.58918147748067E-04
5.25778918363565E-04 5.45345293735667E-04
-7.71081603055898E-04 1.82805503340372E-03
-1.03109621563346E-03 -1.29668778743693E-03
3.83547587813169E-03 5.64621644964728E-04
-3.49063699988753E-03 1.71514011283742E-03
1.32674900020044E-03 -3.6165375552026E-03
1.59853316352999E-03 1.58113932125132E-03
-6.23472451203232E-03 -2.73561701237846E-03
4.8159919021426E-03 -4.36958477560278E-04
-3.67321363592139E-03 2.77014319124299E-03
8.80888421415598E-04 -2.45521132863775E-03
1.47233978566106E-03 -2.17671141586048E-04
-2.36849247722877E-03 -1.03994097063603E-03
1.1515442562213E-03 5.58252952856008E-04
-1.51236428085961E-03 -5.38378135987544E-04
2.20888069919368E-03 9.12690387916927E-04
2.40371901935237E-04 -2.44961546565142E-03
