3.96790488792862E-05 -5.98683519648014E-05
-8.47120686034189E-06 2.78056212604327E-05
3.32001379770129E-06 1.79620767538529E-05
1.46867375201462E-08 -4.50463644665971E-06
-4.92056298802168E-06 3.12727045941011E-06
-5.63175647580157E-06 -7.36705813333112E-06
3.22341550534915E-06 2.865558127397E-06
-4.88846947943959E-07 -1.42495875502109E-05
2.46730370824525E-06 -1.49099879369216E-06
-1.42209634166733E-06 3.49976874397974E-05
5.91130140762508E-05 2.12303613719695E-05
-1.62305018295872E-05 -7.3851226808509E-05
-5.42171763417446E-05 5.30345961721496E-05
-2.20682326381347E-05 3.54290415649428E-06
6.40622418567146E-05 2.31497971966279E-05
3.22086154849447E-04 -3.71058011947302E-04
-2.26184319981422E-05 1.49063279267184E-04
-5.22898809913789E-04 2.61375669258498E-05
1.51371720768769E-03 9.15812677015381E-04
-3.33612053416062E-03 -5.4629423654563E-03
9.49290072604202E-04 1.84627394019565E-03
6.32845048597594E-03 8.12359207848114E-03
-8.03971708519923E-03 -5.21593881617963E-03
-3.70646706279038E-03 -3.32159087064175E-04
4.61439867078306E-03 8.79251519179055E-03
-7.01634240275954E-03 -6.53455604155363E-03
3.45585352082383E-03 -1.65997955982376E-02
1.02444170395521E-02 4.8556141250029E-03
-8.34529294799864E-04 8.15305228040076E-03
-0.01122718212821 -1.97366846616729E-03
2.5398207547604E-03 2.70082707182057E-03
-6.69469434151593E-03 -1.85886911549169E-03
4.2433169156757E-03 1.05838695799646E-03
-1.68858755448843E-03 -3.41086331537777E-04
3.58188172081255E-03 -1.14526394699638E-03
-1.56215231060857E-03 -2.66874975820296E-04
3.90851205771114E-03 -5.6305379780125E-04
-4.65124976389697E-03 7.67143660711445E-03
3.99411456662527E-04 -4.16241479731951E-03
4.75581847386188E-03 3.50360870288715E-03
6.88005068362543E-03 -1.87369531721681E-03
-3.34632825285013E-04 1.72715936783259E-03
-1.18764806086008E-02 1.78665814279804E-03
-5.41709488891983E-04 -8.5406366941069E-03
1.35265253641513E-03 6.85196557591089E-03
-3.97249216250112E-03 -1.20657693975641E-03
6.9923001753649E-03 6.20097540732867E-05
-0.011845410850438 1.30260599200762E-03
1.40108238821214E-03 -7.35911656305564E-03
-3.36792218582687E-03 2.48422638580438E-03
-2.7742975119079E-03 1.58663065639886E-03
3.3039666491079E-03 3.34665692519752E-03
1.41636158093698E-05 2.9783626188501E-03
3.24724508611836E-03 -4.03357746833079E-03
-4.98449949116721E-03 -1.83111210403146E-03
2.44126714637241E-03 -0.010823641410349
-6.42776062275231E-03 1.30465138296305E-02
-4.00922921676176E-03 -4.2704373909438E-03
1.16857488701183E-02 4.68718304082086E-03
-5.24452035407396E-03 -6.81737739723055E-03
8.11856236990402E-03 -8.22068668447599E-03
-6.17318219564265E-03 9.94287856871322E-04
2.12900089191619E-04 -5.3330624523114E-03
5.21777286886138E-03 1.68498916964505E-02
-9.87191241131334E-03 -2.49950447247466E-03
7.97899984603988E-03 -6.87997777661739E-03
1.69773209751186E-03 -5.15273506725316E-03
3.24111691896645E-03 9.97764011319701E-04
-1.98560518629554E-03 3.40252027159338E-04
-2.18672005074235E-03 7.61159080645574E-03
-6.80919492766726E-03 -3.19853604010305E-03
1.19032284646748E-02 -3.25137095513878E-03
3.40972065462984E-03 3.19835975982896E-03
6.12525132808495E-03 -1.65959667395324E-03
-2.9753327512063E-03 4.37333200825334E-03
-6.07171082451359E-03 -5.25296847517186E-03
4.25280750698191E-03 4.9873805335641E-03
-5.58357392391365E-03 3.21507226450268E-03
6.1940862799402E-03 -3.00108840246466E-03
-2.57466811431235E-03 2.30873629407845E-03
9.78298604592227E-04 -6.92328292389182E-03
-2.59282420290288E-03 9.35973753753787E-04
-1.08986035370624E-03 -1.55417425080371E-03
1.57864608704792E-03 5.95030072719372E-03
-2.00568346380483E-03 -4.18888688339666E-03
2.6807262580541E-03 -1.0465773657561E-03
-7.89690784846357E-03 2.0025140881414E-03
4.01544075710613E-03 -6.99047219817491E-03
-1.8328906985382E-03 1.15912945373587E-02
-2.15651758903491E-03 -6.69872393996077E-03
8.27542969682477E-03 6.03501159252792E-03
-1.18290523501826E-02 -4.97984330646176E-03
1.12738799576903E-02 -5.6378097999843E-03
-6.07430714499726E-03 8.87156298341284E-03
3.8963581057195E-03 -7.85943430750572E-03
-4.03929450646683E-04 1.33356554474674E-02
-1.01668766147715E-02 -1.16490970509155E-02
1.24545362016527E-02 -2.94532511308913E-03
-9.21788014885573E-03 5.27708568959925E-03
2.96737634972066E-03 -1.17636175844136E-03
-6.57021232982402E-03 6.99216401083287E-03
1.23577042950418E-03 -8.45012636763751E-03
5.16130512200553E-03 6.04006251338216E-03
-3.99201508817748E-03 -2.70077888190225E-03
5.8463496267396E-03 -1.48676387652022E-04
-4.48048610680267E-03 2.12959811060301E-03
4.44470803316559E-03 -1.94031935510657E-03
-4.44390372737493E-03 4.7945521942531E-03
-5.48604555907218E-04 -2.45713495731419E-03
2.20096426403136E-03 3.55918188685563E-03
-3.01549388625209E-03 -1.75455707097276E-03
2.69813591285031E-03 -4.00998234842529E-04
-3.67538296034101E-03 1.91381499176372E-03
4.02007019700873E-03 -5.60415755176504E-03
1.02175784968645E-03 3.07276523700905E-03
-5.57031509691633E-04 6.8714302732288E-04
8.58855251662591E-04 0.002126563277643
-3.27202015837155E-03 -1.08543252887471E-03
1.40634375989348E-03 -2.3712433021451E-03
-9.22842625672398E-06 1.58642157263564E-03
-1.39486358370843E-03 3.29675258056259E-03
-1.94760700462837E-03 1.84391641241074E-04
9.75221358137969E-04 -1.49236608702446E-03
3.85800241365147E-03 9.33167639593791E-05
-6.48258944629986E-04 3.55092817930729E-04
-1.31034114654812E-03 2.64252894939834E-03
-4.69205024757638E-04 3.86368137555062E-05
1.28413322576954E-03 2.06425105212403E-03
-1.86241804713181E-03 1.41914884903453E-04
3.3922661870931E-04 -1.51362777758669E-03
-5.71095064068112E-04 1.21963873451621E-03
-9.64833882452884E-04 -8.80552593543954E-04
-2.57876224715743E-04 2.83906361460769E-03
-5.03479824624473E-04 4.05852212792234E-04
1.96853732310474E-03 2.37507027364817E-05
7.76556186344069E-05 3.36535715856657E-03
-7.41211547965308E-05 -3.15248184998656E-03
-2.59333097753145E-04 1.65827795908873E-03
-2.06077902418867E-03 -2.61530413400299E-03
2.40002568361661E-03 1.38152119600504E-03
-6.39362635485247E-04 2.79454727282112E-03
1.86834668529919E-03 -8.33684817589082E-04
-1.72616943048735E-03 3.35224776946668E-03
-1.78405305705074E-03 -2.68116824244949E-03
1.73028233144426E-03 -9.28387185202878E-04
-1.11822368214366E-03 1.71142794078906E-03
-4.39612428116012E-04 -7.64652539548322E-05
-2.03009918277612E-04 1.42412300813444E-03
-1.04301186333321E-03 -5.65135380232698E-04
6.84742771246277E-04 -3.73619822879369E-03
4.08575469548608E-03 1.76090907927057E-03
-5.55201857565195E-03 2.91003912218473E-03
-4.56835170822861E-04 -1.77784794173745E-03
2.91440073199682E-03 2.05998435082129E-04
-1.06633576444049E-03 -3.29918141311778E-04
1.13960578120176E-03 -1.3412485552407E-04
8.57704525611485E-05 7.38205091701554E-04
1.17177884254432E-03 8.74682388134824E-04
-1.38676820012495E-03 1.65395338129215E-03
2.41845267936003E-03 6.7950517140963E-04
-6.47840774917861E-04 -3.32735192078159E-05
2.00564464889984E-03 -1.37349060077906E-03
1.46865561315534E-03 2.6448308925248E-03
-1.54747377876767E-03 -2.72887217264041E-03
7.78326247138945E-04 3.2702144374579E-04
-2.25492535130569E-03 -1.60650186422424E-03
5.45994060631889E-03 2.38990172637463E-04
-2.97393233749347E-03 5.1069110511701E-03
9.15222851518043E-04 -5.50059212131966E-03
2.37337925313928E-03 3.31962653463129E-03
-4.14204504894724E-03 -1.35956091023559E-03
3.4825654570938E-03 9.67382137065828E-04
-2.60329547298057E-03 3.43075592066233E-03
-1.97939315888862E-04 -3.05639068328495E-03
1.03533312173403E-04 0.001891970691299
6.15954523881269E-04 -3.26470925314599E-03
3.40430843464536E-03 2.67200098641462E-03
-6.58602710435761E-03 -2.873295254256E-04
2.76068921801579E-03 -2.22936327641379E-03
-2.5413642439315E-04 3.8491533062127E-03
-5.69209118721898E-04 -3.28984158863891E-03
9.64225091468871E-04 4.11044007267333E-03
-3.03137602200753E-03 -2.93040500664055E-03
4.75050395899734E-03 1.74129550790985E-03
-1.83245038225253E-03 1.53448222208815E-04
2.11972556419617E-03 -2.74535603364892E-03
4.42944596994637E-05 1.20661889316506E-03
-1.78416803025992E-03 -1.53045879176548E-03
3.19109350107555E-03 1.83853588758269E-03
-2.09709607344454E-03 -6.52782768891037E-04
3.94168083416983E-03 -1.91490760120314E-03
-4.43255959340992E-03 3.62827148025446E-03
7.03666652167497E-04 -3.20631130195981E-03
2.70926568844162E-03 4.2066384665976E-03
-3.06662332845234E-03 -2.65410790642919E-03
7.14221170092134E-03 -6.49776767213877E-05
-4.75947876093881E-03 3.6778759734159E-03
3.35258814279081E-03 -3.76659112060441E-03
-3.46546204683216E-04 4.85351179982248E-03
-1.10586499033685E-03 -4.41230366882641E-03
3.25067913301949E-03 2.53287996297747E-03
