3.83449428178244E-05 -6.18345897963965E-05
-6.23807830606067E-06 2.40857848516677E-05
-2.65494254533371E-06 1.75565274869809E-05
3.04983336297982E-07 -5.46637627479024E-06
-1.04289238351664E-05 9.95225008164751E-07
-7.10590401776507E-06 -7.11227148611774E-06
7.28866279173125E-06 2.73332118480217E-06
1.45933847267368E-06 -1.78277434354127E-05
1.07049263311122E-06 -2.741425714259E-06
-1.10835713582078E-06 3.56698286414382E-05
5.99239964503976E-05 2.07714521924003E-05
-1.9115984529527E-05 -7.20740724121052E-05
-4.891257919219E-05 4.68690314836917E-05
-5.11976098144335E-05 -1.73134686484176E-05
4.32916321470124E-05 2.07608483443303E-05
4.73733224939305E-04 -2.54361992928599E-04
-2.14222748464727E-04 6.93164702270407E-05
-5.6066864196607E-04 1.43718755741257E-04
1.76773026563849E-03 6.81740378319641E-04
-3.87575145722884E-03 -4.79388889264435E-03
4.12907070649193E-03 9.43085411032318E-04
6.38281644269568E-03 7.90104767159888E-03
-1.07531471882177E-02 -2.83108473214236E-03
-2.64141421002186E-03 2.85244094356626E-03
4.19286389842934E-03 1.68283722259498E-03
-8.89310060870939E-03 -6.48512280919785E-03
8.30669519648471E-03 -1.01699399748916E-02
1.60701618129952E-02 0.00466470398443
-1.06889059666348E-02 5.11999408143164E-03
-5.13527711011266E-03 2.4954543391747E-03
3.24198488817319E-04 6.20585538781827E-03
-4.20606899828274E-03 -7.51820496715913E-03
2.59886794044397E-03 1.54538000975125E-03
-1.77108374949408E-03 3.26710623302521E-03
8.83531105131023E-04 -2.55810203032291E-03
5.13251915878305E-03 -2.24273204945228E-03
4.56027970598806E-04 -4.30965939488768E-04
-5.22880645636543E-03 5.15641332410314E-03
1.57782967209603E-03 1.38414230933983E-03
4.84149659939161E-03 2.15899974015975E-03
4.80956917320663E-03 -4.28553123217673E-03
1.76319539371528E-04 2.7023035759875E-03
-1.22222799553134E-02 1.97096626876536E-04
1.71054177877945E-03 -9.92912058762001E-03
4.25742004429824E-03 7.72903647918243E-03
-6.91116994642115E-03 4.78737366390688E-04
7.56792131669033E-03 -8.79139734094094E-04
-1.16289296705111E-02 -9.7267312564642E-04
1.69271320598219E-03 -1.00887693144068E-02
6.67523099138557E-04 6.17233335089076E-03
-3.5615433774066E-03 -8.24578591615681E-04
2.37155870527626E-03 3.51528799345444E-03
-3.82636818589278E-03 3.08293865575832E-03
3.67926420637994E-03 -6.34296678959668E-03
1.46430826283588E-03 -3.9720963349113E-03
1.33890964208512E-03 -6.60610432892553E-03
-8.61765156392858E-03 1.35846578757426E-02
-5.74338201587189E-03 -1.75075342348799E-03
1.23783264185506E-02 3.97863749096238E-03
-3.38948673200528E-03 -8.47143246198938E-03
9.88351456492854E-03 -7.07837664006288E-03
-7.69806406302649E-03 2.4898674101549E-03
-3.18601850245275E-04 -6.02420914910286E-03
5.63611107980651E-03 1.72026403117506E-02
-8.41570414669239E-03 -5.30860084372361E-03
1.26593957109396E-02 -3.17021336341179E-03
-1.86938792503971E-03 -1.62642432818005E-03
4.54142823626366E-03 -6.53202940908228E-03
-1.57601948161507E-03 6.3230067309081E-03
-5.97133238830532E-03 1.26202081789789E-03
2.30608707739284E-03 -6.2738814894299E-04
9.7779733230452E-03 -1.06778687156447E-03
2.82773163401959E-03 7.54142945002096E-04
4.17146434886319E-03 -1.28649002209511E-03
-0.005146946152864 2.69898695111073E-03
-4.4428140759511E-03 -2.9211907310556E-03
3.72304186983071E-03 5.60035548000281E-03
-4.52344297781218E-03 6.99672714655091E-03
4.05464863978955E-03 -3.5433464799514E-03
-2.31147957385862E-03 4.04267381670208E-04
2.65801242112078E-03 -6.28801772547785E-03
6.37460000817712E-04 2.36846315576567E-03
-7.9265540726796E-04 -5.50663765850525E-05
2.74695932703066E-03 3.57559834138416E-03
-1.43817341756887E-03 -1.19346129662098E-03
2.74173745678609E-03 -5.35155309440132E-03
1.36500320950435E-03 3.07353202096237E-03
3.28708474868672E-03 -4.54406346433874E-03
1.11227956796434E-03 6.32799802315766E-03
-4.46749991246352E-03 -1.11901566190851E-03
7.56919402397732E-03 1.16292664446107E-03
-4.99115257724468E-03 -4.36034966130457E-03
1.06140605048896E-02 -4.09110071485743E-03
-5.68228486132948E-03 1.01049946853532E-02
3.24793022635728E-03 -8.07737790464707E-03
3.56690297055137E-03 9.55016669502104E-03
-6.96817913044703E-03 -5.52977784115227E-03
1.24468433040453E-02 -2.48262463443942E-03
-9.40015137076969E-03 5.41601545683618E-03
1.94520007160951E-03 -6.23208745553156E-03
-3.01904206920058E-03 8.6760423032412E-03
-1.88529647583637E-03 -7.14891377727496E-03
6.75194545945478E-03 5.39576539218993E-03
-8.03243847250463E-03 1.18952986770279E-03
4.04172890173769E-03 -3.43892033200001E-03
-3.9438445082502E-03 2.71617299051892E-03
2.35080795464002E-03 -4.58662812251718E-03
1.82069445802439E-03 7.28388269914767E-03
-1.8467292191041E-03 -1.29315379134546E-03
3.24458426996623E-03 1.29560886782332E-03
-5.49482682277981E-03 -3.4268376144936E-04
2.11326159021219E-03 -5.28028538720816E-03
-1.70229596122602E-03 2.31544316816166E-03
-4.95844552862467E-04 -4.86718792416246E-03
4.76494193351976E-03 1.90486835148247E-03
-3.8570741077762E-03 2.20229755467309E-04
2.21977166325616E-03 -3.7279813298847E-04
-2.18847614219298E-03 9.42802522062276E-04
1.80230679391638E-03 -1.31066656406441E-03
1.13258888983146E-03 3.92944490013794E-03
9.25413573813106E-04 3.46329841095493E-04
-1.06399669109746E-03 -3.74626277317565E-04
1.18278447992044E-03 -4.41224115589455E-03
0.005274185883823 1.69574296395385E-03
-1.91204858508486E-03 1.45595317559067E-03
-1.04000322072072E-03 -1.80402496544122E-03
-1.86068759452992E-03 1.2478558425152E-03
1.47191349552018E-03 -2.56160117455089E-03
2.16806674253313E-03 6.05246407127589E-03
-2.70023373400882E-03 -8.98086638116737E-04
9.06566572148013E-04 -1.56190072228544E-03
-2.1184906395619E-03 -8.81054547521022E-04
-9.17948622021127E-05 -1.35061623182227E-03
1.36278672544421E-03 1.38024158747377E-03
6.52831350742921E-04 1.49191881661154E-03
1.48687715083923E-04 3.817263387465E-04
-4.57281285650566E-04 -4.01259801337329E-03
-4.6908970572695E-04 1.64946166159624E-03
-2.75824735689571E-03 -3.09999595262058E-03
0.004317907875444 4.12408622589599E-03
-0.004138108069615 2.88521262012244E-03
5.3220216423845E-03 -4.10805791852925E-03
-1.5873186837462E-03 2.51262344471414E-03
-2.19239973863004E-03 -5.73505629709918E-03
4.94609477363834E-03 4.51377873824367E-03
-4.38067452448416E-03 7.2016429703737E-04
2.36323083137267E-03 -4.22196799637484E-03
-1.32446568829711E-03 0.004401469972161
-1.75702344638065E-03 -2.80134007232419E-03
2.69559986985685E-03 7.87487179925526E-04
-3.40777102613692E-04 1.6364652475464E-03
-8.56570630806592E-04 -1.78026009219328E-03
-3.70007877350433E-04 -7.53633086444351E-04
2.03338840696747E-03 -6.06801892057426E-04
-1.01649361565611E-03 7.80533704975311E-04
3.28323153008487E-03 6.19374149861478E-05
-4.35672353603415E-03 -6.88681874839597E-04
8.62697710157652E-04 -3.02239250572562E-03
2.0279080514992E-03 3.75918421559644E-03
-1.6945318270946E-03 -9.20308785173294E-04
1.69693160542541E-03 1.15911753072907E-03
-1.6790679313838E-03 1.60865097340673E-03
6.46165007028995E-04 -1.7758954497007E-03
4.26275721530793E-04 -3.84014101395462E-04
-5.43971108691455E-04 -5.42867315707761E-04
2.52348416401953E-05 -2.54783347735189E-04
5.10423269180437E-04 1.15337599789097E-03
-6.72004956618467E-04 1.36820282099983E-03
1.54546964815575E-03 -3.59719214426643E-03
6.83736861335678E-04 1.16146199056287E-03
-2.30784146692851E-03 -4.95208286244123E-04
2.53161281520168E-03 1.39806274142608E-03
-1.16065671417923E-03 2.20869153040424E-03
2.91300308816673E-03 -2.05642370612891E-03
-4.02764739611554E-04 1.4687217616685E-03
1.68055571836668E-04 -7.82059847434977E-04
-9.42872065029225E-05 1.51561495769722E-03
-4.1082445900474E-03 -1.88552809133215E-03
4.37755776577231E-03 -5.63925012804365E-04
-2.70515237565247E-03 3.41427951086731E-03
8.44278215228286E-04 -3.56955168965977E-03
3.67506173833128E-04 4.15604446178695E-03
-3.48261982150579E-03 -3.92853195276239E-03
4.9894423218689E-03 -6.16248291893895E-04
-1.31602986408133E-03 4.41134680746329E-03
-7.79860128986091E-04 -3.01370438901502E-03
1.20992860104448E-04 6.81426594262174E-04
-2.95044523941189E-03 -1.72061641427704E-03
2.46568250154035E-03 1.53721777043928E-03
-2.91385144951882E-03 1.35646368577072E-03
2.7403013760129E-03 -0.002420814625366
2.80659820167275E-04 2.38746881879488E-03
-2.03278309152547E-03 -2.40437899350243E-03
1.00684828136193E-03 2.51033246393199E-03
-1.26638151565996E-03 -9.51625185943121E-04
3.7784664534793E-03 1.63756199990322E-04
-2.47442401130555E-03 3.31957856842559E-04
1.87606342492464E-03 -4.42057293776614E-03
-1.34252900160068E-03 3.99389391950775E-03
-1.80442725505493E-03 -1.83747113926072E-03
3.93053205941203E-03 2.82225043679724E-04
