3.79164457345754E-05 -6.04957562068794E-05
-9.71790554785943E-06 2.18733546574312E-05
-5.0171264506274E-07 1.69991462917628E-05
-4.99094268377252E-07 -3.23200899547197E-06
-9.34577385920178E-06 1.81710520552923E-06
-4.30891568082115E-06 -3.91735891891677E-06
5.17682002237824E-06 -1.36581296897336E-06
-1.71449964660288E-07 -1.50171883998539E-05
1.84435820907591E-06 -6.00161017567208E-06
2.93054537837485E-06 3.16037177342093E-05
4.68132631520295E-05 2.46682141384577E-05
-1.88860621126095E-05 -5.96468076743556E-05
-4.38859584507815E-05 1.99993834030036E-05
-8.47295816437867E-05 -2.9015795420651E-05
3.92290502998692E-05 4.58683775984893E-05
5.54702062897639E-04 -1.45442348331593E-04
-3.9756502282707E-04 -1.16196731352783E-05
-4.93239747004111E-04 -5.45346452908881E-05
1.57922774303635E-03 8.31620013976152E-04
-3.34964428432424E-03 -3.64601611227981E-03
5.77172492720725E-03 8.28181951615165E-04
3.48469408681624E-03 7.33799865045033E-03
-1.08865011250565E-02 1.02274044089758E-03
-1.37568586693941E-03 -3.20718859206449E-03
3.91093543067237E-04 -7.1941659688504E-04
-6.14917433563261E-03 1.39444599662566E-03
1.33005508960313E-02 -1.19350711772349E-02
1.06803211395634E-02 3.24101412177244E-03
-1.24958944582249E-02 6.27292487259527E-03
2.92820499175278E-03 9.47447384877209E-03
-3.82434315324719E-03 2.2604372019726E-03
-4.33285458909327E-03 -1.00420967895653E-02
4.70741575434125E-03 2.61862322818094E-03
2.30066554022953E-03 6.28294180118626E-03
9.43970896164148E-04 -8.53384966920704E-03
2.97070534204374E-03 1.74914027280173E-03
-1.99912651252874E-04 -4.51241934843683E-03
-1.5792104785683E-04 4.35712401736555E-03
-2.45588640418111E-03 1.45157157095538E-03
3.95392753687898E-03 4.63313100289618E-03
3.43415950486021E-03 -6.6516879589832E-03
4.89727511965137E-04 3.48096363012763E-03
-1.55729454030493E-02 -1.42075830889082E-03
2.71691236770167E-03 -7.4322298654657E-03
7.07403105243128E-03 1.00522033183173E-02
-6.71606091219749E-03 -1.47783804559255E-03
6.01356951418362E-03 7.38397340783625E-04
-0.010376969783318 5.55322569143401E-04
4.81472676495927E-03 -1.12776199683885E-02
1.21359945034795E-03 7.47809604700104E-03
-4.36678601443014E-03 5.15966886402764E-04
4.07964548168217E-03 4.20204501943491E-03
-2.21993772428159E-03 -2.35592261963934E-04
3.32919843969057E-03 -7.67367086722222E-03
5.20540431461168E-03 -9.60013713588756E-04
-1.43528879835213E-03 -2.16887635528599E-03
-6.52665746911018E-03 1.06809085916641E-02
-6.74185374375271E-03 -1.04225343563971E-03
9.30112965797786E-03 1.11355431867661E-03
-2.84033243042167E-03 -5.74906298787672E-03
8.28598217740586E-03 -6.03622563147299E-03
-8.89009966101099E-03 2.15712798154041E-03
-2.73142422228928E-04 -7.59558509473062E-03
3.46976363601216E-03 0.015133228431426
-4.83298819499924E-03 -3.97716743542666E-03
1.38002950110615E-02 7.98460017767335E-04
-7.79390206440555E-03 -7.60178764175418E-04
6.85004902407264E-03 -1.23369859557652E-02
-4.22427825945079E-03 9.2021781549967E-03
-0.007843124642413 -4.94781616089277E-03
1.22333416978989E-02 6.16674491035184E-03
2.88173794825831E-03 1.88904546771463E-03
2.81760343129843E-03 -4.30445561846485E-03
3.22393086974129E-03 1.21525422369519E-03
-4.32045063073887E-03 -2.41605767672908E-03
-6.70143905734806E-04 1.67101494225776E-03
-1.07487522018986E-03 5.11744368385236E-03
-2.37155645551191E-03 6.4482773493771E-03
2.10063075857889E-03 -1.68722041087228E-04
-2.89879894918831E-03 -3.33993705797087E-03
3.36039484576002E-03 -6.93514616604173E-03
3.13972088939678E-04 5.14811224505332E-03
-2.86047199078024E-03 2.59068420156729E-03
3.56461311953234E-03 1.63778178643172E-03
-3.24194461266992E-03 1.75724810763953E-03
-5.28311540420386E-04 -5.69261288823112E-03
1.67779422663252E-03 3.47768391894269E-03
-3.10559044552636E-03 7.77537758864538E-04
1.6434217118282E-03 2.76093815318717E-03
-4.62318304924525E-03 3.39989788506302E-03
2.65463056346944E-03 -3.13736173929476E-03
-8.23173246454071E-04 -2.0881875210657E-03
4.95984506295135E-03 -2.46068513621114E-03
-5.45820274708464E-03 3.7323808519767E-03
-1.18240113999352E-03 -7.53647022810356E-03
2.64942842294279E-03 2.56306587029887E-03
-3.00312676694207E-03 -1.84238834110528E-03
6.7502553346602E-03 8.52205739391177E-04
-6.51127327170503E-03 5.81845193814546E-03
1.70591994085427E-03 -6.65040999627638E-03
2.70634342903283E-03 6.64314112312078E-03
-2.54056110842805E-03 -4.03208346520462E-03
8.57706663661236E-03 6.37800217161024E-03
-7.74379402533127E-03 5.81932195599508E-05
3.72643221550786E-03 -4.61571686661508E-03
-6.4373090490917E-04 3.12891067228992E-03
1.51787730682236E-03 -6.12712919511513E-03
4.22229184978316E-03 7.67462379656439E-03
-5.20771936346037E-03 5.27534042305725E-04
5.7493312941041E-03 -2.01321813371621E-03
-4.19691781293808E-03 3.56459677147188E-03
5.51958753298738E-04 -4.90144425914358E-03
1.99819299252805E-03 5.30101205715945E-03
-5.59689070631369E-03 -4.4814953911228E-03
4.13874463034409E-03 5.18680521943175E-05
-0.003591392163233 2.7832785861597E-03
2.05079574347696E-03 -5.15920807141631E-03
6.5631585112179E-04 2.79841160287961E-03
-3.00789690283433E-03 -3.04019297711421E-03
9.08687957127669E-04 1.33057224297629E-03
-3.15110348253519E-03 1.03097727205379E-03
-2.23047266968767E-04 -1.96673001966038E-03
3.09479548718732E-03 2.00678637131544E-03
1.59534754702217E-03 1.21471264816823E-03
-5.37568873374593E-03 7.94979172501201E-04
9.8285396262925E-05 -2.13992955869525E-03
-2.05396100101636E-03 2.99929623959947E-03
3.94289143261457E-03 -4.33386451959634E-03
3.59864040344235E-03 7.06573777835675E-03
-6.11508324372048E-03 -1.4547195886014E-03
2.29756406467449E-03 -4.07195384759282E-03
-5.31787727133475E-03 7.6425612092017E-04
1.75294178778337E-03 -2.77186602168628E-04
-5.76322514252832E-04 2.95548894948816E-03
-9.1335816665429E-04 -1.57413711315067E-03
1.48965494494152E-03 -1.2025665830128E-03
-1.97147482475996E-03 -9.06805156029452E-04
2.61508862441519E-03 1.61238096990142E-03
-2.12333881227364E-03 9.67069264330911E-04
-4.06112091806231E-04 2.3320313409332E-03
-4.10405975808333E-04 -1.53300591246586E-03
5.71294685434238E-04 -1.38994821791832E-03
2.79855267701356E-04 2.57359720733527E-03
-3.04115616936023E-03 -3.94792212723303E-03
2.5689835303564E-03 1.0678677784923E-03
-4.56789927971339E-03 -1.05562571988219E-04
3.63384815659394E-03 -2.08018407836508E-03
-2.05201004000564E-03 5.70989513734948E-03
1.96892207079172E-03 -7.31591273376709E-03
3.29540052407133E-03 7.14079747318176E-03
-5.85224816594148E-03 -3.71469819891358E-03
4.13139766229119E-03 -1.90700760694163E-03
-2.36838901389728E-03 1.29907888885487E-03
3.89339664767186E-03 1.59397341060283E-04
-4.05934048172154E-03 3.6137178480495E-03
6.14580881919893E-04 -5.44284683940399E-03
1.15366593460753E-03 2.73345977013626E-03
-3.72384007338506E-03 -2.40493953209673E-03
2.78422187188611E-03 -6.68129890670798E-04
-1.10128822960305E-03 3.68996279879442E-03
2.96434856499327E-04 -3.42438058950984E-03
-2.7852837004143E-04 2.63445558477496E-03
-1.78577285213563E-03 -2.10314416930757E-04
2.17149379808583E-03 -1.81044176516605E-03
-1.6542019255674E-03 1.12988942185473E-03
-3.09042849207633E-04 -3.40631577548688E-03
4.8365130197662E-04 2.89708177936762E-03
8.19582053869065E-04 -6.92191580474843E-04
8.1272054830258E-04 -4.5959710546418E-04
-5.10890922018833E-05 -9.99105023591482E-05
-6.62004775007432E-04 -1.20382459106616E-03
7.48702179335362E-04 3.83322840908877E-04
4.02804453869279E-04 1.43554646768669E-03
1.95385661864176E-04 5.07937113490866E-04
1.07081986658631E-03 -4.40940198618555E-04
-1.62361715048118E-03 -2.11188960531252E-04
-3.07993262714808E-04 8.10613682997326E-04
6.56837839519699E-04 -2.96364450122327E-03
1.33125804750387E-03 1.81867675747989E-03
-2.18016345884757E-03 -5.72857503240478E-04
1.58190425936032E-03 4.99774813015876E-04
-2.34369072736666E-03 2.56297759023199E-03
1.07142584979755E-03 -4.18561186245509E-03
2.69110439820288E-03 1.60443384365489E-03
-3.08730590462526E-03 -3.6620122389995E-04
1.05712785596844E-03 -6.40896477909467E-04
-1.1485854943004E-04 2.67546653845432E-03
-8.34150027654881E-04 -3.54319491818907E-03
2.44908907357527E-03 7.70401313118979E-04
-3.02892662269887E-03 1.38207979803287E-03
8.37205480828195E-04 -1.5968843764608E-03
1.23026408848232E-03 -1.96684010521271E-04
1.40612365666308E-03 -1.65360996895348E-03
2.43359922373313E-04 2.21666178266079E-03
-1.39750022156615E-03 -8.47729834446099E-04
1.85764315947431E-03 1.57880099101305E-03
-1.09984548209532E-03 -2.71871374618205E-03
5.49051148532196E-04 -2.10065742320531E-03
9.06524719350881E-05 2.02969447031135E-03
1.47714889918207E-04 1.35071940204529E-04
1.5133320076865E-03 2.07563762003584E-03
