3.88452034053539E-05 -5.75632495611917E-05
-1.03804112016163E-05 2.46604579491177E-05
2.4488390782465E-06 1.93880062786781E-05
-5.00939661750096E-07 -1.06917365414715E-05
-9.15619154611701E-06 1.74703862328647E-06
-7.68762339040071E-06 -8.06759473165349E-06
5.22576917634118E-06 6.4963531141282E-07
1.41759600093774E-07 -1.19343561760203E-05
6.36334806161045E-06 -8.20775497238792E-06
4.47339063860783E-06 3.53669832024067E-05
4.38597037131734E-05 2.18644919583667E-05
-1.93360203080873E-05 -5.05704429693122E-05
-4.06744063014673E-05 -5.60036443101245E-06
-1.07073645707751E-04 -1.85502904323881E-05
3.42488881875655E-05 7.59191493556562E-05
5.35177739872306E-04 -1.08674729559081E-04
-5.02060473466715E-04 -2.21590835995609E-04
-2.14518589674711E-04 -2.13537116897889E-04
1.16259049063277E-03 1.06578691485898E-03
-1.47845362749928E-03 -2.54262809813525E-03
3.52533192763337E-03 7.57791574896932E-04
2.2472436800638E-03 6.91573862714258E-03
-7.9078453801851E-03 1.16920747882851E-03
-4.02453091071007E-03 -9.6620910919722E-03
-1.42763489500292E-03 5.22639142515457E-03
-3.49056542199226E-03 1.14510793313949E-03
1.37765892316764E-02 -1.48778469937837E-02
2.67809042246731E-03 2.68635902395343E-03
-6.60078897757911E-03 8.67879744399841E-03
3.15138629357654E-03 6.77578973589945E-03
-6.56187247768905E-03 1.40206703302024E-03
-3.03316713206649E-03 -9.24129680353484E-03
1.18387857103287E-02 2.41629032838975E-03
6.06019438894395E-04 7.23050596889271E-03
6.88734953516509E-04 -6.89889032043462E-03
1.80122390727417E-03 -3.7265421924657E-04
1.4164778253404E-03 -5.12915860674818E-03
8.47121969663099E-04 1.4468047669886E-03
-1.32863392140011E-03 3.22242787642632E-03
3.04171164490246E-03 1.81981113514847E-03
2.46008847194811E-03 -8.81659171496078E-03
-2.80430197358977E-03 3.25968629595651E-03
-1.33442108952257E-02 -9.62620009736814E-04
1.32742255202859E-03 -8.82748455921607E-03
4.69670434878433E-03 1.43847465502491E-02
-4.86211502219999E-03 3.11528716435882E-03
6.44358353864367E-03 -4.36554415303343E-04
-1.19846822393199E-02 1.6565587489157E-03
3.65562928037469E-03 -1.25449582237912E-02
1.37648914863054E-03 1.40630190051226E-02
-4.53204481092982E-03 -2.05872219417629E-03
6.77383098933359E-03 1.88204992401426E-03
-5.26529705000048E-03 3.93101378672929E-03
4.16054970548074E-03 -9.2746412959697E-03
6.36517394174686E-03 7.70103641387268E-04
-5.29078493070583E-03 -2.9734833811307E-03
-3.86921205883771E-03 6.82673462020915E-03
-7.23882085696619E-03 4.34567834263289E-03
7.51927092670721E-03 -3.04545353588503E-03
1.04721620099144E-03 -4.47855639506399E-03
4.3427136251482E-03 -7.79488673909991E-03
-7.92254696708197E-03 4.66805633724046E-03
-2.85007024964147E-03 -6.18315229366055E-03
3.77873812555313E-03 8.18277230375725E-03
-2.96537421164869E-03 -4.63256418859813E-03
1.44511052564167E-02 2.74788715356229E-03
-8.75762990910876E-03 -5.65590154581814E-05
7.76384528041454E-03 -1.32559849682092E-02
-6.12295162118726E-03 7.16185860391715E-03
-7.61043950390433E-03 -1.06968554781949E-02
1.11882461186998E-02 9.85329598126624E-03
-0.002674279936278 2.55874168520596E-03
7.06374634762875E-03 -6.79765499382426E-03
9.42908556238607E-04 4.6062039629924E-03
-3.84709952494556E-03 -8.92704809100552E-03
2.16210936434828E-03 7.42818999386244E-03
-6.0580263547985E-03 5.94666934244052E-03
1.68829682269785E-03 8.25963060603709E-04
-4.14462460210904E-04 3.1270618303105E-03
-9.91308311387229E-04 -6.49887921969661E-03
3.89005719637232E-03 -3.46156867529185E-03
-2.6156732980813E-03 4.28320783387198E-03
-6.86749164735561E-03 2.37630122222495E-03
4.02805748909102E-03 -5.68643937190453E-04
7.63386247696213E-04 -1.22270230327514E-03
-1.25585695683287E-03 -3.85533321629398E-03
1.74197788763205E-03 1.06031903674599E-03
-1.76292927173461E-03 -7.71075662133759E-04
8.67848067861058E-04 -9.11480260644091E-06
-2.20340182675651E-04 3.4079484904836E-03
7.85783958922421E-04 -3.81691464140866E-03
2.61083308096672E-03 -5.23050252311717E-04
-2.98834336054459E-04 -5.45506150338212E-04
-9.05833068097656E-04 1.28153742862889E-04
-1.6470344248032E-03 -2.68248649823804E-03
2.22149512992771E-03 -2.33570573136583E-03
5.60615186360804E-03 5.13284770559604E-04
7.13309307825471E-04 1.91472065661891E-03
-2.89114012016865E-03 2.95521631851248E-03
-1.16688680178699E-04 -2.11460204617482E-03
2.43180379421598E-03 2.80730971052543E-03
9.51002107495518E-05 -2.89646962954351E-03
3.82185212443017E-03 5.12639596083586E-03
-6.23203315110572E-03 1.50988757422249E-03
2.25406393662336E-03 -5.35923563473192E-03
-7.86501834045977E-04 2.3744308999851E-03
2.06073019871546E-03 -3.04667352790781E-03
2.4412116576794E-03 3.85287830153686E-03
-4.74840214172078E-03 -2.20729213190586E-04
4.08650748147082E-03 -4.04088012269613E-03
8.63599727440658E-05 3.17570161073898E-03
-1.93874203959352E-04 -3.75886526506048E-03
1.71779728775982E-03 3.43180284043603E-03
-6.12087382056174E-03 -1.67464900611741E-03
4.62423102006368E-03 -4.77947614046656E-03
-4.47939048780373E-03 3.5070140039012E-03
9.93627008426131E-04 -3.75552021715673E-03
1.6228395456034E-03 6.68218578564084E-03
-4.60273805623564E-03 -3.1690769248123E-03
7.36973253043922E-03 2.14911023170718E-03
-3.68791815780528E-03 2.95026127479397E-04
4.78920072889777E-03 -3.14813377551611E-03
4.87473180719754E-04 5.54197301256836E-03
-5.43643063691008E-04 -1.4239383996085E-03
4.69840627086983E-04 -3.69109841493046E-04
-4.00198230617531E-04 -2.03241187947368E-03
-1.28172615142045E-04 -3.24548918898341E-04
-1.05114645377481E-03 -2.84804955381628E-04
3.40760659252222E-05 4.41548653703411E-03
-1.77992956079197E-03 -1.47062251063003E-03
1.96466042040474E-03 -3.04564761738008E-03
-1.17509019361441E-03 1.48222624152927E-03
-7.26909959826681E-04 1.28996475218877E-03
-3.28872474848912E-03 3.6321725501045E-03
1.34134832158795E-03 -2.8399731075044E-03
3.9446627446827E-03 -2.04682477541278E-03
-7.69543546267396E-04 -9.3881923079091E-04
3.7039176153409E-03 1.18734548494953E-03
-4.37730368362395E-03 3.66798434321587E-03
-1.26923594393452E-03 -3.38766185168737E-03
4.95347990305155E-03 4.67070430853934E-03
-1.1501553428269E-03 -2.12142801665074E-03
9.39550349273669E-04 -5.03752963827582E-04
-7.66492518950501E-03 -2.03761752477023E-03
2.26328146569402E-03 -5.44126056207703E-04
-2.81123621132286E-03 2.97760074118445E-03
3.36835968254015E-03 -3.77866429980512E-03
1.86433020696545E-03 3.23964895653871E-03
-1.84976204126951E-03 -4.00941129180502E-03
3.25774339680778E-04 2.12625492967831E-03
-4.03850878742909E-03 -1.38144340232504E-03
4.12050216654526E-03 1.64607400355145E-04
-3.00182306467852E-03 -1.54319868562752E-03
2.6792534831978E-03 5.31673165454937E-04
-6.0132722536705E-03 4.9990027965206E-03
1.36602153951445E-03 -6.99368162528697E-03
5.75995640076032E-03 4.85269107221096E-03
-7.06196987396109E-03 -0.001047921085342
6.78869036960781E-03 -1.87034239156283E-03
-5.37691818097032E-03 4.97942386806422E-03
8.9182042209762E-04 -9.77340639962389E-03
5.82271757777458E-03 7.42513079102508E-03
-7.03699872767414E-03 -1.86967992626628E-04
5.32599130792165E-03 -1.33096088495569E-03
-0.004662343446792 2.71082225062089E-03
2.10999586938369E-03 -0.005231023982086
9.95590386778224E-04 4.88586195937908E-03
-3.99920565569206E-03 -9.13161796571514E-04
6.40985599774223E-03 -2.86296073197472E-04
-5.90822984023899E-03 2.02447197248633E-03
1.34296855206437E-03 -7.09395181005044E-03
1.64151309991626E-03 4.68193479227314E-03
-4.34998813860921E-03 -1.90141344956603E-04
3.98770894097833E-03 -1.34199517548895E-03
-3.67154584577443E-04 1.20562301960157E-03
2.66203029831884E-03 -9.50553372879245E-04
-1.81696454958898E-03 1.63867560028716E-03
3.98667560319637E-04 -2.19938703266748E-03
4.58927115344374E-04 2.10604062918301E-03
-5.18984653447198E-04 -2.77946624822309E-03
-1.62760363030196E-04 -4.62936326190962E-04
-1.99791798007058E-03 1.62212267230007E-03
3.22455204043144E-03 -1.37440846418345E-03
8.47935622530405E-04 2.3930767631795E-03
-4.30694808832753E-03 -1.96832495666469E-03
2.72991281027787E-03 4.06886122067204E-04
-2.46413695778032E-03 1.33335059212237E-03
1.03059835067225E-03 -3.52285379778537E-03
1.76462471738847E-03 3.94621022079881E-03
-3.56263845882891E-03 -2.04215598976814E-03
3.96306314149917E-03 1.39114882700061E-04
-1.16270652413025E-03 2.6766973970104E-04
1.29990883407738E-03 -1.22574205799973E-03
-8.36590576015549E-04 -1.11033555805081E-04
-7.08210848240532E-04 -1.06160451913091E-04
3.66895362450644E-04 5.1038041541811E-04
9.73266611669619E-04 -1.73651116341315E-03
7.80610935204548E-04 3.52408834806421E-03
-2.46061914129001E-03 -8.1093350621573E-04
1.64539166452678E-03 -1.2017260577254E-03
1.26411345245523E-03 1.85394712797726E-03
