3.71721627853035E-05 -6.04168091517287E-05
-8.51090505734558E-06 2.60996582198548E-05
2.03813257496892E-06 1.75657753956809E-05
1.87189757153554E-06 -3.09347699162125E-06
-7.8076761274805E-06 1.15011984483868E-06
-7.64405321986935E-06 -5.18494195324868E-06
4.74392599157064E-06 1.05495155806195E-06
-2.72182307203593E-07 -1.24722367341327E-05
9.20993651643399E-06 -8.98832750750177E-06
5.43615720348325E-06 3.99698215285827E-05
3.34776427791631E-05 1.66242730772485E-05
-1.3702014193058E-05 -4.0373578691578E-05
-3.92252839545254E-05 -2.8794650735374E-05
-1.04912183900567E-04 -6.04123423318047E-06
5.94696937176366E-05 1.07943021745371E-04
4.16121897073971E-04 -9.03185775538274E-05
-3.80374721502236E-04 -5.33039497160906E-04
4.91533388357537E-05 -3.92029430726854E-05
1.00974969410923E-03 1.45176648022957E-03
-4.40449022988555E-04 -2.56283309796312E-03
4.87319440115563E-05 2.26309618357198E-03
6.09046461412004E-03 5.78348816838118E-03
-6.54660825663297E-03 -3.32109620092522E-03
-3.64353745743306E-03 -6.39788454265994E-03
-3.52898284335431E-03 1.08059679929975E-02
-1.41968210309533E-03 -8.28374002312253E-03
7.7291665751588E-03 -0.011624956351758
4.23603753832332E-03 5.57892897548766E-03
-6.34252072786441E-03 2.48598188466698E-04
-1.79125203014598E-04 2.35783869808392E-03
-4.10415740143629E-03 7.77752503198928E-03
-4.20242916464328E-04 -1.07618026615332E-02
1.24280471356888E-02 3.56236939708096E-03
-3.0656479966729E-03 8.30807153150953E-03
1.07766541234388E-03 -6.64139484925852E-03
6.22592878259936E-03 -3.81301376843258E-04
-3.68915240885952E-03 -6.11002976314472E-03
6.77705377011223E-03 -1.69941235712827E-03
-6.53637091522237E-04 6.61507011205469E-03
5.57856188820948E-03 -1.8442375720586E-03
2.20097030554015E-03 -8.65432772527883E-03
-3.78875022171941E-03 -3.67330745337979E-03
-1.03476987611828E-02 1.53096788415118E-03
4.67767056982864E-04 -6.5574518892401E-03
3.25158056817425E-03 1.42172618092207E-02
-5.14542181937491E-03 7.30454128764261E-04
5.3583055321193E-03 -8.01817766000164E-05
-1.14121106227245E-02 1.21369397846013E-03
4.37369631547502E-03 -1.29224584930896E-02
7.31935057455092E-04 1.34551082934957E-02
-5.77934824716209E-03 -3.70005848358818E-03
6.9362301766573E-03 3.17914874052119E-03
-5.38120313446537E-03 3.4231058754954E-03
2.75855564512665E-03 -0.01111273736385
4.7053202621838E-03 2.36351459836547E-03
-8.64148104226053E-03 -4.0191490466809E-03
1.83005868807225E-03 0.003704141586736
-5.46349870382153E-03 7.06810420155113E-03
6.35297223922162E-03 -3.91007800570776E-03
2.18125022506802E-03 -1.07504055980836E-03
1.99306454357761E-03 -6.15539920892667E-03
-7.20225186349009E-03 2.11425198867197E-03
-6.93356069900405E-03 -4.85814735331864E-03
4.83512512180747E-03 3.32058980952934E-03
1.18127788514394E-03 -2.74908534443754E-03
1.31063700243933E-02 4.00585603706724E-03
-5.70499232066012E-03 1.36694286347315E-03
4.62090366023576E-03 -9.62953189096463E-03
-4.78649597610288E-03 3.10636173080713E-03
-3.18713151366494E-03 -1.11358542654858E-02
0.011090952733058 8.36166033494428E-03
-6.47876539025785E-03 2.3950703671374E-03
8.09545991573317E-03 -3.7246042405418E-03
-3.04072391910918E-03 5.59027547767137E-03
-6.66132415157864E-04 -9.95520938294361E-03
1.28781939345098E-03 7.22802662757102E-03
-1.08503070028637E-02 5.23718842509227E-03
7.23455774507477E-03 1.55815127960679E-04
-5.8562496848357E-04 2.43917146246966E-03
3.15620354205045E-03 -6.01940325451134E-03
2.58905531806451E-03 1.90647518681939E-03
-6.12871390894178E-03 -4.55732551436024E-04
-2.67930256284103E-03 9.56908154780843E-04
5.48115351383812E-04 5.79024449892037E-04
3.36144582230844E-03 -3.07209865173226E-03
4.43768058643618E-03 -1.33860176576277E-03
-2.67806899237335E-03 2.90231484786124E-03
-1.21314683844847E-03 -6.04588117730647E-04
-3.48143831667161E-03 -2.53176064020817E-04
1.79690989319462E-03 1.67320885329388E-03
-2.88058766723445E-04 -5.10158570887695E-04
2.50175811290031E-03 -3.4843636028964E-04
-3.61844354841715E-03 4.1419238078121E-03
-2.42277889098818E-03 -3.54560590397396E-03
-3.55183622804722E-04 2.72737872747728E-03
-4.22422507517746E-03 -1.83643896882395E-03
7.57492281038279E-03 6.23422894709496E-04
-3.25484084774219E-03 1.84476675397204E-03
4.3822114705948E-04 -2.46400948992018E-03
2.5654978226644E-04 9.35048445934738E-04
-1.01241198108164E-03 -1.81733006561739E-03
3.78890804152941E-03 -7.84176438945396E-04
1.17160468992548E-03 2.24821293641027E-04
-2.47951112893194E-03 -8.7412354530147E-04
3.97149077193064E-03 -5.03919147618694E-03
4.78993470509541E-04 1.55929397843219E-03
-5.81338919654388E-04 1.74974841330044E-03
-1.48708525736311E-03 3.78506522356408E-04
-1.25341162853116E-03 -5.06192540362704E-04
3.00906481919875E-03 -4.52994863848629E-03
2.93192268835636E-03 4.24702968721072E-03
-1.12792828314795E-03 2.57920561066003E-03
2.26076974909865E-03 9.85124945183659E-04
-5.53793699031666E-03 3.48597380263564E-03
3.77571605410377E-03 -3.38350342091196E-03
1.54418346942486E-03 2.98033823698365E-03
-1.26842701263574E-03 -1.39786045711815E-03
2.42781986749925E-03 3.38212595097172E-03
-4.47182038980783E-03 -1.9681991485673E-03
4.79341967189631E-03 -9.64279071130357E-04
-4.03345181077778E-03 1.62357952910929E-03
3.83959553353199E-03 -0.003932852947264
-3.39602397330947E-04 3.29244536797754E-03
-3.52301979040505E-03 -3.42830581735999E-03
1.84822739448955E-03 3.05519990230287E-03
-2.36959067408583E-03 1.26272416042346E-03
4.52643162926037E-03 4.77397172710505E-04
-4.82599577348562E-03 2.30275962812522E-03
7.3855285867874E-06 -4.26917828656808E-03
3.6181387970891E-03 -2.7432069958659E-05
-6.36496224843215E-04 -3.96707883496767E-03
2.11577378108988E-03 1.3428832336022E-03
-1.11341607950222E-03 1.65094908501275E-03
-2.67776077940611E-03 2.53817295943179E-05
1.71320392167577E-04 -3.35496210957578E-03
2.64669186357112E-03 -3.17956739673408E-04
-1.20948243708213E-03 1.42947204601866E-03
1.76228762467494E-03 -1.02705192272294E-04
-4.69140726080324E-03 2.0156491895816E-03
1.92030512211728E-03 -4.18307796558419E-03
2.9587183834994E-03 3.03452872457074E-03
-1.51093826228945E-03 -1.38892682778404E-03
1.43619342552938E-03 -6.56537888719686E-05
-5.06476497662574E-03 -1.34022479456413E-03
2.55196160603086E-03 -3.30403208989625E-03
-5.08441595605971E-04 3.41143571655234E-03
7.5116323764304E-04 -1.6128847841562E-03
1.52598883362214E-03 3.14771474934542E-03
-4.79240763352723E-03 -3.3855373811481E-03
5.47868044886407E-03 -7.88469066328396E-04
-2.46987032513625E-03 1.73731249074718E-03
-5.08673255077757E-04 -3.17143112913238E-03
2.47159070663387E-05 1.02794643727187E-03
-8.7393705505652E-04 2.31227666290408E-04
4.68177831690726E-04 2.23381564833805E-03
-1.98375275425045E-03 -4.97128286957951E-03
6.18749992595468E-03 2.94673427065538E-03
-4.88843705703049E-03 1.04078004863675E-04
0.00279433369291 -3.18426042810606E-03
-3.17736884864295E-03 3.49534954257008E-03
3.27477894229577E-03 -5.71363884892018E-03
3.57740237374652E-03 5.97487132312406E-03
-6.65549840530083E-03 -1.38144770649132E-03
6.31746333499764E-03 -1.30756174413815E-04
-5.88555065033903E-03 2.10332239105313E-03
3.78887473207276E-03 -4.61630665702114E-03
-2.41907336723244E-05 6.72605383732159E-03
-7.20832728121387E-03 -4.97908670010739E-03
6.55641324880506E-03 8.15394106357598E-04
-6.7868318204771E-03 0.002017229551592
4.59798096775535E-03 -5.47404874968066E-03
1.58468838788522E-03 7.02340651924073E-03
-6.32448648769029E-03 -4.22302922539456E-03
6.2341792744291E-03 0.000600900540067
-1.75483700025127E-03 3.08774689820527E-03
3.07094091339714E-03 -5.21838073737017E-03
-2.56448083079454E-03 3.65717316933694E-03
-3.54201474047439E-04 -1.77273704003895E-03
3.27258022034557E-03 2.28272904444099E-03
-2.44453741413882E-03 -8.30412623989237E-04
1.33119877202434E-03 -1.62415731133765E-03
-4.07452964888128E-03 3.41699342956377E-03
2.3390882374698E-03 -3.44463333747442E-03
1.72707419267886E-03 3.75934487360104E-03
-2.45632820956809E-03 -2.05267054075913E-03
2.8669066015171E-03 -1.65751618184525E-03
-2.0903203706005E-03 3.26416841974201E-03
-3.24688140383915E-04 -1.97733533435612E-03
1.02656534141428E-03 2.71581218800125E-03
-2.55649059255742E-03 -2.20744160244934E-03
3.27175661162559E-03 3.20624281859783E-04
-1.82607333159344E-03 2.28088111414607E-03
3.76140369382495E-04 -4.14922302524319E-03
4.50188769445162E-04 2.52976275751431E-03
-3.12607719281915E-03 -1.64663515152607E-03
2.77504129890447E-03 1.03390189504886E-03
5.03092551929771E-04 5.97390431165198E-04
3.33944677514601E-04 -1.98871932318952E-03
-1.05918229355639E-03 5.82904025210767E-04
-8.91427485100673E-04 -1.29885917818849E-03
-1.50647245549975E-05 1.20553505044583E-03
