3.8576382155876E-05 -5.81062387127853E-05
-8.05627523221817E-06 2.48453590212989E-05
1.72870663228586E-06 2.04162760454048E-05
-6.55318584532294E-07 -3.59590448878067E-06
-8.72563474592095E-06 9.81334367112688E-07
-6.54405893803008E-06 -7.02411374576028E-06
3.95611471872927E-06 -1.90845301999558E-06
4.69375031500896E-07 -1.01941760189852E-05
1.1786765107085E-05 -8.1390454369766E-06
6.43149877959766E-06 4.35577883027612E-05
3.54047939974948E-05 1.55525180342694E-05
-1.30087642469773E-05 -3.98248151287466E-05
-4.16896081385468E-05 -3.6049692920386E-05
-1.02085647102568E-04 4.88180806705194E-06
9.20504198203589E-05 1.0690275236589E-04
2.5940852829912E-04 -1.42766312309614E-04
-2.62849336735387E-04 -6.91924279903112E-04
4.08329500598093E-04 4.53174274655526E-05
1.12827953022224E-03 1.61678594985007E-03
-1.2565106079668E-03 -0.002819614851477
-1.10433948721548E-03 4.40895186564684E-03
0.010100085468203 4.30676746221484E-03
-5.34635364643253E-03 -6.61842450216018E-03
-2.76219667453951E-03 2.40646614644575E-03
-2.92188184100609E-03 6.81146206028807E-03
-4.7277073795335E-03 -1.36569435546882E-02
7.67403581075572E-03 -8.80563673104544E-04
6.47236218122815E-03 3.77825845226094E-03
-9.40669662804884E-03 -1.02264347992424E-02
3.80818494547253E-03 6.05132911618735E-03
-1.78543582914634E-03 9.39507220481947E-03
-1.54959513815448E-03 -1.26420546250099E-02
9.47228821665311E-03 4.10636813221295E-03
-3.05231198116213E-03 8.99516520664087E-03
4.69105131791017E-03 -7.02095259028477E-03
3.04230175343422E-04 1.76225910081012E-03
-5.16110864200402E-03 -9.30497068256652E-03
1.13195299794661E-02 -2.01838536078834E-04
-1.29751461865926E-03 6.5414157901191E-03
4.35831512407522E-03 1.40303947422106E-03
5.02916071085573E-03 -9.32239172316733E-03
-4.80390527502042E-03 -8.71979874356785E-03
-6.44081045357554E-03 2.95049590293035E-03
1.24093079020426E-04 -2.81902012907972E-03
1.57246888451369E-03 9.08541627138931E-03
-2.10357365553963E-03 2.17630556551217E-03
5.60616985010529E-03 -8.38811998902801E-04
-1.04460845460492E-02 -1.89529535793186E-03
3.65945949519602E-03 -1.28457364385192E-02
3.25942446360406E-03 1.39404135902287E-02
-6.30635507447386E-03 -3.62072298282585E-03
6.10936779701804E-03 -1.6038552644327E-03
-7.0244645878517E-03 1.42723352899658E-03
4.74364825147383E-03 -9.5325335701857E-03
4.81928093541308E-03 3.36540519764054E-03
-9.0825225643516E-03 -5.95372293753544E-03
2.3152590045632E-03 2.62936335941727E-03
-3.78828372818181E-03 9.16739000964002E-03
7.91130758660679E-03 -2.92516323080216E-03
8.92643744467947E-04 2.63888981674268E-03
-3.74000244325013E-03 -9.64178406959407E-03
-4.13757936068765E-03 1.3035538427301E-03
-9.13511035542691E-03 -4.89190909991268E-04
4.0955504598323E-03 1.47320853380318E-03
7.79769808594538E-05 7.12432498640999E-04
7.48269710808083E-03 4.95004895551735E-04
-2.19553906170641E-03 2.15922335125542E-03
-1.65222430032684E-03 -5.30508215945189E-03
-1.98814033801505E-03 1.46872558327403E-03
-2.52692315914226E-03 -4.62261422507562E-03
8.0763341494255E-03 6.61721300716839E-03
-6.35376060838151E-03 8.26787923993316E-04
6.43134475385517E-03 -2.84805209593101E-03
-3.28708532640518E-03 4.8269593427784E-03
1.46181265312122E-03 -8.77368523789893E-03
1.31663997805352E-03 8.71084501478061E-03
-1.17056330841606E-02 -1.20206164807459E-04
6.52609471567233E-03 2.84920387453829E-03
-1.67509242607145E-03 9.03565471550386E-04
4.08100474162368E-03 -7.40097340809779E-03
1.08002046538614E-03 6.65121692444425E-03
-9.47815385136216E-03 -5.46017686000601E-05
1.38485108986166E-03 1.1944839710032E-03
-3.63069499628466E-03 -1.50198961237994E-03
4.17969069041326E-03 -4.17533292286722E-03
4.04715379861596E-03 5.59795176732181E-03
-5.3299959754702E-03 5.09500320801216E-04
3.33248192133245E-04 -2.69319150455849E-03
-3.39554128661448E-03 -8.06241361834346E-04
5.79656412430255E-03 -9.26026751865284E-05
-1.40839838724348E-03 2.65029804591185E-03
-2.29275335528574E-03 -4.50956742632319E-03
0.002474523993394 3.92917740716969E-03
-4.25364539475395E-03 -3.3804558880706E-03
3.47207678939333E-03 3.1464674518529E-03
-2.07934755111633E-03 8.39475686502182E-04
5.59024121776516E-03 2.1176086838545E-04
-5.0774322331566E-03 4.52195743391424E-03
8.66291864964511E-04 -6.73670953928027E-03
3.88224934498944E-03 3.97973280604857E-03
-2.09557815085598E-03 -9.22180836234061E-04
2.20137059089465E-03 1.75008926368112E-03
-3.40647653851687E-03 7.40760732561749E-04
3.33361693530298E-04 -1.11754077068436E-03
1.38830121869634E-03 -5.74465593756572E-04
4.71945012226474E-04 4.0826225205167E-04
-8.78651824561512E-04 2.09358564173466E-03
-3.24860150373758E-03 -8.03969309461494E-04
-1.81600561048904E-03 -1.37464235159264E-04
7.24445615905145E-04 -5.65778550449918E-03
5.00161330600754E-03 1.48110515547722E-03
-3.85628072723403E-03 3.14752192029153E-03
1.51698476775499E-03 -4.10052372821538E-03
6.58726520432051E-05 2.62630356939207E-03
-1.44908111656464E-03 -3.93230824223117E-03
4.62600672513782E-03 3.93988424854751E-03
-4.68610121164728E-03 1.79514043563489E-03
3.77438197066246E-03 -3.63410420586403E-03
1.64797366311006E-04 2.6228495315325E-03
4.17271650911743E-03 -2.65800496986717E-03
7.4421754010131E-04 4.64362204365988E-03
-1.75182715131158E-03 -2.11012333289329E-03
1.54674377273393E-03 -4.93812320777349E-04
5.41546935871133E-04 -1.03322272726893E-03
1.0013992466368E-03 1.00097314036348E-03
-2.57462380617028E-03 -1.09830416979042E-03
5.7437867850776E-03 -8.17690176625568E-04
-6.55305957375737E-03 6.65107525539223E-03
-8.1132886325389E-04 -4.99566416113013E-03
2.05213508276039E-03 1.58098414639019E-03
-3.97284462494623E-03 -1.79100817754171E-03
4.6496327567629E-03 -4.73348464697735E-05
-4.13341559162423E-03 5.17880203782323E-03
-4.58773142411257E-05 -2.04948837367511E-03
3.32348027010376E-03 1.04434270338427E-03
1.00297613862307E-03 1.65053559559115E-04
7.70416446631562E-04 1.47690202601003E-03
-9.02189032702799E-04 -1.20911337174019E-03
-1.71822324705917E-05 -2.0765370843359E-03
-2.38737664648414E-03 -1.01574162859395E-03
3.46858077279045E-03 -3.57031860092784E-04
-4.39018941546858E-04 -6.09562719119311E-04
-2.59674294105174E-03 -4.26014869519529E-04
-2.54385635258666E-03 -1.96271533719528E-03
1.46823118709541E-03 -1.12593470165483E-03
9.10759439663039E-05 2.89118414973996E-03
1.19633468636532E-03 2.0643303346483E-03
-6.20798595359338E-04 1.24312018047316E-03
8.96762331755693E-04 -3.75395605093734E-03
3.32892371201089E-03 -1.00920213654193E-03
-1.81023106258989E-03 3.36644291429834E-03
2.4421111228589E-04 -2.02415416934725E-03
2.53331160760098E-03 2.02334712754036E-03
-1.21447633183641E-03 -2.78384385462928E-03
3.66190322533621E-03 -2.82424247308714E-05
-3.87090794804655E-03 1.44002400622714E-03
5.78015637790851E-04 -1.55073887889639E-03
-1.62796317688912E-03 2.20325028356528E-03
2.00621116684567E-03 -3.23375582015376E-03
-3.78016805984677E-04 8.66770522273333E-04
7.83783537634394E-04 -2.20221018249407E-03
4.62485011855969E-04 3.24886412198174E-03
-4.32083052856143E-03 -4.83167663888355E-04
3.77844858193082E-03 1.25936313032892E-03
-4.51584817315633E-03 -1.15754446926856E-03
2.8719738186864E-03 -8.5913248880137E-04
-1.26020549507126E-03 1.10272984166909E-03
-4.16531559036629E-03 -2.4903472772873E-03
4.38723668789496E-03 2.6150972296488E-03
-3.42988486965059E-03 -4.47786289361038E-04
5.30327896998436E-03 -1.15842631433349E-03
-8.68602144317416E-04 4.23146387820503E-03
-5.14329818207069E-03 -4.68811052444457E-03
6.77247897509355E-03 3.35600726088292E-04
-1.81865423012275E-03 3.01474204219732E-03
1.15776788290694E-03 -5.28325445300862E-04
-2.06604793836224E-03 1.2703070516433E-03
-2.12398100785082E-03 -5.83386748194742E-04
1.06280991411057E-03 -3.26045376922667E-04
-1.10533571600673E-03 6.1600524966887E-04
8.53995112369473E-04 -6.27260573921047E-04
-3.13979105580408E-03 1.33913931014609E-03
1.01356348497819E-03 -1.90114313581148E-03
2.3828250773016E-03 2.73963536086957E-03
-1.90313590316872E-03 -2.73180676675589E-03
2.16716618642411E-03 -6.97772141948276E-04
-2.54352562721409E-03 3.53832076999142E-03
5.59706588703733E-04 -2.62660657977789E-03
1.39107578217342E-03 3.97191058832435E-03
-7.43386841119829E-04 -3.02185912796318E-03
-3.32155332733566E-04 -7.88286819962381E-04
2.45661581268233E-04 3.68023361883501E-03
-2.28918945112174E-03 -1.5601430228346E-03
3.43559013762772E-03 1.11789715412496E-03
-1.69427286749799E-03 -1.21495705249211E-04
-1.56224857704357E-03 -3.96336401399525E-04
2.34397321600003E-03 2.33263637648297E-03
-2.86955149911993E-03 -1.76581300172629E-03
1.56567757689928E-03 1.03484935313334E-03
7.20356408859939E-05 -2.59674119784238E-03
1.79064372889749E-04 2.22850545448982E-03
