3.6106511779283E-05 -5.8688417464421E-05
-1.13320275190125E-05 2.54846583805799E-05
1.41590491422425E-06 1.74101927882184E-05
4.74865278209048E-06 -3.88343346707212E-06
-1.4094024010819E-05 4.69136043812475E-06
-8.19561394769443E-06 2.47541276389814E-07
3.10765285203414E-06 -1.63739293368789E-06
1.7162945609577E-06 -8.49632076503689E-06
1.0909607204626E-05 -4.74742461651287E-06
2.86322389899907E-06 4.48441857997096E-05
4.27209018469097E-05 8.73633127351547E-06
-1.53562453724503E-05 -4.16243741124574E-05
-3.25019245940989E-05 -3.51322371813035E-05
-8.12231579545946E-05 1.84320582835989E-05
1.09796459646095E-04 8.29055825813009E-05
1.54048278331532E-04 -2.55067658787071E-04
-2.44531881041744E-04 -6.8319953188697E-04
7.68800515377773E-04 -6.65311213411001E-05
9.40968845618772E-04 1.47253734262346E-03
-2.4141617967851E-03 -2.36594619097109E-03
-5.37510512032596E-04 5.70872779337604E-03
9.40051836939313E-03 1.66150884528158E-03
-3.36589331462039E-03 -6.8337847026657E-03
2.23411014760791E-04 8.03799878037048E-03
-5.21539129101474E-03 -1.60680184234854E-03
-7.34822582154653E-03 -6.59621662158417E-03
1.47195995703527E-02 2.65121420249398E-03
-1.69407067247615E-03 -1.19639728804547E-03
-4.73343870693416E-03 -1.06589310606768E-02
7.1684908008588E-03 1.10705436321711E-02
-4.09316030177118E-03 4.77199101087863E-04
-1.57272590560027E-03 -1.09392890375865E-02
9.83797919974558E-03 6.00074135591509E-03
-2.53865620134475E-03 7.68674515670454E-03
2.05858416229785E-03 -4.27366532570474E-03
-4.21188824112932E-03 -5.57643731187967E-04
-5.23072361530769E-03 -7.73040041228875E-03
9.9210835282507E-03 -2.10433719445586E-03
4.13274615831015E-04 1.05930685865472E-02
1.13441558177621E-03 -1.65109672952494E-03
2.35177486601939E-03 -4.83940961183088E-03
-4.42547455733775E-03 -9.91439543202923E-03
1.68507441754468E-03 2.68905309421423E-03
-2.17782630117664E-03 7.5578730490554E-04
1.42239818396117E-04 4.53850371552609E-03
0.003258071198929 3.31177241629943E-03
4.09167654948111E-03 -8.40863680371567E-04
-9.56919624857984E-03 -4.41946242203179E-03
7.16657160985426E-03 -1.00172244892564E-02
7.38316453840077E-04 1.11878686741469E-02
-5.56537082779385E-03 -4.08303396573533E-03
4.66820758819653E-03 -2.68469174881741E-03
-1.61597093155207E-03 3.86174315287129E-04
6.51454704153757E-03 -9.84950739939114E-03
2.48339981772854E-03 5.4785239979731E-03
-9.97019409699202E-03 -6.61114868297627E-03
3.46124641226449E-03 1.58477523521528E-03
-2.7020859256991E-03 8.47093807629286E-03
8.39361110207259E-03 -3.10008551856171E-03
1.60849149199985E-03 3.16124800073391E-03
-4.22236423368564E-03 -8.28584147387248E-03
-1.51609222390202E-03 -1.30145425186374E-03
-1.25450865721661E-02 8.43054913332948E-04
3.67230271261639E-03 -1.1276383450268E-03
1.73793086070587E-03 3.29956453054455E-03
2.45716064692475E-03 -4.03072777130223E-03
5.94544901890488E-04 1.8119200386546E-04
-4.0019611972783E-03 -4.84812630112554E-03
-2.09973654624682E-03 -1.42829894598795E-04
-3.72305149700489E-03 2.17080507118122E-04
1.96142982223329E-03 4.12851318705904E-03
-1.60784978694101E-03 2.6979029306302E-05
2.68194122889911E-03 -2.29936454471489E-03
1.06156983303305E-03 1.14300593876058E-03
-4.58593251615159E-04 -6.02876532667234E-03
-4.41227392117244E-04 9.21466964164046E-03
-0.009588920869351 -1.58885358130303E-03
5.55662946911141E-03 -8.33109112005919E-04
7.0621492498766E-04 -1.34250298673343E-03
4.94361745783044E-03 -4.82778937548226E-03
-2.43156946460887E-03 6.96484057124998E-03
-1.22135785806796E-02 -4.28073680602995E-03
2.91742902096646E-03 3.2314785485987E-03
-4.13031150391042E-03 -0.000844888983128
2.37828548279115E-03 -9.14251501386483E-03
3.95602534334634E-03 6.41636291380586E-03
-4.35331384569171E-03 -2.82271470298292E-03
1.94796473804428E-03 6.2622304867582E-04
-6.04654996124538E-03 1.78805051633082E-03
5.6384796510603E-03 -3.98808118761173E-03
1.38870429249011E-03 6.54329315004018E-03
-6.00746107876292E-03 -5.96726922447527E-03
6.29433407484932E-03 3.92015862068608E-03
-3.90904138286572E-03 -5.68588344800006E-04
4.58427938991095E-03 3.58757665725463E-04
-2.92189510085234E-03 7.91292670841472E-03
5.22074032677313E-04 -5.45264352864628E-03
-3.89521937903688E-03 3.21802426833207E-03
-1.82445204111252E-03 -7.42891130806358E-03
5.10190714996552E-03 2.96813870897932E-04
-3.10550483110048E-03 2.41356907058505E-03
6.28506209692567E-04 -2.91730815046771E-03
-3.47387363368001E-03 -5.05413399341511E-05
2.43631032408525E-03 -5.04819271961371E-03
1.85973641599643E-03 3.00679097445186E-04
-2.65939520324556E-04 1.67976202665331E-03
-2.84013936254931E-04 1.65627945557695E-03
-1.89893755441578E-03 -8.5415551820136E-04
3.14548442272398E-03 5.42801112860393E-04
-2.17474092568744E-03 -1.03143989787592E-03
5.13931457403219E-03 1.2181960128603E-03
-2.71810952379279E-03 3.03582464308658E-03
-1.65151413206611E-03 -4.3392938987331E-03
4.26107448747907E-03 2.62700453843512E-03
-1.02730186850665E-03 -1.75096487941945E-03
0.004642264096313 3.43411489668308E-03
-6.48218168617279E-03 2.4980395759905E-03
2.38491573206716E-03 -6.69751218200667E-03
-2.96145808989304E-04 1.46449589503895E-03
-1.44309539079762E-03 -3.94771031946188E-03
1.95360482935571E-03 3.87423053692535E-03
-6.67093374009444E-03 -1.02854242168456E-03
-1.00243714246866E-03 -4.34523603192863E-03
-7.22811075537645E-04 4.11491358111534E-03
-4.6618042619001E-04 -5.75513675174854E-04
1.80476291292033E-04 2.47554039504693E-03
1.52268439545026E-03 -0.003228997409123
9.20767438500591E-04 4.03168961735147E-03
9.8808614896691E-04 -2.33154239074342E-04
4.16073309480794E-03 1.16385607266486E-03
-4.61970768272599E-03 4.7168119957351E-04
5.13299138631989E-03 -2.74720540129611E-03
-2.93944140716822E-03 2.94808674115831E-03
2.28338040323896E-03 -3.86472242777678E-03
2.71848712740419E-03 6.55658579838674E-04
-8.85367165332877E-04 -8.45823816272615E-04
-3.60184000962889E-04 2.9348772699588E-04
-5.3585824394792E-03 -1.1353847636782E-03
0.002302851414756 -1.0178053526062E-03
-7.46003290275447E-04 3.75205195593757E-03
-4.58116481942778E-04 -2.87934387559241E-03
-7.69716025633463E-04 3.24975020853357E-03
-3.68789611867216E-03 -2.32519688240979E-04
3.58123683410445E-03 -2.98634477326079E-03
2.44939292347811E-03 3.61256298851737E-03
-3.98452922625337E-04 -2.27479865042088E-03
1.72387966016117E-03 1.83567014314294E-03
-3.06081257535708E-03 -1.77021067419374E-03
3.92354789947897E-03 -1.85315434384323E-03
1.52553991702852E-03 3.97920259298908E-03
-2.74977411797705E-03 -2.91139873757029E-03
6.95860480105981E-04 -8.51820567856207E-04
-2.12718762199415E-03 1.54822102702533E-03
-4.58706585928389E-04 -2.99119329590783E-03
1.75000817351818E-03 3.49467377330587E-03
-3.86338569371259E-03 -1.44980472742454E-03
2.82317822849946E-03 5.49695311942417E-04
-6.32974408158864E-04 -6.72574948306686E-04
1.38472766211484E-03 -3.89056247331496E-04
-3.31904937119251E-03 2.45616520012881E-03
1.45109611184623E-03 7.28566922050084E-04
8.47367960758624E-04 1.09994741848148E-03
-1.61855194757618E-04 -2.37355959879195E-03
2.21780126619241E-03 2.67546342905961E-03
-2.36973097490768E-03 -1.55276980158129E-03
9.26204516795693E-04 -2.82935568388597E-04
-1.02518678915761E-03 1.74373920609873E-03
-8.95330163124429E-04 -6.27494045120817E-03
4.91732920978652E-03 1.74009516094822E-03
-3.13081224366118E-03 -2.44268514987403E-05
2.39530899048544E-03 -1.47802549830156E-03
-5.11527275332923E-04 3.05877447640295E-03
-2.77382126671947E-03 -4.59953883011576E-03
3.00874945104174E-03 2.86418698930836E-03
9.18625412983668E-05 8.87315919664622E-04
1.14684554351221E-03 5.3226917699786E-04
4.1889491177061E-04 -2.02853733891542E-03
-5.26736545736517E-04 6.3919707273768E-05
8.20434096493065E-04 1.85007453757606E-03
8.25587644460208E-05 3.52414071662599E-04
9.45624402878207E-04 1.89086963825483E-03
-2.58513205141825E-03 -2.57261726100923E-03
3.84058391633028E-03 -1.44468497265041E-03
-2.30236176369002E-03 2.20730724057896E-03
1.30435186876653E-04 -1.39768817304519E-03
1.98086280481697E-03 1.53149415903078E-03
-3.50886451140245E-03 -1.60804187373924E-03
2.41705251586833E-03 -1.14361756871716E-03
-1.57238030926584E-03 2.22175031193221E-03
-1.01982027558379E-04 -4.17925147630787E-04
-1.76590716545758E-03 -8.48484047015256E-04
-9.19571066706529E-04 1.5827822877195E-03
1.27698691960912E-03 -2.27072339571484E-03
3.51343892997292E-04 2.02921176913618E-03
5.97316259137648E-04 9.95976470755698E-04
-3.0205746990904E-03 -8.26182953502969E-04
1.50432456669303E-03 9.92152519221908E-04
-1.76877505828748E-03 -1.25534599106414E-03
1.32041986735467E-03 -7.59119532881011E-04
1.72676860499366E-03 1.70869382759414E-03
-3.48890797209214E-03 -1.38860014939469E-03
