3.73672210626524E-05 -6.01236623439212E-05
-1.18886617308224E-05 2.41161015859684E-05
-3.8949442819592E-06 1.5577263892033E-05
7.79008080145431E-07 -2.95344943884194E-06
-1.38769539107203E-05 1.7216769425367E-06
-4.84912426013491E-06 -7.70938986656624E-06
3.38754118737821E-06 8.13876615603987E-07
-2.18072642357551E-06 -8.81394779633747E-06
1.54794716860831E-05 -4.01550289525006E-06
1.63686548516368E-07 4.41763707768211E-05
4.6657161444773E-05 5.33119385025184E-06
-2.39648609599997E-05 -4.87095165388671E-05
-3.29707973732182E-05 -2.62627921767596E-05
-7.07810811660239E-05 3.98400438555148E-05
1.48360642449376E-04 4.7694065676775E-05
1.0741619310188E-04 -2.95547773229206E-04
-3.3404746119528E-04 -6.36020269805542E-04
9.15711306743536E-04 -8.06243754899656E-05
3.34709759443582E-04 1.06212122817287E-03
-2.47323182731164E-03 -2.09374028879381E-03
-4.04401232552498E-04 6.45060756518178E-03
5.30072987348646E-03 -1.03612442581313E-03
2.51444241196971E-03 -2.4839699801236E-03
1.43526585541105E-03 3.57532568500422E-03
-8.24493259168497E-03 -1.38189375371901E-04
-6.48627201339277E-03 -2.24678647490968E-03
0.019203962964838 -1.48785758301612E-05
-1.08046069574295E-02 8.24744169229927E-04
3.49067919128912E-03 -2.93682810124172E-03
3.26295725941992E-03 4.98463141718821E-03
-3.83463961084953E-03 -3.44577123323675E-03
4.32922874256505E-03 -9.64845790175928E-03
1.06741538349011E-02 1.11310003292948E-02
-5.16822868206248E-03 3.27909918992088E-03
2.29149356138974E-03 -5.67123705263825E-03
-4.56743615451759E-04 2.0286802099072E-03
-1.09805687448053E-02 -9.66611905299931E-03
1.11978893570214E-02 -8.17100629337212E-04
-1.96215770347095E-03 0.011188507836411
-7.17665613484784E-04 -2.9196420974503E-03
-3.28735904844923E-04 -2.25370167268138E-03
-4.14919632698251E-03 -1.10216812040891E-02
0.001871792367583 1.77756085474513E-03
-1.41149269666159E-03 8.90771854742271E-03
-1.27412805029737E-04 -4.88347265224893E-04
3.45266212748947E-03 4.27332263955259E-04
2.21432401677539E-03 -2.8106896482976E-04
-5.03288289298483E-03 -4.73557536206344E-03
3.95550228020405E-03 -5.74434602867044E-03
3.34079517236386E-05 8.82215766352215E-03
-5.68535393591746E-03 -2.43839017892889E-03
4.26461296136587E-03 -2.3348074305484E-03
-2.13857181635734E-03 3.56793721293449E-04
9.23412562632361E-03 -5.80703795670038E-03
3.09429738296252E-03 6.86077574430415E-03
-8.54222203729255E-03 -7.10056799149181E-03
2.50044756629493E-04 1.77286734745811E-03
-1.98840377058607E-03 5.48158429376654E-03
1.29449627250275E-02 -2.14402825487915E-03
5.63146931232687E-03 2.49795735018073E-03
-5.61908317033218E-03 -7.67857236768736E-03
-1.69646107797512E-03 -3.10813834833775E-03
-0.008427148333901 -1.94522500158969E-03
5.58014899264427E-03 -1.46547050443288E-03
1.65100072619476E-03 6.10296772711098E-03
1.54787857190255E-03 -7.02239670261833E-03
2.99854742963168E-03 -3.90569128589661E-04
-4.2150855560131E-03 -5.22339099583051E-03
3.2859352194547E-03 -2.54643539777188E-03
-2.68316871729181E-03 3.27895357618345E-03
-6.55618513166411E-04 4.13081767642241E-03
9.86252741858585E-04 1.53345828847808E-03
-1.14809610410527E-03 7.8885808100156E-04
3.7698247676048E-03 -2.13498396210882E-03
4.69870351961719E-04 -4.10954559354518E-03
-4.07857411230131E-03 5.84954571192713E-03
-6.18238824417314E-03 3.5343619090595E-03
3.80107635372127E-03 7.60657411795949E-04
3.5413141183133E-03 -8.94771997605482E-04
3.30706781638023E-03 -4.98940336038483E-03
-1.34708978991359E-03 6.38134211703882E-03
-8.03890000670889E-03 -3.62282627525406E-03
-3.17368117336033E-04 1.6554447106305E-03
1.11963272146005E-03 3.2734909130378E-03
3.63592928162892E-03 -3.76313493419272E-03
8.97538268740833E-04 7.21619085768552E-03
-6.57563441198257E-03 -6.11976080020279E-03
3.28133016192156E-03 -2.36551456108489E-03
-4.55618162053933E-03 4.49519964733092E-03
5.98778157697666E-03 -2.41978516260175E-03
2.28041180813282E-05 1.01017842279788E-02
-7.84973270654036E-03 -6.91673672115078E-03
6.4452136744527E-03 1.17750031906598E-03
-6.19055344057468E-03 -4.3020745871302E-04
8.23881782712147E-03 -4.80644726200467E-03
-2.32031882162999E-03 1.29533659490635E-02
-2.95581487746898E-03 -1.00724741773489E-02
6.49702632218249E-03 3.70730302513703E-03
-6.99079688694885E-03 -2.3097780930151E-04
5.22207643480802E-03 -4.38231423089649E-03
-1.27122113129274E-03 8.47636417938864E-03
-9.74282036144739E-04 -4.63335648204857E-03
8.02796588484598E-04 3.32318687599201E-03
-1.91892325948571E-03 -1.49833046585971E-03
2.13370693468593E-03 8.55787915987426E-04
-2.80982708009232E-03 2.82865755977477E-03
-3.43504042732532E-04 -1.09874194175391E-03
-2.15612174482026E-03 -8.10977868858973E-04
3.64899894158745E-03 2.51770221785188E-04
-4.45025205339248E-03 2.59780763956963E-03
1.25530381390177E-03 -3.13671286199599E-03
-1.75170864127464E-03 1.54799640259669E-03
-3.25178570945333E-03 -6.00985711943734E-03
2.58192899568437E-03 -5.82512766048186E-06
-2.60003411888869E-03 1.99286761065872E-03
3.00395395963617E-03 1.34847500597086E-03
-2.02871827836557E-03 1.43648250445663E-03
3.04484095317636E-03 -6.01766613554082E-03
4.35392972614988E-03 2.06313395193709E-03
-2.79074920316473E-03 9.6839139574787E-05
2.71142183551129E-03 3.05283311753754E-03
-3.46547259666084E-03 3.06955286149212E-03
2.02713693882726E-03 -5.26371437283515E-04
-1.63886574408009E-04 3.82236273113828E-03
2.07877453335315E-04 -3.97888608929123E-03
6.60171309730283E-04 2.53929097302614E-03
-7.03403544646041E-03 -0.003349024286506
2.65395875657185E-03 -2.52835056582687E-03
-5.45104588074693E-04 1.39325391627386E-03
2.30356528245831E-03 -1.38299232424593E-03
-2.20613507325667E-03 2.9106869007387E-03
-1.82123226926625E-03 -3.58996361177605E-03
-4.15199968142371E-04 9.21363928019823E-04
-2.48235025784587E-04 1.20399838028745E-03
3.59346683592123E-03 -6.62949705477557E-05
2.85086913335264E-04 -3.01824990485263E-04
-7.37210279506098E-05 1.69438770692356E-05
-1.22305792072832E-03 -6.69058572240987E-04
1.63021678024821E-03 -1.64619048239341E-03
-1.3787779977148E-03 7.53236089727747E-03
6.00536914320938E-05 -2.76055327059021E-03
3.33103433790793E-03 3.87116830530929E-05
-3.16714602959121E-03 -3.25501094724127E-03
4.97998544995149E-03 -2.78351106247702E-03
-3.47273021971921E-03 4.19703647843686E-03
-1.60856062545717E-03 -4.1905025533908E-03
1.33141681766793E-03 2.50642900920153E-03
-3.65485952773083E-03 -2.20535913569046E-03
7.05694227463282E-03 -4.14938657904658E-03
-3.15104474140132E-03 7.46158820018902E-03
-3.78963402769855E-03 -4.61317943324444E-03
3.13220830916503E-03 3.08199591319364E-03
-5.74183445002691E-03 1.23416113462544E-03
4.08319642832011E-03 -2.47591323743511E-03
-2.54625485366624E-03 7.13626609261699E-03
-1.5452674502976E-03 -6.36495521687647E-03
4.31016571269413E-03 1.01114465250838E-04
-3.17695883766653E-03 -5.49983900593775E-04
4.55993239522966E-03 -4.07182613498625E-04
-4.49208988985935E-03 3.53147362634591E-03
1.29734454625972E-03 -3.95186625259309E-03
2.80506872597423E-03 2.93617774988171E-03
-2.41514653470922E-03 -4.64339771729679E-03
2.49628248683503E-03 8.38253770694581E-04
-3.45129574379807E-03 2.62301037676988E-03
1.16367670849416E-03 -1.4024455221738E-03
-6.74648210309791E-04 1.23474389526507E-03
-1.43865730937102E-03 -4.0636775914208E-03
1.63466410368466E-03 2.58422452463653E-03
-5.17936170087863E-03 -4.80937161055685E-04
3.79393881734614E-03 -1.70215677159503E-03
-6.8103192432801E-04 4.65445800865118E-03
-2.38573884183648E-03 -5.20881150667692E-03
4.63256952345747E-03 3.64494948002183E-03
-3.39824891177064E-03 -1.67357954193627E-04
1.49611046229869E-03 -1.40086680876842E-03
1.08325863300183E-03 7.6128899831341E-05
1.76723832687453E-03 -1.94847017233965E-04
1.5933136605394E-03 1.3176820320043E-03
-7.09843555566631E-04 -9.80633928295252E-04
-8.43851077790585E-04 1.58711196339103E-03
-1.52580094333602E-03 -4.2655815683213E-03
3.8615981328462E-03 2.60065479213374E-03
-3.31918782564242E-03 1.45753136553837E-03
3.09743566300243E-04 -3.98923365845857E-03
3.95854469718319E-04 3.70040954056152E-03
-4.84198693719661E-03 -2.78932550181226E-03
3.98937923876881E-03 -5.88455341868653E-04
-4.06268226881481E-03 2.72048160266466E-03
2.17365608449176E-03 -3.10543910022294E-03
1.15714386971437E-03 2.03181588693488E-03
-3.05732684537725E-03 -2.42005139554938E-03
4.94900853840906E-03 2.85324455442288E-04
-4.09939902276869E-03 3.09918175690762E-03
2.03056460840623E-03 -1.25160086535729E-03
9.55073226213986E-04 -4.23208979352536E-04
8.38332896473199E-04 -3.90815678825539E-04
6.03739674166667E-04 -1.07076486446356E-04
-2.54990840506929E-03 -6.28590318043876E-04
2.55075267315187E-03 4.84343868453104E-04
-3.19361143337849E-03 -5.51139406325855E-04
