3.82737116677409E-05 -5.88081539497471E-05
-7.73997150564014E-06 2.86114194837365E-05
1.51455286532077E-06 1.6920090728226E-05
-2.56423750040662E-06 -5.37410633653703E-06
-1.04671150573045E-05 3.19077602134562E-06
-4.15119459211151E-06 -6.48129817920193E-06
9.33697143621819E-06 1.59728084635044E-06
6.88702275303945E-07 -1.34729595064671E-05
6.04466695869836E-06 -6.67504130341044E-06
-7.19741334045929E-06 3.34672934693616E-05
4.99849206332609E-05 5.48792761820685E-06
-7.11405856022854E-06 -5.38397814609981E-05
-5.35657995671857E-05 2.46396529283039E-05
3.99556814707205E-05 5.03121747234846E-05
1.19987442553809E-04 -5.68192637544606E-06
1.32362277319789E-04 -1.36182111211591E-04
-3.51872124451631E-04 -1.68688361691798E-04
-6.6166031215017E-04 -6.70007511568442E-04
8.86445860165562E-04 -5.73873513260012E-04
4.06657382404021E-03 2.87096360830817E-04
-5.25904998568912E-03 2.47779299878677E-03
5.58762197444526E-03 2.85555096331796E-03
-4.53504436067547E-03 2.44082611568203E-03
-9.34534680399681E-03 -1.15580247360704E-02
-1.17485049865268E-03 -3.45729810645305E-03
-1.41889854811276E-03 1.22342951377504E-02
-4.40284165725405E-03 -5.23813037405699E-03
4.19706014429099E-03 -6.77385469498897E-03
-6.96811711750834E-03 4.25634020311528E-03
-4.37650161873575E-03 -5.21817918683449E-03
2.70625392284667E-03 -3.05367571108022E-03
2.5723969117825E-03 -3.21815311479094E-03
4.33572457727872E-04 2.54886960915068E-03
2.30992706467883E-04 4.52941092522345E-03
-2.0013290916753E-03 -4.49744490151829E-03
-4.06096174868915E-04 -1.62410138771785E-03
-9.08165185951498E-03 1.11499326593893E-03
-1.79819090530858E-05 2.65157711048155E-03
-3.62162182137413E-03 3.32734606633269E-03
1.28679101057355E-02 1.66161722932507E-03
-6.07451928590721E-03 3.73916157747156E-05
-5.71785248135535E-03 -8.63911728069415E-03
1.49694089083781E-03 9.90562859980557E-04
2.21975408300201E-03 4.01308866923376E-03
3.4097992612218E-03 9.0407983932253E-03
2.80494727263601E-05 -3.01282783507463E-03
4.73652466751182E-03 -2.17796183837239E-03
-7.62452390515999E-03 -1.41677566743715E-04
2.36816858046963E-04 -7.89629600697285E-03
5.02284825169577E-03 1.03373187086404E-02
-7.0007190616858E-03 -6.14815964397046E-05
6.11553994361359E-03 -2.85293210250783E-03
-4.35964289971479E-03 -1.04759293625757E-03
7.98250244984028E-03 -8.05378253450289E-03
-2.16486955034232E-03 3.3610234615357E-03
-5.47838330835825E-03 -1.15817139261061E-02
3.77858292250033E-03 3.43863508281654E-03
-6.35030319297107E-03 9.60170857227309E-03
6.14436145726665E-03 -3.91488594418239E-03
6.36356847750833E-03 -2.43105975408182E-03
1.54974810998319E-03 -4.49682172414847E-03
-4.5901606139791E-05 3.10128557132314E-03
-1.30089414715019E-02 5.2838103296992E-03
-1.23071206374002E-03 8.00478327824893E-04
4.28908908013129E-03 -1.99902493934269E-04
4.41043440464174E-03 3.09403575908905E-03
-4.91685393661068E-04 -5.75118780814013E-03
3.18486148407082E-03 2.63396778315656E-03
-1.15827288988282E-02 1.35080966752851E-03
2.95859115970913E-03 -7.02983316159742E-03
3.03597397724623E-03 5.78921388173333E-03
1.56469716709246E-03 -1.83705259559258E-03
-3.08648847175806E-04 1.62039253220683E-03
-3.25652068841993E-03 -5.9315441210413E-03
5.27888810858848E-03 -5.7767886543333E-04
-7.74203653196193E-03 4.86285277564572E-04
3.78686175306728E-03 3.68418928784742E-03
-2.02669408823132E-03 4.15921487353249E-03
7.67918658078219E-03 -4.3992196947355E-03
-2.20395365000035E-03 4.82264417681678E-03
-6.2493805523138E-03 -1.37454031610944E-02
6.16420492140467E-03 6.89196865698024E-03
-8.13362476796145E-03 1.49875894396038E-03
5.74477409275988E-03 5.97703055811943E-05
-4.22751486963519E-03 4.16819936983485E-03
3.29871216467684E-03 -0.009154606098623
4.85073646340074E-03 6.78004571492427E-03
-9.35742060771824E-03 -5.55493399653091E-03
1.1507120394742E-03 3.50418431383479E-03
-7.11385770039092E-03 -2.57125764056723E-03
0.011465278937169 5.22794262703537E-05
-3.59193650646835E-03 7.33966680207015E-03
-3.35255670590348E-03 -8.20379836623155E-03
4.9751950817327E-05 8.29878248369823E-03
-5.67454060423557E-03 -7.73476934179141E-03
8.57491775067772E-03 5.11655237765577E-03
-2.51832579235003E-03 4.28295967068292E-03
3.98910262476386E-03 -5.3605241951157E-03
-2.88063897616634E-03 4.95017146798291E-03
-2.30648446169103E-03 -8.28980972737034E-03
2.11847820562588E-03 4.42422670489306E-03
-1.01353469020218E-03 -1.36876672209815E-03
4.06686453498902E-03 1.43656086410818E-03
-1.98677288276387E-03 2.19759531954408E-03
-1.56565760147733E-03 -4.69524130132417E-03
1.80508192755874E-03 -1.43804828445883E-03
4.99605536011286E-04 4.37251818229178E-06
-1.23904186540265E-03 1.3297485774178E-03
-4.71236851271097E-05 1.29978870821761E-03
-5.33737550699116E-03 2.96340047503365E-04
3.03174015967565E-03 -5.80782490387814E-03
4.59325437080269E-03 4.8086293436042E-03
-3.99899991783305E-03 -3.22181666319929E-03
4.45223789703902E-03 6.72939553613971E-05
-5.12049412508165E-03 2.16891437791032E-03
6.70063260047056E-03 -3.17917175905328E-03
-1.91619735287355E-03 6.46034821574172E-03
-1.29966378666226E-03 -5.12964779345904E-03
2.06564304645078E-03 1.6596335739491E-03
-3.97893845806904E-03 -3.00853282578167E-03
4.50780083034358E-03 1.83527582436873E-03
-2.31309340663716E-03 1.97661078470093E-03
5.8792899381467E-03 -2.86808985669509E-03
-2.58909982923726E-03 4.81712798611475E-03
-2.55890184666069E-03 -5.61173738529551E-03
2.15537279951623E-03 -9.34240352393485E-05
2.52874598871703E-04 -1.42089288686516E-03
2.84767500720576E-03 1.59484985985623E-03
-3.95474922809866E-03 3.66795023773698E-03
2.25249397422049E-03 -2.17042384823061E-03
8.83535284966764E-04 9.45069503669069E-04
9.14722691897241E-04 -3.09334345396212E-03
1.09093647987859E-03 4.32021792417223E-03
-3.78404477255094E-03 -9.41087566261645E-04
2.54243832003732E-03 -1.80937368158752E-03
6.22857707805708E-04 1.1378351124295E-03
1.69714068399348E-03 -3.04873129874812E-03
-2.49983550128426E-03 6.84373544688041E-04
-3.09764412888265E-03 -1.18501670935779E-03
4.24089883491463E-04 3.19440473259083E-04
1.44087460646783E-03 -1.17182276780936E-03
2.02432218287334E-03 1.66225452542424E-03
-2.31043897918247E-03 -2.05036745175086E-03
-1.66352958249328E-04 -9.50934682325233E-04
-2.07317380216648E-03 1.3571435259427E-07
1.82613252650952E-03 -1.77756712504835E-03
-1.61149087819448E-04 1.44193363650429E-03
2.57754178990076E-03 -1.26938574253644E-03
7.37391135221793E-04 3.72285355080742E-03
-3.18244449433633E-03 -9.69424596248855E-04
1.70937830257205E-03 -2.1030657361833E-03
-1.44071830525799E-03 1.41410305797717E-03
2.79886050359883E-03 -1.58729923413657E-03
1.33386952229704E-04 3.2717877408033E-03
-3.58495640428214E-03 -1.49410000057828E-03
4.29585993028967E-03 -2.0849292971945E-03
-3.5294982892139E-04 1.93896890492019E-03
1.28974200960589E-05 -9.55404180515349E-04
-1.23254901508255E-03 1.80615793050468E-03
-2.46865056602324E-03 -1.22346827556378E-03
5.28558425605294E-04 5.42477110855733E-04
-2.35529211799672E-04 2.98537068259289E-03
7.26774064856569E-04 -3.89786148359729E-04
-7.86053086179331E-05 -1.46550226705727E-03
2.33828350557688E-03 -3.14079772060101E-04
-6.96882879011441E-04 1.95050682895187E-03
-1.03303901578395E-03 -8.85770636699907E-04
1.27057396472768E-03 9.85635136747174E-04
-2.6549129102694E-03 -1.19239871320206E-03
-4.90743670888648E-06 -9.35859824262834E-04
7.8560332706425E-05 2.2669319946717E-03
-3.23613378582958E-03 -1.53726600238851E-03
2.57024258407079E-03 1.19639766754675E-03
-4.76554973916539E-03 1.11189654151041E-03
2.30009295978666E-03 -1.60054248843174E-03
-7.71137660284882E-05 2.91270100106739E-03
-8.75148302763546E-04 -4.37649809486515E-03
3.67037189269873E-03 3.53450910083625E-03
-6.15530340919223E-03 8.6693019393491E-04
1.30831446403977E-03 -2.13318894250076E-03
-1.20588054150226E-03 1.16808938050672E-03
-4.25185388530766E-04 -8.55974601444224E-04
2.83714991540738E-03 4.24095436186812E-03
-3.55945543975566E-03 -7.81975094694878E-04
2.31671368731405E-03 -3.14320779493447E-03
5.26452487669474E-04 4.28191846816236E-04
-4.0621816202433E-04 -7.72930560102739E-04
1.17063212484497E-05 2.63951967715287E-03
-7.89197716200472E-04 -2.11986474113171E-03
2.46411775041247E-03 4.9474654023404E-04
-2.21186189522996E-03 7.06908453406461E-05
-2.71094596406013E-05 -2.24609736560682E-03
-6.00723247867549E-04 2.48743588240087E-03
-7.73818905781646E-04 -2.30429892328613E-03
1.30579869134013E-03 2.23775715173388E-03
-1.90225462288785E-03 8.98074590773912E-04
1.15877835159653E-03 -1.83916054841582E-03
8.5579504429325E-05 2.97802259144538E-03
-1.00990394234901E-03 -2.27317567802868E-03
1.45773517743312E-03 -7.67337603572779E-04
-1.17823450973676E-03 6.04382025379932E-04
