3.76122163603537E-05 -5.92175634407648E-05
-7.9019287165209E-06 2.04325413287135E-05
6.13782646600367E-07 1.67091053841686E-05
2.54907728633274E-06 3.15578443706745E-07
-1.12719207464843E-05 4.32711843262802E-06
-4.22691041624592E-06 -2.99555407533757E-06
6.56743975220002E-06 2.54180901763008E-06
-1.77098701181446E-06 -1.26248129625747E-05
6.51344263516401E-06 -5.95407773919715E-06
-5.33766088525179E-06 3.56551078737563E-05
5.87047376573165E-05 1.23984511717058E-05
-9.26957173430399E-06 -6.35404716393372E-05
-4.41674664329048E-05 4.18781185063215E-05
3.12108699493349E-05 4.06939156695776E-05
1.42865918931094E-04 4.11701650102992E-05
1.48197780760419E-04 -2.91194366942011E-04
-4.15601605786441E-04 -1.22229451875155E-04
-7.09411032366408E-04 -6.31904699382216E-04
0.001667021819621 -2.39411954683448E-04
2.86324729358504E-03 -4.20099116749263E-04
-6.55550715044267E-03 3.19568829779665E-03
6.69862048687855E-03 2.26119314272855E-03
-4.81776308994699E-03 -2.80498534723695E-03
-9.33426307773409E-03 -1.14884503873754E-02
3.71779113006644E-03 -1.65404346491801E-03
-9.71812484540647E-04 0.012042297622519
-5.09880090469384E-03 -1.15440481532937E-02
1.93496257260815E-03 -4.89795989426549E-03
-1.31560499265549E-03 8.65648430053195E-03
2.0853527195656E-04 -9.0400602172671E-03
1.45479732639425E-03 -3.61333109264048E-03
-1.54746595691752E-03 1.22372984742874E-03
2.34291267011656E-03 6.11365833340459E-03
1.39204761897446E-03 -9.75756762224793E-04
-1.92087918623375E-03 -6.44782644090217E-03
-2.89634641711794E-03 1.22042147840554E-03
-9.25508804961279E-03 1.18990168984612E-03
6.36635665361157E-03 -3.83317827715379E-04
-3.34027012556576E-03 2.5483563794548E-03
7.05623515577757E-03 6.41897944829765E-04
-4.49516457008872E-03 7.66789524966587E-04
-3.96877662654075E-03 -1.18422295744865E-02
2.84707159354241E-03 1.8956687136941E-03
3.3197131120453E-03 4.69754777395529E-03
4.5978843045809E-03 1.23080635892282E-02
-2.90934875360052E-03 -3.70203251775913E-03
5.52977357106462E-03 -3.2273631252074E-03
-6.02328792577778E-03 3.22715275978045E-03
-7.81393803238618E-04 -6.69939286934337E-03
5.89106347823415E-03 9.39824895808438E-03
-7.75847668083893E-03 2.38300949481115E-03
5.76491194111781E-03 -2.44573163761451E-03
-6.08226944752232E-03 -6.18510814998149E-04
1.17173683552155E-02 -9.84683086791754E-03
-7.25782580406707E-04 8.1084516563581E-03
-1.03433846980454E-02 -1.04905919824842E-02
2.46661942092767E-03 4.01973623155929E-03
-3.47156106634124E-03 7.96817843988872E-03
7.77287791726538E-03 -3.31822229960967E-03
4.34965028416298E-03 -1.12406062063001E-03
1.20569428385215E-03 -4.70851794354785E-03
-9.13028892221397E-04 6.77296283059908E-03
-1.12411308912824E-02 8.31724434922029E-04
5.94122507535068E-03 -1.64422655677263E-03
8.97426000690705E-04 4.39279263307132E-03
1.69082648193459E-03 3.55792389379087E-04
8.27022090809842E-04 -1.29295760751664E-03
5.73469832582953E-04 1.12230784488028E-03
-7.04851360822394E-03 -3.4859132647258E-03
4.11941496603733E-03 -4.64504377559577E-04
-1.04683289172876E-03 6.63518716515353E-03
2.93671205042795E-03 -5.5202840093864E-03
1.59699219889075E-03 8.56160246492871E-04
-4.0251801314664E-03 -2.53955467622309E-03
3.92744326244733E-03 -4.4406282867047E-03
-5.27054338807567E-03 4.98506617569927E-03
-1.01788689934086E-03 1.12748082806929E-03
-1.21694047865937E-03 1.62874209071763E-03
5.60240642362664E-03 -5.07461844823691E-03
6.61911562256686E-04 2.66385636889047E-03
-3.80227044818017E-03 -6.73143470654783E-03
1.45526956628567E-03 5.53463443147575E-03
-6.85184854128195E-03 2.90833567537843E-03
6.86621186472983E-03 -1.15516620551952E-03
-1.36887290792882E-03 1.16434206539919E-03
7.60543996884324E-03 -4.07226625870343E-03
2.22499908960152E-03 8.95796358007414E-03
-1.08570969350702E-02 -8.75480743730212E-03
8.2416859165226E-03 -5.27205745639844E-04
-6.27599276143353E-03 -7.40148084987748E-04
1.04540103092976E-02 -5.25543433838187E-04
-5.1972068022603E-03 1.09616824977677E-02
-3.23097214870351E-03 -9.61899130330608E-03
4.47621192650857E-03 6.36809181186568E-03
-6.1990672663197E-03 -3.20024778490196E-03
9.46247228600651E-03 2.74678974841872E-03
-3.53919161119871E-03 8.2764274998968E-03
1.56693461135067E-03 -8.5238586953491E-03
1.73909705062998E-03 2.40279642022843E-03
-5.7308382075625E-03 -6.38002438424066E-03
2.20363910180846E-03 2.04699153837286E-03
-4.56396964371753E-03 4.73914425714129E-04
3.93703242642767E-03 -3.70531919948566E-04
-7.63817232310641E-04 3.70831792629887E-03
-4.51257986303341E-04 -1.93913570144387E-03
2.74944653348724E-03 3.2262893903035E-04
-2.78595737659408E-03 3.45770118383377E-04
5.11951653500442E-05 2.13725073635041E-03
7.87292881192615E-04 1.16491101867789E-03
-9.53964467909377E-04 -2.34933035591847E-03
2.98161966092704E-03 -1.82319240610364E-03
8.77775321830232E-04 3.95409356741688E-03
-4.99968700066671E-03 -1.0516174023437E-03
3.25003630072849E-03 -2.00967220689958E-03
-1.3380038090144E-03 1.7743287149281E-03
5.22567100421042E-03 -1.9192634179848E-03
-2.69593930467269E-03 6.88417958336821E-03
-3.07977401652812E-03 -3.02567225600045E-03
1.74385496977699E-03 -1.06482779436481E-03
-1.53567976274512E-03 -3.39941757648519E-03
2.74952025656102E-03 1.05629141346704E-03
-3.4556657490465E-03 2.66420561282924E-03
2.51321471097455E-03 -3.74638167114638E-03
1.56348130776169E-03 3.31949626991251E-03
-1.93868680732622E-03 -4.97489735616863E-03
3.6598974547709E-03 -8.0435346521201E-04
-2.60555054585787E-03 1.31538004298601E-03
3.25000605505081E-03 6.13064696151247E-04
-5.51749836921517E-04 3.37561228002517E-03
5.43972073984232E-05 -4.49036856150857E-03
2.78080355774257E-03 -1.84508529480652E-03
-4.72575222357175E-04 -4.93439846975051E-04
1.3637841239629E-04 1.35914149689823E-03
3.38414340804248E-04 2.95742810691949E-04
8.52436234334141E-04 -7.06015339111187E-04
3.32251208983457E-04 6.46131359011171E-04
-1.92375580303516E-05 -1.79577833834665E-03
-2.00958933881289E-03 2.65588303371065E-03
-6.14531912603244E-04 -2.92359660870977E-03
2.20902596513062E-03 2.98848012524358E-03
4.95235940058577E-04 1.39270575490408E-03
1.32844398694981E-03 -2.70586084102416E-04
-2.45263460763447E-03 5.86099150565373E-04
1.12150452119996E-04 -3.31305390120187E-03
2.34340845270003E-03 7.81575946339931E-04
-2.1293627875462E-03 1.06884364982177E-03
4.52453766791166E-05 -7.72040466630655E-04
1.72656879476414E-03 1.13839198045768E-03
7.14215810392563E-04 -4.9433622882358E-04
1.35555459283213E-03 8.87957003709473E-04
4.00208185767331E-04 -9.43097916792967E-04
-1.87306871920061E-03 -2.38225869235081E-04
1.13127505462024E-03 -1.43835070794005E-05
-6.70744963775996E-04 2.26033565784692E-03
-4.1816447946299E-04 -2.66120531799263E-03
4.18893930591476E-03 -2.09052781817122E-04
-1.76063992118748E-03 1.92405411023072E-03
1.74177003899192E-03 -2.35114716848152E-03
-1.35646225098149E-03 1.5312955729815E-03
-4.77531494477737E-04 -7.46472661784925E-04
1.71287679723908E-03 1.30092075262442E-03
-1.30599712542145E-03 1.64321430636083E-03
1.58048423540162E-03 -1.53736445193607E-03
-4.90844980251763E-04 -8.12456342478485E-04
1.38592550922253E-04 -1.04968993164497E-03
1.4375352372062E-03 1.78003206662713E-03
-1.69722815151972E-03 1.17291261373774E-04
2.69676007816752E-03 5.16138478168916E-04
-3.8577274703922E-03 -1.12481341438563E-04
3.20311053834272E-03 -1.44488479372675E-03
-7.07813615337609E-04 3.5073125975608E-03
-2.63919882116689E-03 -1.60569272346447E-03
3.27823444195423E-03 1.34424430446912E-03
-2.52872222592261E-03 1.6962853488884E-03
4.36098686273346E-03 -7.33157850954963E-04
-1.34154631753797E-03 2.38354747026815E-03
4.04367989609272E-04 -2.76593897047675E-03
-3.26892335452217E-06 1.78047582554138E-03
-4.17281026183558E-03 1.29928758973488E-04
2.31304189356605E-03 -5.11398726225488E-05
-1.4197054480712E-03 0.00271629441497
-8.38076103712722E-04 -2.18757796759243E-03
-3.35889041282959E-04 3.37084112642626E-03
-2.58243201108904E-03 -3.30835023255165E-03
3.72354418916611E-03 -1.16347333894559E-03
-3.08105932473233E-03 3.42391373399825E-03
7.75014021349257E-05 -4.42824919925012E-03
-1.29422349208386E-03 4.48192047486594E-03
-1.52695119230716E-03 -4.04020138162951E-03
5.29006523476418E-03 -5.20362734796799E-04
-4.01149780987904E-03 3.7173406773027E-03
-1.10844660978182E-03 -4.09547764908925E-03
1.42971027494152E-03 2.00566636414088E-03
-3.24780030536715E-04 -9.07849866697521E-05
2.04616132813491E-03 8.83460716121315E-05
-4.08710415661118E-04 6.2274101540946E-04
-1.39628021611284E-03 -1.13637410354222E-03
-3.44436043243327E-04 3.21224376980964E-04
1.12483700764028E-03 -1.71558054001742E-03
-4.58137363965209E-04 2.59445338584304E-03
-1.78386887082825E-03 -1.16829500591735E-03
