3.78483228504941E-05 -6.01117947629991E-05
-1.0757140740145E-05 2.19955594800409E-05
2.15471921926433E-06 2.11386620958799E-05
2.18666435340398E-06 -2.57026242059966E-06
-9.19115664337303E-06 1.97879869346181E-07
-8.42733375419277E-06 -6.17914140107023E-06
4.41949964029842E-06 -4.35090584029636E-06
-7.84588547944953E-06 -7.56679078492077E-06
1.37776377633094E-05 1.31227480735214E-07
-2.1645489842786E-07 3.97545309461289E-05
6.04772020906692E-05 3.94535102308671E-06
-1.7575102636132E-05 -5.51399922476284E-05
-7.31887672274156E-06 3.33468419758188E-05
-1.55062706632871E-05 3.84970385591499E-05
1.24700859548493E-04 6.78741687039103E-05
2.10338382021093E-04 -2.34659302996373E-04
-8.26607301457259E-04 -2.42804380507835E-04
7.1104153198217E-04 -3.78299368496221E-04
-4.2736845076272E-04 1.64022270710563E-03
-6.12623789376164E-04 -2.1801283885289E-03
-9.06800416057613E-04 4.85861894592656E-03
-2.00662186262785E-03 -1.61798015802419E-03
1.47293134151075E-04 -8.17149263617374E-03
1.17754465525497E-03 -9.91635232154936E-03
1.94176040983152E-03 1.73155765534936E-03
5.71984582683348E-03 4.33687243479114E-03
1.72678801116445E-03 4.0525968691759E-03
-1.75196132830248E-03 4.36385293504903E-03
-6.80361605662278E-03 -7.46286272548201E-04
-1.87247747995389E-03 -7.58639846376853E-03
2.68340852492417E-03 9.20103780031306E-03
-2.06462214818385E-03 -3.85327325880319E-03
2.76899290289709E-03 8.40505747236843E-03
-8.01067894452745E-03 1.60957808104182E-03
1.14687224539425E-03 -9.93236254294124E-03
3.20458299382241E-03 6.62627646774998E-03
-5.7508763388832E-03 -1.76743611645016E-03
9.43176932561247E-04 5.08149854400253E-04
2.4707029484859E-03 3.86308428371478E-03
-1.7799383133455E-03 -8.17340762253293E-03
7.86504331873004E-03 7.44129846892438E-04
-1.04287218447486E-02 4.86370487570227E-03
-4.83797846700513E-03 -1.55364039041109E-03
3.84080005041888E-03 8.03845963873398E-03
-7.67547600458435E-03 -1.9415804526927E-03
6.8794204282125E-03 -6.95628243980818E-03
4.04752279275998E-03 5.22817159805978E-03
-4.59339506098357E-03 7.4459802176177E-04
3.1201751378834E-03 4.06274738952216E-03
-3.15298650733031E-03 8.18093358375059E-03
-3.19337958563224E-03 -3.30607893825523E-03
5.59809145731015E-03 3.48880125627236E-03
6.16847004826403E-04 5.95621718633731E-03
-3.45959925790248E-05 -4.43098975630806E-03
1.67416369329633E-03 -1.11318754428129E-03
-5.30338297403577E-03 -7.48298317587487E-03
3.54114310002517E-03 3.33284665686318E-03
-3.39036470101704E-03 1.49629992634968E-02
-3.04585565282768E-04 7.3588886485118E-06
2.0937880932899E-03 -3.90386950177928E-03
-2.92079123842992E-03 -1.97258514069031E-03
5.82973575500237E-04 -1.21908750220166E-03
-0.009771491613432 9.85315972002163E-03
-4.5138102159564E-03 6.40301539672724E-04
5.72558917578044E-03 -1.33076646379668E-03
6.94233841234255E-03 1.26391373680673E-03
6.72000399420901E-03 -1.18752648552353E-03
-3.21701167490824E-03 2.21901501921276E-03
-1.19968221990436E-03 -7.76741625796697E-03
1.05821764922544E-03 2.59272630486081E-03
-3.82098277033391E-03 7.40126118344402E-03
5.12907742390273E-03 1.84110577829337E-03
-8.64854470399658E-04 3.97422046202988E-03
-6.38509157005245E-04 -5.60071417980927E-03
2.55758837028349E-03 -5.51608721865251E-03
-9.03924596069699E-04 -1.01560423859531E-03
3.71349708776901E-04 4.06651266889724E-03
-1.53330934297983E-04 2.26385878151831E-03
3.67188062419521E-03 -4.41849276260243E-04
-5.68695951785941E-04 -6.49115951251227E-03
6.42121614340921E-03 1.91417839886211E-03
-2.19422899816448E-03 3.81344022441006E-03
-3.21992172923877E-03 -3.28072419930478E-04
5.17216236219365E-03 5.6245607222027E-03
-1.79190383016437E-03 -2.03987672235603E-03
9.76420273805625E-03 -4.01411638724678E-03
-2.08490617604824E-03 7.70094100688625E-03
-5.08502058723773E-03 -7.44283521585739E-03
5.15755401298282E-03 1.98255074401186E-03
-1.21842024415678E-03 8.92325733616665E-05
4.19760406454593E-03 1.50688686688293E-03
-3.74934710199766E-03 3.26829432206452E-03
-1.78581580723512E-03 -3.92502272328653E-03
3.08670137872335E-03 2.46808855166523E-03
-3.31415715199276E-03 -1.72328054406896E-03
7.18690776063202E-03 3.83737802073986E-03
-1.00396059776621E-02 4.99841572458058E-03
-1.81271690613527E-04 -9.85018495756484E-03
6.27654619042795E-03 3.4569042142175E-03
-5.34516648030229E-03 -1.02506983153043E-03
6.76066079836201E-03 -9.9743700627397E-04
-5.15243956688426E-03 7.24818678151225E-03
-2.58711225087059E-03 -5.97277371658941E-03
4.1607236878302E-03 3.5681840204539E-03
-1.57088768500311E-03 7.63829209452018E-04
4.11158399684578E-03 -2.13423410011779E-03
-8.12902195894971E-04 0.00292767449339
-1.82448003965714E-03 -3.1033902862922E-03
2.57955489560036E-03 2.49638795505844E-04
2.17319756474067E-03 4.40418197415109E-04
2.30373476422134E-04 -3.58723357815863E-04
3.1759007313728E-04 -2.03066062912781E-03
2.49629885460788E-03 -5.04057733264334E-04
-7.01924492599474E-04 -1.06408652523057E-03
3.39775490555115E-04 3.4351788210203E-03
-2.34386105007218E-03 1.08110213719732E-03
4.40893178999465E-04 1.24775701852228E-04
-2.78180058653509E-03 -1.46154155357991E-03
4.25631758646095E-03 4.93486081638986E-04
-4.11087532253018E-03 7.08846342464837E-03
-2.69497228061453E-03 -3.05735737586711E-03
1.56732318741711E-03 2.72163168248062E-03
-9.2812485377241E-04 7.62435762691764E-04
2.69095893158551E-03 -2.61329941535661E-04
-1.35478571731311E-03 3.70723374598965E-03
-1.10483104861809E-03 -4.52031782512864E-03
4.93640922304085E-03 6.11764133258092E-04
-4.37903145987618E-04 1.03408915059053E-03
2.45955509635265E-03 1.00891845810364E-03
4.05796830300672E-04 1.49715480026865E-03
3.36112434739615E-05 -4.43396039657703E-03
1.67757694661076E-04 1.65129101561953E-03
-3.59692324225727E-04 -1.9683112147149E-03
-7.36348059578469E-04 3.44837843499849E-03
-1.72945385239932E-03 3.68493806470656E-04
-1.06681994604024E-04 -2.37274799196239E-03
-2.82976109416983E-03 2.4848793134487E-05
-5.79448658367188E-04 1.07863906810081E-03
-9.52255264194192E-04 1.50314719596392E-03
-1.96490454509702E-03 1.53412284371595E-03
1.96074606178478E-03 3.18477886774148E-03
1.2668006895091E-03 1.60025976441529E-03
6.96434703833994E-04 -3.15263910076207E-03
8.33171922673598E-04 -6.08061708075134E-04
-1.21438388685693E-03 -1.19390037783605E-03
1.83943592453834E-03 -4.70603269234794E-04
1.06117727916286E-03 -1.78607525124749E-03
2.21005025661857E-03 4.79590729641576E-03
-8.1151415235137E-04 -2.18591616146201E-03
1.1277008339069E-03 -4.3704291437272E-03
-3.80123640932122E-04 1.9734711296347E-03
-2.35825091142455E-03 -3.84790831108268E-03
4.27069746659911E-03 4.38505259603848E-03
-4.55179353895191E-03 1.46813517247327E-03
6.36341340884325E-04 -2.57567940859563E-03
2.59915338259376E-03 3.38362085234875E-03
-2.81459694424939E-03 -2.71590720558984E-03
8.89708232044875E-04 9.0469784304389E-04
-5.42869984049119E-03 2.38977528088965E-03
3.38473608718246E-03 -1.80530267138369E-03
-2.03824308547693E-04 4.60342380561788E-03
6.46172222604381E-04 -1.06210144029338E-03
1.83140535060802E-03 5.75410535260255E-05
-2.19706977180285E-03 1.85174058532989E-03
5.45631900832039E-04 -3.13223576943977E-03
-1.45056549207101E-03 3.75633557109647E-03
1.89110594447043E-03 -1.36366138463436E-03
7.15762942518752E-04 7.6022888432679E-04
4.67475094052231E-04 -4.38812406457091E-04
2.26480182003951E-03 -3.47256851591491E-03
-3.60279917737849E-03 2.00166088474076E-03
7.40221388989682E-04 -7.09748558735869E-04
-1.74948975861586E-03 8.05838594622125E-04
5.77475275677005E-04 6.40092723736352E-04
1.09627170602956E-03 -2.7898192115623E-03
3.75566856210415E-05 2.27588148752659E-03
-7.454709926023E-04 2.25319396969957E-05
-2.12743465153837E-03 7.80048340388832E-04
2.08939019776711E-04 1.3553650895378E-03
7.400150693563E-04 -1.60061714621314E-03
5.70939778167842E-04 3.93514006639599E-03
-1.72725235828235E-03 -3.82240015364266E-04
-1.38195630970577E-03 -1.28688869838093E-03
3.65466337960715E-03 -5.1737176042425E-04
-5.04342543557885E-04 1.24465517138474E-03
1.01177725286623E-03 -1.49457695794701E-03
5.33623613293769E-04 2.52432877772276E-03
-1.45668892639191E-03 -3.01992146845583E-03
3.07761270584482E-03 -2.30961624059261E-04
5.08533957135195E-04 1.13214443132091E-03
-3.5857348096901E-03 -2.7375594636463E-03
1.38366003737231E-03 2.50641843111813E-03
7.23979470072988E-04 -1.64462555209659E-03
-2.23125344520037E-03 1.5120483424212E-03
-1.10616491355988E-03 -3.73623577657292E-05
6.6452339725788E-04 -9.59125920132013E-04
-5.75909660186099E-04 0.002212062891289
8.16323033609842E-04 -2.67650244379959E-03
-1.92516332014596E-03 2.07636052101005E-03
-9.37909325479177E-04 -6.37839026452192E-04
1.41883209779521E-04 -5.74905447942432E-04
