3.8281987332812E-05 -5.75933812781064E-05
-7.43099709382568E-06 2.39052260703244E-05
8.07556014251692E-07 1.73318838855295E-05
2.86333929827999E-06 -2.77170730748341E-06
-9.00639657068478E-06 -3.1367983321555E-06
-6.01714186539915E-06 -4.86524632055923E-06
8.29233377076004E-06 1.28680295281782E-06
-3.22787761636201E-06 -1.70486787251372E-05
4.87751132608279E-06 -5.66231377998979E-06
-3.79593825859353E-06 3.31691790881851E-05
6.13734500116439E-05 1.57750659714101E-05
-1.50602459544421E-05 -6.82765205838617E-05
-3.67287359945849E-05 6.27208437567482E-05
8.74438770871039E-06 1.7170526718109E-05
1.40522196177181E-04 5.04494080580065E-05
3.10162546080197E-04 -2.61944280334586E-04
-5.53282435944064E-04 -1.20679038430944E-04
-6.7030215918694E-04 -4.3044316325679E-04
2.17848651906606E-03 -4.05310779719252E-04
9.47921042356734E-04 -5.377323053186E-04
-5.33393842625767E-03 2.15166069801735E-03
8.75708949793435E-03 -5.79206421276023E-05
-6.15028881706302E-03 -4.67737309224629E-03
-7.59549252546331E-03 -7.67362191247943E-03
8.98421959279155E-03 -1.24045175125146E-03
1.47380741120082E-04 6.12125056376116E-03
-4.2791030024594E-03 -9.03640871850884E-03
9.08428126875442E-03 3.81866182822533E-03
-3.69366626602677E-03 3.98896748912022E-03
-7.66250840440757E-03 -1.02243701695622E-02
1.78208837916287E-03 4.20676260183898E-03
-3.99461552420614E-03 -1.63245920266458E-03
1.9198210722757E-03 2.71262190790081E-03
3.23029189548353E-03 -2.26587375081246E-03
-3.76107096698485E-03 6.40614466635968E-04
-4.48411611285831E-03 -2.86438130403329E-03
-3.66811834273298E-03 2.19144866844436E-03
3.80126949697718E-03 7.5774047535068E-04
1.17190279595274E-03 3.87850475944074E-03
3.18936158362143E-03 2.86921276332276E-04
-2.70231802688158E-03 -2.951910154789E-04
-2.36724616780324E-03 -1.12404383561286E-02
2.59547126374211E-03 0.004887709605296
3.0461988338597E-03 5.20862944635337E-03
3.89086233916974E-03 1.33022882014162E-02
-8.11888389238969E-03 -8.51566758471588E-04
4.57928576986346E-03 -7.4690195718761E-03
-5.2433837557971E-03 5.05452207249822E-03
-3.40845825083946E-03 -6.54698292532198E-03
2.68379697257944E-03 6.81473052565396E-03
-6.00043098566288E-03 5.69245078451655E-03
3.86675010329761E-03 -3.80516241030221E-03
-3.23623133405958E-03 1.29276305625523E-03
7.70962586625117E-03 -9.58799936312455E-03
-3.42547725957122E-03 9.87716953331935E-03
-1.17569252688051E-02 -9.01219775523316E-03
2.27294297348414E-04 3.80933136311586E-03
-2.88564659881194E-03 4.99621276441411E-03
1.00009388236669E-02 -6.78821280433896E-04
-1.6508524363306E-03 8.81833444759261E-04
3.63311622003569E-03 -8.10748321531412E-03
-2.17257346231201E-03 6.03736712480773E-03
-1.13325073106709E-02 5.28567059500882E-04
9.8469077594067E-03 -7.40726291732338E-04
-2.26742453163779E-03 7.17231908679258E-03
3.6703128101006E-03 -6.0664405747756E-03
-5.82118446673811E-04 2.16887190663899E-03
-4.74335500052639E-03 -1.64008928590797E-03
1.45904780892008E-03 -5.53020694055404E-03
3.92745739985175E-03 8.39482221048187E-03
-6.55345766493741E-03 3.29750515811077E-03
2.31293991687064E-03 -6.32328400702389E-03
2.9035323132618E-03 -2.78354400363465E-04
-2.02272820699642E-03 -1.83156671249544E-03
3.3467685660064E-03 -2.26797952438018E-03
-6.68513350782526E-03 5.62298358367358E-03
-2.03017893545179E-03 -2.15912447584769E-03
2.24331520338569E-03 1.4592349158609E-03
1.36971091740191E-03 -3.26432529309398E-03
1.87838726126007E-03 3.6084522325967E-04
-5.41280728203805E-03 -1.49112786095901E-03
-1.8515391074245E-03 1.08761410063666E-03
-3.38886916320271E-03 1.3298745390211E-03
7.24196056853724E-03 2.50359288333139E-03
-3.99478308090779E-03 -6.51675883188964E-04
5.79813084868231E-03 -4.77331117150234E-03
3.4171650179964E-04 5.63958509770399E-03
-1.11412597267713E-02 -6.19668326514071E-03
7.24746142095586E-03 2.58545825823444E-03
-6.58131503016368E-03 1.3667452160848E-03
8.90308424304332E-03 -1.96094704398397E-03
-8.16032486605374E-03 8.75105897949856E-03
-2.24656687578981E-03 -8.79136418960623E-03
6.87295961723469E-03 7.09277542219046E-03
-8.43082892900416E-03 -2.94165152201895E-03
8.73417615004898E-03 7.20081969290336E-04
-6.77456890206449E-03 8.11008160495919E-03
2.0616593536138E-04 -1.11245195333035E-02
6.09654725124699E-03 5.32491613969063E-03
-8.05165990429844E-03 -1.40040420997793E-03
3.57183755454014E-03 7.63723969260192E-04
-6.22193258694025E-03 9.04130000935684E-04
4.15953685070112E-03 -5.91228334802467E-03
2.4553949056373E-03 1.32792158471606E-03
-1.07097702545831E-03 -1.89134326484117E-03
1.05977254491275E-03 9.68270603146963E-04
-3.09035684661946E-03 -1.64305659072511E-03
1.50170381369339E-04 5.46013105155144E-04
2.7772074099675E-04 2.5990334089213E-04
2.60562052740844E-03 9.50713313584977E-04
1.10894767775917E-03 9.98322108425864E-04
-1.39173389467479E-03 4.36184547441619E-04
-2.84309400160265E-03 -4.4824322773165E-04
3.95057912580481E-03 -4.4296166882662E-03
1.45426989089044E-03 3.96452704535429E-03
2.54473164178787E-03 3.79016909295712E-04
-1.34183673629052E-03 3.32136747552488E-03
-3.24292163454477E-03 -1.37003657700071E-03
9.12034649625288E-05 -2.23569583160931E-03
-9.17130501139182E-05 8.18862215779512E-04
5.6993380146648E-04 3.88080961779651E-03
-1.07368674918202E-03 -5.00393983337927E-04
3.48916974297234E-03 -2.59189901445115E-03
2.48314173705323E-03 2.06247821144532E-03
-4.36917903915416E-03 -3.08837661156496E-04
7.19567153503796E-04 -1.00071928770506E-03
-2.44762060908484E-03 -2.52711131527765E-03
3.1879551997743E-03 -1.57442935753264E-03
-1.40595371392023E-03 2.65245267215534E-03
-8.13040515846888E-04 -1.85913757007296E-03
1.72606293497765E-03 7.21376456742681E-04
-3.11413305577998E-03 -3.3894261093578E-03
3.13829520823254E-03 1.10905238890686E-03
-1.65455474954328E-03 3.81090820179668E-04
4.71507334581835E-04 -1.19115725935721E-03
1.54627168842553E-03 3.14897197071418E-03
-2.04990966327612E-03 -2.47073298247977E-03
1.04251979446045E-03 -2.02151025157793E-03
-1.93761521488545E-04 2.08154031596256E-03
1.03352696244179E-03 1.2174432492272E-03
2.92610713252677E-03 1.64504075935668E-03
-1.92213037920457E-03 -5.17809025246743E-04
1.37260775716454E-03 -3.26965894869302E-03
-8.68359173924328E-04 -7.15035695785018E-04
8.51887132420789E-04 2.21858946116994E-03
-8.96566653132451E-04 4.59509512867689E-03
-1.28638369293476E-03 -6.21613864862135E-04
7.07051540397318E-04 -9.89241647896929E-04
9.3486087598155E-04 -1.3129228179815E-04
-4.34458367559649E-04 2.20463607649127E-03
-1.73256547815356E-03 -0.002925175592029
1.27594917643513E-04 1.66135400431781E-03
-1.0080908107883E-04 1.33521493747583E-03
-1.07301513382898E-03 1.95634957755942E-04
6.51866265050586E-04 2.12760888927841E-04
1.78209832035344E-04 5.09570773421446E-04
7.01793675579507E-04 -2.35906416173613E-03
6.55039724269322E-04 7.84146583560386E-04
-1.22282341932596E-03 1.07298497572894E-03
4.26137606284478E-04 -4.85178767737135E-04
1.16043985894303E-03 1.72898689775556E-03
-4.68149458165308E-04 9.60473143104911E-04
-3.18146740801042E-04 -2.45087781525589E-03
3.86554016899988E-05 -1.14883376774331E-03
1.24494022531196E-03 -1.43297670835909E-03
-1.08856211965978E-03 2.86695998482903E-03
-8.90562180359594E-04 -1.79094146172561E-03
3.47794310484893E-03 1.09777424288721E-03
3.85906794052306E-04 5.15561853797606E-04
1.03778164848253E-03 -2.51297523061495E-03
-1.31259703968583E-03 3.83988817331379E-03
-2.18457627183368E-03 -3.40750189096899E-03
5.47672253920393E-03 1.31945889663331E-03
-2.70396063095957E-04 4.43024737885874E-03
3.19601816139444E-04 -2.82177627669944E-03
-3.71200751273383E-04 1.27678652698055E-03
-8.17388251286239E-04 -3.38850445324971E-03
2.73578870481427E-03 1.39200198185798E-03
-1.8085028738418E-03 2.30897809302622E-03
5.26164587124742E-04 -1.17606836322876E-04
-1.10134140213574E-03 1.48117102751122E-03
1.3276641608288E-03 -3.29135382113883E-03
2.90573302404355E-04 2.3230616589121E-03
-2.12906787193141E-03 -1.78613057137936E-03
2.00893744425505E-03 4.75968724642844E-04
-8.80868265534076E-04 -1.28586811442218E-03
4.59031543298838E-04 -2.27910300004477E-04
-2.53453446068031E-03 3.79048187835432E-03
-1.41428221042695E-05 -3.03368903411663E-03
2.19852430598226E-03 2.32206308298488E-03
-4.37699039813835E-03 -9.93152109873637E-04
3.18252040863323E-03 -1.93540375874571E-03
-2.83541610329465E-03 3.33233635339755E-03
-8.55842070708015E-04 -2.9403103548676E-03
4.72481437622208E-03 1.22020780712229E-03
-5.3217149819199E-03 -1.72412092365849E-03
3.87458261628156E-03 -4.53441726281124E-03
3.23199070579452E-04 3.76871184230094E-03
-1.35925242098366E-03 -1.77745071729227E-03
9.96234822787166E-04 1.41546823628218E-03
-1.33598487843132E-03 -2.61523882999997E-03
