3.46159087302064E-05 -5.58535214169727E-05
-8.48084832970361E-06 2.46215549203512E-05
4.23303741638076E-07 1.3722866078204E-05
-2.79988242850479E-06 -5.71931350454796E-06
-1.17956239146342E-05 3.50208425345055E-07
-7.02189376698282E-06 -5.37897305175771E-06
6.47879712875846E-06 -8.40827530096226E-07
-3.22893669444466E-06 -1.22848455813855E-05
8.58993238247775E-07 -8.06448901724665E-06
-1.74119293930091E-06 3.33191551016706E-05
6.12217522824906E-05 1.62449156951857E-05
-1.54574261397424E-05 -6.93566923054419E-05
-3.12369986231759E-05 5.92742695276285E-05
-2.10505133151715E-05 -6.0142497085152E-06
1.1368491619352E-04 3.65189038817892E-05
4.89307235800634E-04 -1.38799238048793E-04
-7.41213873843605E-04 -1.58516751873541E-04
-4.58263834439816E-04 -1.41390648516067E-04
1.88839111575641E-03 -4.43578384794532E-04
2.19637896799114E-04 -8.16524693646339E-05
-2.49888737997606E-03 2.06981077853159E-03
7.5587395527014E-03 -2.4707513954526E-03
-7.95785062701057E-03 -3.9122194573457E-03
-0.002626164243129 -4.36340651317055E-03
1.12603994917083E-02 -5.31804997775248E-03
-3.05196110078525E-03 6.05492535423061E-03
2.7252404156924E-03 2.56806613967073E-03
0.010057618709094 4.6708161165155E-03
-1.59661402781013E-02 -1.02766668785226E-03
-6.50003423141404E-03 -8.53213923797186E-03
1.20219194805767E-03 5.37232532408949E-03
-3.48762545723293E-03 -7.70926658542235E-03
4.45152314201149E-03 1.54118338990932E-03
4.35294891295453E-03 4.67655597017975E-03
-7.42261265190724E-03 7.55928493780883E-05
4.35412274750567E-04 -3.68321830978721E-03
-6.1416513875797E-03 6.00350626664005E-03
-7.42694314121883E-04 -2.02095842376976E-03
7.37835568486071E-03 1.05830621173302E-02
5.13730002536091E-04 1.04626233964761E-03
-2.70336246778943E-03 -3.40669980311057E-03
-9.79694684805741E-04 -7.02670511782665E-03
2.03340381058489E-03 5.33698113077082E-03
6.8179710946392E-03 4.29040301236638E-03
5.74129961997242E-03 1.44213158364534E-02
-1.18328410321671E-02 -2.86652140775055E-03
7.85983498153818E-03 -1.18660416099182E-02
-2.40206919039165E-03 4.18733162149538E-03
-6.88775422356171E-03 -4.41006213607212E-03
3.42371381902083E-03 3.78397739570987E-03
-5.46154301928009E-03 2.14815558549138E-03
4.74374677177062E-03 -4.7368165958555E-03
-3.0436764773353E-03 6.63015551086054E-03
2.90760792626447E-03 -9.64273911798209E-03
-1.10238464972418E-04 5.27244620946669E-03
-1.43845016581377E-02 -9.07937724804509E-03
-2.11553740702413E-03 1.55564928355291E-03
-1.50728546823264E-03 6.03133837369326E-03
1.33195168728337E-02 0.001961496884096
-4.40079810541247E-03 -1.33069896301588E-03
3.88926492333847E-03 -9.97551845728637E-03
-2.33324354033865E-03 4.32975359036192E-03
-9.43656105518346E-03 -7.92200870114646E-04
1.27319235175183E-02 2.81211668560475E-03
-5.10933673986089E-03 6.9457424788494E-03
4.93065395878988E-03 -6.78508051515251E-03
-6.59557638456866E-04 6.60003910283323E-03
-6.48839191847222E-03 -8.17663593782053E-03
1.11408984528173E-02 -9.76661174816413E-04
-2.89137710521997E-03 1.19116315308269E-02
-6.18530255814745E-03 -1.47437417063391E-03
2.77062731252089E-03 -4.77112808974465E-03
2.78085640942416E-03 -2.89566005839538E-03
1.37204987680464E-03 -1.47760743834093E-03
7.25795346030375E-05 6.02305465784122E-04
-8.7588994984581E-03 2.34108851229293E-03
-9.50353491068015E-04 -1.80954089228743E-03
2.07630490160042E-03 3.40259820581681E-03
-7.41373173540835E-04 -3.6498318280843E-03
7.6740545484636E-04 -1.9089605532007E-03
-4.08042037928963E-03 -1.12116589478246E-04
7.78944087730998E-04 -8.53306065146597E-04
-1.38966422576469E-03 -2.23286211146736E-03
8.79522237484528E-03 3.92035743249209E-03
-3.9282386205138E-03 1.02769178619351E-04
2.03346219544943E-03 -5.66871740443305E-03
4.04508971971637E-03 -1.32329143983379E-03
-4.58175445567933E-03 -6.32160657148905E-03
4.98134520483173E-03 2.6166549754094E-03
-5.03590449878038E-03 2.78424858942155E-03
6.43572441163743E-03 -2.4581838976231E-03
-5.23413541133894E-03 4.15393885853391E-03
5.68592801760533E-04 -9.35164139573295E-03
5.47866302387503E-03 9.42973270670968E-03
-5.4101614427033E-03 -2.72872760943369E-03
6.47166122369831E-03 -1.60255236692896E-03
-5.50457701863711E-03 4.75784312851512E-03
2.4839818100331E-03 -0.012022480011563
5.71699447351391E-03 6.73708075998399E-03
-1.01555458366663E-02 1.23719003413242E-03
2.38992675333543E-03 7.71323865066276E-04
-5.81515277704173E-03 3.17971226419598E-03
2.73870167854085E-03 -6.42034938188675E-03
2.27796144406445E-03 5.77852158851181E-03
-1.63339422027006E-03 -1.89753789318117E-03
5.47576644921815E-04 8.82587002343975E-04
-3.21442908139592E-03 2.10374690462861E-04
3.45295874219094E-03 -1.3096642778517E-03
-3.11721543881351E-04 -3.34637722443777E-05
2.54733325447634E-03 -1.91128681347794E-04
1.47126760757601E-03 2.32330298147727E-03
-4.40391873644109E-03 -7.64143663987764E-04
-1.12558324036748E-03 -1.15272002528301E-03
1.27904425312877E-03 -9.62768608222046E-04
1.3519068962203E-03 1.9563037660758E-04
1.22600820893034E-03 1.16676522296628E-03
-1.85395538573902E-03 2.89541621942197E-03
-3.22070894447387E-04 -6.05189367697651E-04
2.13981225665615E-03 -1.87076081130228E-03
-7.33787804566522E-04 2.25454526094693E-03
-3.16466082964867E-03 -1.56629926425906E-03
4.28813238283442E-05 -3.52346865747345E-03
9.40261178869961E-04 -1.98681809868698E-04
2.77263499456108E-03 1.80242615162505E-03
-1.83007014358451E-03 1.93313544384064E-03
-4.84546485716671E-03 -2.42040830827851E-03
-2.49118345049669E-03 -2.94389141684225E-03
2.54528599146577E-03 1.97510358638818E-03
1.23486993740434E-03 1.84912455798645E-03
-1.4181870038663E-03 -2.89543653712804E-04
-8.31739212160393E-04 9.58789408885661E-05
-2.51203043191883E-03 -4.60713171987038E-03
1.20309371636004E-03 2.5230146553321E-03
-1.01011605821623E-03 -4.6244347487734E-04
1.38108009565814E-03 -1.20738553517147E-03
5.57085344164938E-04 -1.0012450977137E-04
-3.61178786068131E-03 -6.79428529415269E-04
2.38895942482916E-03 -1.8573546043527E-03
-9.9542793253393E-04 4.72228152721976E-03
7.84689336470776E-04 -2.65378867380975E-03
4.34748081544985E-03 3.98749498945829E-03
-4.85290344080263E-03 -4.22928425205884E-03
3.15862208268461E-03 -4.69498530618743E-04
-3.52163048652289E-03 2.8740403265764E-03
2.09906752580369E-03 -3.48326593703622E-03
2.05745141117717E-03 4.78534968005713E-03
-3.84448161497377E-03 -1.01808208818958E-03
5.48363607214982E-03 -2.89033217389954E-03
-1.21224609286367E-03 4.1855655038256E-03
-3.93563349506074E-03 -9.16579646022034E-04
1.33742751433021E-03 -2.59811922259049E-03
-9.87997634639036E-04 -3.12145712629928E-04
1.25345172488731E-03 -5.73670790046735E-04
-5.65368114825421E-04 3.37854297894428E-03
-4.38440931166759E-04 -1.62298188530364E-03
1.65171696886717E-04 -9.40956519349714E-04
9.01814557458496E-04 -2.91864614022512E-03
2.99280159055827E-04 2.37847604744326E-03
-1.27999864140839E-03 1.02534872097758E-05
1.22508523630294E-04 6.38975493945033E-04
2.31653255790281E-03 4.36904557440732E-04
-1.61978325548309E-05 1.40659801187565E-03
-1.84997416911995E-03 -1.64247128158428E-03
1.57840837889598E-03 -1.75209598092483E-04
-1.83212053123667E-03 -1.06133967123067E-03
1.45331223251298E-03 -4.88309089357235E-04
2.54237286028686E-04 1.6938597657101E-03
1.05518159768333E-03 2.04929612970614E-04
1.09740836292528E-03 -2.54424690974623E-03
5.61883976722602E-04 1.33901990656707E-03
-2.84508504340553E-03 7.13246438887577E-04
9.1315427233387E-04 -2.69437465429228E-03
1.84738974718881E-03 3.16216363673959E-03
-9.86434524357545E-04 -1.67541661854152E-03
1.92199519986828E-03 -0.00264764006611
-1.0525872222838E-03 3.48773654863032E-04
1.77207911494298E-03 -1.79761661124549E-03
2.13356294363037E-03 3.89408326869899E-03
-3.54403923540683E-03 -1.14642435876278E-03
2.66591446958666E-03 -2.03088840891943E-03
-2.80861527414751E-03 2.06952646374986E-03
1.56697981472136E-03 -3.15160973036871E-03
8.47115387305202E-04 4.13693776120801E-03
-3.81111203280515E-03 -1.38808971498073E-03
3.2631908426562E-03 -1.69539918091747E-03
-6.97652069225099E-04 1.07285080273474E-03
4.01327296613441E-04 4.95376800695549E-04
-1.30602906392684E-03 2.30559983001735E-03
-1.12126258263319E-03 -1.27250268461467E-03
2.74756626646625E-03 1.4678615211909E-03
-2.06134435577989E-03 -3.74460945404499E-04
2.13321286029495E-03 -1.50429838394728E-03
-2.65049337022849E-03 1.44923750163123E-03
-6.68324545340725E-04 -1.7839843778162E-03
3.97675171181447E-03 1.68171469121018E-03
-3.95408457426324E-03 -1.58056835814953E-03
3.60284848401108E-03 -3.26107021103781E-03
-2.35322993669208E-03 2.56022623771844E-03
-1.32085770458991E-03 -3.22407545759449E-03
1.81806899725281E-03 1.17727389171941E-03
-2.1519420051296E-03 -4.85657106193935E-04
