4.09655595325156E-05 -5.7007387286117E-05
-5.59655493576774E-06 2.43525345210175E-05
-2.18389422421351E-06 1.44078749427782E-05
1.33469869719585E-06 -5.22516960939753E-07
-8.55863430324089E-06 9.68129115714181E-07
-3.40220448409239E-06 -5.50662249185427E-06
3.896133257487E-06 -6.68202341719085E-07
-2.00598526402363E-06 -1.33340486851078E-05
4.41276737712837E-06 -8.92158989312054E-06
1.01704175889966E-07 3.26390421078269E-05
6.09653791888462E-05 3.83164643320245E-06
-1.29408320745208E-05 -6.11634417425617E-05
-2.19852835090571E-05 4.44411496032454E-05
-5.61784237019794E-05 -2.3572622600061E-05
1.16218250680322E-04 6.62228352658648E-05
6.2987712268187E-04 -4.85464331428389E-05
-8.31188264346392E-04 -1.49833759206649E-04
-3.41962354274094E-04 -1.53454830579112E-04
1.29137278473863E-03 -1.45349248077252E-04
6.7294484220914E-04 2.74855800642013E-04
3.18800874056906E-04 2.23162366186738E-03
4.22368468786391E-03 -3.13174482028739E-03
-8.12391412729775E-03 -1.0017725434594E-03
5.49791676721421E-04 -8.89054166791044E-03
8.03279823335946E-03 -5.04055340917988E-03
-2.73895074279649E-03 1.31557864588258E-02
6.23484965233264E-03 4.80247107558284E-03
4.67375042096316E-04 1.92077659609491E-03
-0.018983956579572 -0.001509177260217
1.52254791809949E-04 -8.35575976680868E-03
5.66388986923589E-04 9.23508898294985E-04
-5.2074397134429E-03 -7.85597252307849E-03
7.93622359837476E-03 3.70488504236164E-03
4.56838691171995E-03 8.60963139941025E-03
-7.73511664614482E-03 -6.19458352983023E-03
-2.83029375008872E-03 4.65264732663609E-04
-6.67696502137386E-03 2.45311634447022E-03
1.4177450396317E-03 -2.20272912871184E-03
7.33302716368367E-03 1.16988131599143E-02
-5.38828180930786E-03 3.02176354481929E-03
-3.37358912110377E-04 -7.21116958449886E-03
-1.51334625725142E-03 -3.94189682137612E-03
5.20847305036379E-05 3.33752817437898E-03
7.05911246129648E-03 6.62972548457736E-03
1.00076356549045E-02 1.42289672621163E-02
-1.03207522124466E-02 -5.48740433669922E-03
6.62501193045539E-03 -1.04550972530167E-02
1.28462008141453E-03 5.31597887929589E-03
-6.61203200549901E-03 -3.77036016692976E-03
3.81350076136006E-03 1.44482377265098E-03
-3.78064669956941E-03 2.9631491878167E-03
5.00018142465456E-03 -3.71598687957097E-03
7.77269754145283E-04 5.79232879494521E-03
-2.11684086486014E-04 -9.49453018390913E-03
3.94902655079315E-03 4.62889422562873E-03
-1.36026174171514E-02 -4.66234301762827E-03
-9.21097352190542E-04 -2.23214136888046E-03
-1.30072543599506E-03 4.41341405573465E-03
1.13158740152033E-02 4.18964002069842E-03
-3.9620050222124E-03 1.44712586030368E-04
4.11411627677051E-03 -9.85619470274035E-03
-9.5451110430879E-04 1.24259685121233E-03
-4.77644682409775E-03 -1.1651859741308E-03
9.85079109503917E-03 6.97495725831663E-03
-6.08205615968239E-03 8.1657798741202E-03
4.83187023662498E-03 -5.91605839361445E-03
-3.8843567466858E-03 7.02173409631984E-03
-4.50751922216235E-03 -1.07171287688402E-02
1.16569930983545E-02 5.16815831432942E-03
-0.009206261606317 1.16965067584435E-02
9.38992408508456E-04 -2.92201562989911E-03
3.43220980670484E-04 1.40660283130934E-03
-1.14828903522888E-05 -6.02143208291943E-03
5.22965529339661E-03 -2.07195750771134E-05
-4.26243093030375E-03 2.92991667042577E-03
-5.72437615420762E-03 -2.06630209044811E-03
9.65001790022461E-04 -1.51560938976342E-03
3.01386498624782E-03 3.4979029146206E-03
1.81949336566719E-03 -5.95647224472403E-04
-2.58596832839936E-03 -8.67907122849995E-04
-4.08799314813415E-03 -4.6365369065549E-03
3.04649505496159E-03 -2.79128819403268E-05
-3.76567883086822E-04 -2.78863971739522E-03
8.7452623494272E-03 1.36036672878023E-03
-4.87559708440145E-03 1.80824291843172E-03
9.49713359375286E-04 -6.07905436685025E-03
1.79810863412821E-03 -2.33856421407127E-04
-1.62545571034431E-03 2.85338629591642E-04
1.94002815037113E-03 1.27336726869967E-03
-5.36571714283757E-03 4.05179717698654E-03
1.14855942004857E-03 -2.00314795518414E-03
-2.13697563885151E-03 1.86616516500877E-03
4.29613077761136E-03 -5.85406003243871E-03
1.23805551052558E-03 7.18393404715913E-03
-7.04853772369887E-03 5.71537536801116E-04
2.87159869892227E-03 -2.01261221005173E-03
-4.72894208640844E-03 3.62453434304102E-03
5.36767955809624E-03 -7.93091167947431E-03
2.46073314064014E-03 6.25964139622922E-03
-1.07625526657887E-02 1.1217879953534E-03
2.26616378940382E-03 -1.02155605529201E-03
-3.58984432373707E-03 3.1526029005326E-03
3.62639780917242E-03 -8.13144989811073E-03
-1.9057367211045E-03 5.95540967703525E-03
-2.56481202203994E-03 -4.9943167143011E-03
4.40527811355936E-03 -1.46017271485513E-03
-4.62221054674404E-03 -2.88176392163421E-05
5.58063209543086E-03 -1.08428853717146E-03
-3.1397178081655E-03 2.74674943258844E-03
3.08168485715816E-03 -4.95841276250327E-03
4.69122814280825E-03 1.00526503402799E-03
-2.85752117009394E-03 -7.27530793929684E-04
4.50268460659741E-03 -2.22365690068216E-03
-2.48290778872382E-03 3.29072232497269E-03
-7.62232397718051E-04 -3.74695294162809E-03
5.36441046848659E-03 -1.45949019985288E-03
-2.84737397632317E-03 1.90546064120304E-04
2.24027817080289E-03 -1.30603955624105E-03
9.12214179266839E-04 1.57819590274719E-03
-5.25342113849565E-03 3.8391621153668E-03
-2.68223790416059E-03 -2.13215055399991E-03
1.27870552269777E-03 -1.47956032009665E-03
7.20547562769766E-04 -1.48855654212485E-03
7.23222621548292E-04 1.45431668569263E-03
-1.5904721337358E-05 4.37663868377792E-03
-3.3661138697223E-03 -3.06608312321006E-03
7.01037983496467E-04 -1.93139261442404E-03
1.97845984134671E-03 3.24503755496963E-03
-2.28035099600154E-03 3.01975190832797E-04
-9.58646374330305E-04 3.52722540600087E-04
1.86735375868641E-04 -1.94552434122707E-03
-6.91464655373286E-04 4.40889437641023E-04
-9.12587454166936E-04 -4.67448184967759E-04
-1.01872181150453E-03 6.54699717743068E-04
-2.17155062790418E-03 -1.8081188553176E-04
3.40259954192897E-03 -3.32610390762134E-03
1.19612538555056E-03 4.34322935298517E-03
-1.00223212939774E-03 -2.04342253933246E-03
-1.03465992140216E-03 2.32225955936734E-03
6.62173510610172E-04 -2.53850538394819E-03
3.01930262471213E-03 1.41731167034659E-03
-1.83755840215823E-03 1.11896286823974E-03
2.28341620826836E-03 -2.23190272606183E-03
-4.17184411528569E-03 1.50493337074444E-03
-7.06138101381354E-04 -1.99306949345047E-03
-4.21580319398894E-04 4.10931737194963E-03
-2.99486583224527E-03 -4.48034567976117E-03
8.06558993592928E-03 -2.78865598638996E-04
-6.87548442116416E-03 4.80048597896329E-03
8.72105529807634E-05 -7.52778944656957E-03
2.13660906726961E-03 4.52435319102393E-03
-5.77413411051946E-03 -2.66761808377535E-03
6.86580508716425E-03 -0.00109128799742
-2.20948323752215E-03 2.77722631710599E-03
1.7396563924407E-03 -3.77015268875713E-03
-1.18671654622148E-03 5.25757504849184E-03
-8.5341457235786E-04 -3.55373276015642E-03
1.69014467076871E-03 1.21613970210276E-04
-3.0733731710882E-03 1.43375984188425E-03
1.59935766924931E-03 -4.87053407558928E-03
3.39332654231831E-03 2.6373760441381E-03
-3.67729247547457E-03 1.52528952804172E-03
1.4660977305977E-03 5.33479383060434E-04
-1.07277132243303E-03 -2.41658192510721E-04
-1.17689375154547E-04 -3.15032130535718E-03
1.63430038876121E-03 1.40671709321088E-03
-1.32444182193069E-03 5.97509979711048E-04
-1.07500144430593E-03 1.76958629324004E-04
5.93775895858255E-04 4.30857269542101E-07
-1.75465455573488E-04 -1.22799064200464E-03
-8.14212113803383E-04 -1.70828450764033E-03
-5.33437909349269E-04 2.8175720480448E-04
-1.36019701934009E-03 1.55225679623836E-03
1.66770066680295E-03 -1.36056824230125E-03
7.54002565305069E-04 -1.1009540602092E-03
-1.63159383609369E-03 -1.75915207019491E-03
4.19017503662644E-03 -2.50795431907625E-03
-1.40847309013668E-03 4.45039902632418E-03
-1.73889208657566E-03 -3.26324353411824E-03
4.03742614787512E-03 1.44083751055917E-04
-3.37365150372838E-03 7.72947275382083E-04
3.51071283431867E-03 1.39943570885782E-04
-2.33326480488518E-03 3.46789044211691E-03
-5.25424638211061E-05 -4.81996505192656E-03
3.5566907193831E-03 2.07063542342544E-03
-2.82506467490554E-03 1.51054857307839E-03
2.8898257967981E-03 -4.15819603411036E-04
-2.25285456642068E-03 3.19074380098943E-03
9.08236778274374E-04 -3.95189078210995E-03
3.09440886598495E-03 3.25647854948553E-03
-4.03518834892036E-03 1.10340917963016E-03
1.33660062167538E-03 -1.78828033198946E-03
-3.35070408290107E-03 -3.05348892339159E-04
1.63451923955584E-03 -4.71983442889404E-03
1.64526854655469E-03 5.41190524033162E-03
-4.29297157353036E-03 -2.53253714060966E-03
3.02198505580851E-03 -1.44625829899918E-03
-2.10073857036318E-03 2.21818379063326E-03
-8.1982409010148E-04 -4.42144051178501E-03
2.71615540082232E-03 7.45313226067832E-04
-8.34878062678382E-04 7.21475438505974E-04
