3.78522279211595E-05 -5.48810229387903E-05
-6.88629357838251E-06 2.15481096094493E-05
2.75548615716856E-07 1.32563896555062E-05
1.62053269002634E-06 -4.60070343597399E-08
-8.68033640278184E-06 5.32760825928949E-06
-6.26341090905105E-06 -2.16831153747553E-06
7.92197545736468E-06 -7.91043715007331E-07
-2.17702403662926E-06 -1.1494753232496E-05
4.04200005994784E-06 -1.1683618202536E-05
3.20128746234334E-07 3.25806046077283E-05
4.51143035968654E-05 4.54023521710339E-06
-1.35536479176775E-05 -4.53666494719985E-05
-1.90190710619193E-05 2.59041067350489E-05
-5.96345818926157E-05 -2.61899329277597E-05
1.31133377319043E-04 1.13377242637499E-04
6.42054921736868E-04 1.21238979284147E-05
-8.66229456464096E-04 -2.25728115197505E-04
-2.89431048794439E-04 -2.93155545196279E-04
6.7034848539545E-04 8.1029383408087E-05
2.26933942371451E-03 -1.43114309356104E-04
6.03819506331519E-04 1.97536884124224E-03
2.17391010971235E-03 -7.69300834546667E-04
-5.37301418171099E-03 -2.8143728292617E-03
-2.33919763968737E-03 -1.47291086755717E-02
4.5923370693567E-03 1.8427017204036E-03
-3.27389258208477E-03 1.27917110450349E-02
3.94833100187093E-03 5.15705040547557E-04
-7.20566368958002E-03 1.29098977112171E-03
-1.25510064383624E-02 1.40620190657899E-03
4.11372552975479E-03 -1.53244211462531E-02
7.93074791335708E-05 3.7988778649845E-03
-6.84524940527997E-03 -2.35973635200728E-03
8.13472908796404E-03 2.82222620110981E-03
8.13275566207251E-04 6.68629604934705E-03
-6.38704670723794E-03 -5.38225888390153E-03
-2.14083780945431E-03 -3.7251383104088E-03
-1.4193798467581E-03 1.79599831128051E-03
6.25850479812229E-04 -2.16316197748551E-03
6.46369718596002E-03 1.07998910683191E-02
-6.42276778737605E-03 3.31875930333817E-03
-1.89067797896799E-03 -1.13731936074727E-02
-9.19829896349345E-04 1.14233822288306E-03
-1.80688104869454E-03 3.86485789172106E-03
4.23985386016203E-03 2.50262639357264E-03
7.46301724202584E-03 1.62929179658125E-02
-9.08970055371398E-03 -1.33334058732697E-03
5.87598087928749E-03 -1.15461725895866E-02
2.44257687205727E-03 6.1040050393906E-03
-8.88683638316331E-03 6.12754268150468E-04
2.06592959277347E-03 5.22444463085173E-03
-4.07750093411075E-03 -1.49463404006463E-04
7.96761439854083E-03 -7.04549867880322E-03
2.53321920821799E-03 0.012642904546694
-1.76870425004901E-03 -5.01281506773742E-03
5.56423305697464E-03 3.3060024821692E-03
-1.34550065703083E-02 -1.93146500089325E-03
-1.8315108985028E-03 -4.66265583675496E-03
-2.2313866132681E-04 7.90719855235542E-03
6.05869562314451E-03 9.51980986284325E-04
-7.88214347339185E-04 -8.76347134971865E-04
1.83625358963382E-04 -9.95985953466078E-03
3.37397187062313E-05 3.34566290794714E-04
-1.76029952796284E-03 8.0920030628278E-04
5.79423339249367E-03 7.23678056321896E-03
-5.75451699648869E-03 3.65103114457996E-03
5.25570612191979E-03 -4.08814858206599E-03
-4.01883084265907E-03 5.94036840614126E-03
-1.66046643136943E-03 -1.09770868550515E-02
7.47154792825515E-03 6.17607318647146E-03
-1.30120771887708E-02 7.04207268285873E-03
4.41377174464474E-03 -1.65063642769966E-03
-1.95035082623457E-03 6.12454031454983E-03
6.26317089838908E-04 -8.48458112240804E-03
7.08863484695708E-03 2.10418574197876E-03
-9.30138408511685E-03 1.71741829079953E-03
-1.76694175492496E-03 -2.08635206162858E-03
4.30847225298993E-03 4.70996338584269E-03
3.49179076174492E-03 2.86409882962604E-03
3.46667976095972E-03 4.81177848036472E-03
-6.50677400673506E-03 -2.12163868717194E-03
-1.16213244537632E-04 -9.11549186992652E-03
3.78069016681133E-03 1.14274419101569E-03
-3.02753528054321E-03 -1.11990247509489E-03
6.81694414436747E-03 3.0423867811762E-04
-5.10540062403407E-03 -1.34365066435467E-03
2.00827781132473E-03 -6.95972459666544E-03
3.53639954556117E-04 -8.34285661084545E-06
-1.72484625648685E-03 -7.34150023883294E-04
1.61718421280128E-03 9.29017891007281E-04
-2.45241570435619E-03 4.32933232391466E-04
-4.22378771571489E-04 -1.57209772131742E-03
6.39410987874555E-04 -9.50388823707198E-04
5.24886979443261E-03 -5.45505717959177E-03
1.54656655010105E-03 2.43526907868038E-03
-2.81398538281402E-03 4.25540644033186E-04
2.84659637076292E-03 -1.75628601496265E-03
-6.08379976598856E-04 1.97251155322873E-03
4.13560263625913E-03 -2.32968047473812E-03
-1.67558266402187E-03 5.1967191106199E-03
-7.47089581086794E-03 -2.06485773472742E-03
4.39018970508458E-03 1.90926464480561E-03
-9.10914197347834E-04 3.51160665369679E-03
4.5323356346574E-03 -1.89341049093378E-03
-1.73701584947665E-03 7.38988423566422E-03
-2.80366930063403E-03 -5.27769556423487E-03
4.97595328822208E-03 -5.83716054470197E-05
-3.40854702357572E-03 -7.61409243995968E-04
4.96198470104482E-03 -7.57273745640025E-04
-5.91442230827969E-03 4.01471259617103E-03
2.60751552207755E-04 -5.83276189917214E-03
4.33881756678298E-03 1.55651289937092E-03
-4.35256925332609E-03 -2.32272082685947E-03
3.46591476920798E-03 -1.20132685962802E-03
-4.27043607910437E-03 3.85003927020609E-03
-2.5184854208307E-03 -5.61455187826858E-03
2.87668885789772E-03 1.69814724861511E-03
-2.74865207597137E-03 -4.67855657845091E-04
5.78650601090545E-03 -2.52221100824092E-04
-1.94226651807416E-03 2.7610473022362E-03
-2.15578105612054E-03 -1.04228734573385E-03
5.10952443960267E-04 -5.48811464391253E-04
-5.44183905095184E-04 1.2509020223971E-04
6.6702774431048E-04 7.41566163651276E-04
-1.27530714912142E-03 5.93936078364604E-06
9.80082660734818E-04 -2.75453530154876E-03
-6.51267841303502E-04 -2.07721221834092E-03
8.27897621058603E-05 1.18340251885498E-03
2.8338896732217E-03 5.12651733869173E-03
-2.97577284213781E-03 2.14275911092529E-03
8.19821969770746E-04 -3.40636609660676E-03
4.12859313593111E-03 -2.9042494802606E-03
-1.41524449838732E-03 1.3247470129467E-03
-1.35189911380342E-03 1.65121474546418E-04
1.58792255786411E-04 2.70412913729138E-03
-1.14741082040559E-03 -3.34513883288537E-03
4.65645778312705E-03 -5.20160260260256E-03
-1.83310904831403E-03 4.94799421831773E-03
-2.48191416839439E-03 -3.65670530802879E-03
-2.60294392934443E-04 1.95319286899857E-03
-2.03151554143202E-03 1.90573677938976E-04
5.06985048660811E-03 -8.99759420049736E-04
-4.03767465051256E-03 2.36331145690097E-03
9.99718468696392E-04 -2.27522634331787E-03
2.21175222765257E-04 4.83626085462923E-03
-4.54394240938267E-03 -7.447367532573E-04
3.19914373866656E-03 1.89261905556477E-03
-3.17038057573778E-03 2.45385717444542E-05
2.62899046391545E-03 -2.31179557909141E-03
-3.69895679806463E-03 1.93889616725076E-03
1.94956962925523E-04 -4.22814034824491E-03
2.4115934018945E-03 4.86787420093876E-03
-5.07074342846623E-03 -3.74863935654579E-03
3.34415624734214E-03 -8.30149632028003E-04
-6.67639463138758E-03 9.31267900765038E-05
4.72671591033933E-03 -3.53047951143851E-03
1.03025245403827E-03 7.4731606224436E-03
-2.56021817858754E-03 -3.42865705723264E-03
1.90062184784216E-03 1.2106632463686E-03
-6.23092193046449E-03 -6.778855897985E-04
3.32852000834341E-03 -3.37746682707854E-03
1.80543408949447E-03 6.41428384790102E-03
-3.95574007027543E-03 -2.98899524857742E-03
4.86275847224328E-03 2.05655918338523E-04
-3.67305934089356E-03 -2.93941825061829E-04
1.95476887296123E-03 -2.26062378078825E-03
-1.65400917110218E-03 2.64488714704712E-03
-2.70416046573453E-03 -3.0568838707583E-03
3.94909738280157E-03 1.23142481918903E-03
-2.29109127174168E-03 -3.66724253172615E-04
2.78082558305789E-03 1.1351736658216E-03
-4.14184271927097E-03 2.20595346812059E-03
-1.14708971974401E-03 -1.25040450940992E-03
1.93356178791807E-03 2.5500986415248E-03
-1.60155887046071E-03 -1.43594993311593E-03
3.20584334771783E-03 9.40957770779765E-04
-3.10097946810207E-03 -9.04044075867733E-04
-7.95066102680137E-04 -2.14698203368765E-03
-1.65552741814996E-03 1.3105804804706E-03
6.69443728680236E-04 -1.48098251111923E-03
2.97486006272646E-03 1.43590672794529E-03
-2.4371370771766E-03 -1.13430880292532E-03
1.9112318673868E-03 -1.8522438204493E-04
-1.56594148588261E-03 1.68911395383715E-03
-4.97790579277653E-04 -2.87221493832883E-03
3.61894633818467E-03 2.86617162511688E-03
-3.16471261863911E-03 -6.97947929880876E-04
1.22976859686861E-03 -1.51687680531356E-03
-5.0488960527276E-04 1.32251037905203E-04
2.17141634786919E-03 -2.74045739891921E-03
-1.55896125871107E-03 5.01316473561593E-03
-3.55343047304842E-03 -2.9076386487643E-03
3.66297658229542E-03 -2.05589870871736E-04
-3.13900186140624E-03 2.30777516523516E-03
9.23007249951348E-04 -1.37298298493872E-03
-2.25708073461237E-03 3.8594925273364E-03
-2.14010941630396E-03 -4.95173424118634E-03
3.14616774900611E-03 3.35770345521162E-04
-1.22741679693686E-03 1.28487461056666E-03
1.12813978557359E-03 -8.19878958293112E-04
-6.79150771438741E-05 2.63645663352649E-03
-1.17891653376956E-03 -2.71518171847259E-03
