3.59246959928367E-05 -5.34458421699727E-05
-5.78399625778527E-06 2.36262050719602E-05
1.59536504610027E-06 1.68437297682518E-05
-1.94526837425882E-06 -4.17990628913573E-06
-1.39512537510234E-05 4.58416552469288E-06
-1.05920321335439E-05 -4.15973738001227E-06
6.9746216607101E-06 -8.454248048269E-07
-2.15518894805597E-06 -7.71733954127155E-06
1.03578177480525E-05 -8.18214959862905E-06
3.06625819640262E-06 4.30136443145922E-05
4.8326732596781E-05 2.92188868022682E-06
-7.36003533555227E-06 -3.83214828102329E-05
-1.26103815206795E-05 1.06126509083057E-05
-4.67954423623705E-05 -3.37451735269504E-05
1.28772369634189E-04 1.51269523789067E-04
5.31824899119448E-04 2.17671243126679E-05
-7.68546545046223E-04 -3.50853657379262E-04
-2.7376944575146E-04 -2.4431741756098E-04
5.32450855100287E-04 9.14264782636347E-04
2.81312633957306E-03 -1.7696995347661E-03
-1.52398293578098E-04 3.53516627586545E-03
4.41424925073892E-03 1.2111922607707E-03
-6.14756450601147E-03 -9.2731997398386E-03
-3.48945130578323E-03 -1.48442741299707E-02
3.74811012583303E-03 6.92994199443205E-03
-3.61384109173269E-03 2.9044245273623E-03
-2.03533866343928E-04 -2.80604551483213E-03
-2.41966692442091E-03 8.00074609001176E-03
-1.00639783794929E-02 -7.93577807296505E-03
1.28744371862711E-03 -1.52211783402254E-02
1.71556691142323E-03 1.09189736742134E-02
-6.9411915851857E-03 -2.89073573995681E-03
5.51587516990628E-03 2.89579305248772E-04
-9.66175913136965E-04 6.78423084672871E-03
-3.88337656220307E-03 -7.71225954208801E-03
6.1977893166913E-03 -1.92886268667092E-03
-2.90573806588946E-03 2.96000273769246E-03
4.89308525211951E-04 -4.79311407217649E-03
6.46897869410042E-03 1.06041513910822E-02
-4.70074924672831E-03 3.21154180535231E-03
-1.75369885780496E-03 -1.28699595111916E-02
-1.26406455041303E-03 8.3425883581975E-04
-5.22819041793578E-03 3.78253648907088E-03
3.3208662829527E-03 2.4161874696618E-03
3.15932192918618E-03 1.09964497191531E-02
-7.06824442316007E-03 -5.14015901292515E-03
4.5251277423361E-03 -7.6274580114569E-03
9.7057131666943E-04 8.68526877181879E-03
-1.05278307850902E-02 -3.69841130423303E-04
-3.0373742540628E-03 4.25999417321975E-03
-6.84253011880989E-03 -4.16150695820534E-03
9.58844813894985E-03 -3.88748036298599E-03
3.34746120893663E-03 1.48577786033375E-02
-7.71076474747043E-03 -5.27605909143744E-03
5.5553784253128E-03 1.05240379055263E-04
-1.29709522675499E-02 1.00046990857681E-03
4.47954742720941E-04 -5.31607310917073E-03
5.03783474203502E-04 9.50348743131626E-03
1.0480667158943E-03 -2.98837816587944E-03
2.75733696305201E-03 -1.50559089477184E-04
-2.50186578810192E-03 -7.37798282154367E-03
-2.4918151409161E-03 -3.26434562509021E-03
-6.33131191017171E-04 6.13985500628327E-04
3.75972051404488E-03 6.04279924416286E-03
-8.44374892446116E-04 1.83140653296932E-03
5.56495571945067E-03 -1.94198930157363E-03
-2.07610172638929E-04 3.2053898812581E-03
1.55518304793963E-03 -5.60016981388304E-03
1.64527820466803E-03 5.44248409895621E-03
-1.24045989053557E-02 1.8243734731671E-03
6.79811885288268E-03 -2.22213121364446E-03
-3.23115317616333E-04 6.30112247401098E-03
2.63236554133701E-03 -4.73962617483225E-03
3.76871214703335E-03 5.40639563658548E-03
-0.010339736296928 -1.14918105907984E-03
3.13738154887016E-04 -3.25986423990168E-03
1.56434049943619E-03 8.44979068468011E-03
6.99332642968493E-03 1.34076388249038E-03
4.74254033025829E-03 6.12265972732741E-03
-7.04262481930836E-03 -4.09916707426617E-03
4.60102042750187E-03 -7.03745981591747E-03
-7.27843755453982E-04 2.47762448117954E-03
-3.89210281147241E-03 -6.06151216475059E-03
6.31456148971459E-03 2.48987833921627E-03
-5.26553469936427E-03 -2.12113770671108E-03
5.25673030809429E-03 -7.39977842225649E-03
8.23201854409949E-04 4.3948549181038E-03
-3.37503920025123E-03 -3.65930381040722E-04
-1.29216676940239E-04 3.6582298918123E-03
-1.57274894369679E-03 5.57494424049881E-04
1.59675039923627E-03 -9.84761007299057E-05
1.66516755689373E-03 1.96604691352208E-03
2.27353135676021E-03 -2.99445005505108E-03
-1.0525217651461E-03 2.17778021240328E-03
-1.00956788970064E-03 5.79981376329589E-05
2.66362825030509E-03 2.93574194178955E-03
1.42930790492556E-03 1.69522533266467E-03
4.55211189349787E-03 -7.7693550412184E-04
-5.48944075386047E-03 4.18456917149891E-03
-6.49821073242046E-03 -4.66376707338459E-03
1.99736327290911E-03 1.4543733613451E-03
2.25442032199571E-03 -1.57724535468126E-05
3.14653630405287E-03 8.77550565004204E-05
-6.26507362724573E-03 5.1458496836762E-03
-1.13294352267988E-03 -8.01071057080879E-03
2.64639586668736E-03 -9.59853068342122E-04
-1.95031827792276E-03 2.75042902361376E-03
2.17884403892991E-04 2.68450901464667E-04
-3.55209584798625E-03 1.80110360515497E-03
1.49346048592102E-03 -6.52048806484668E-03
6.11297101156069E-03 2.9635769914524E-03
-3.50587878217181E-03 -9.7355065972383E-05
6.629710548519E-04 -3.74176106696024E-03
-5.8615439808518E-04 3.09909992324647E-03
2.37666080754267E-03 -4.99051683015146E-03
0.00168510953323 3.18048547739672E-03
-4.32704596849039E-03 4.91416426466113E-04
2.88710992947332E-03 -1.85320056241078E-03
-2.10236744836707E-03 1.76636748842191E-03
2.56577106042787E-04 -3.04242178676926E-04
1.57557810098621E-03 4.73771285410697E-03
-1.04373716442764E-03 7.60169282202954E-04
1.07034579726638E-03 -4.9820204963719E-04
-3.03807662548387E-03 1.6844806549382E-03
2.93904074224154E-03 -4.73376560700238E-03
1.31157409853045E-03 1.18301264474049E-03
-1.62166934715873E-04 -7.40594170389413E-04
3.40048912776483E-03 2.0186039704734E-03
-4.78545987501794E-03 6.27942306373508E-04
2.18266030926302E-03 -7.10990432754094E-03
1.85259053913573E-03 7.64559770290484E-04
-2.03060233602026E-03 -3.33056143790806E-04
-2.00159422104182E-03 -1.50953485372163E-05
-2.8806070744198E-03 2.47671114916368E-03
-7.31826117722152E-04 -8.91322451628527E-04
2.57796685573473E-03 1.16309426693632E-03
-2.09482604558306E-03 1.73168852782841E-03
4.09121146053323E-04 -2.69272263512841E-03
-7.80840896730983E-04 1.57481943712482E-03
-4.77133862135271E-04 2.90934613248995E-04
2.23447743590058E-03 2.28628500903343E-03
-1.77707390368868E-03 2.86723174694316E-03
1.53694433804073E-03 -4.78057238403256E-03
2.13863802867433E-03 2.51764534302866E-04
-5.68034692260016E-03 -4.4168960496295E-04
3.46611437366681E-03 7.00479720587916E-04
-2.52720277929119E-03 2.5088999403282E-03
2.11100583104984E-03 -2.89631088072366E-03
2.59974030208464E-03 4.10905648408909E-03
-1.36531404113993E-03 -3.37024194443075E-03
1.66442221094844E-03 1.57280493356533E-03
-3.35398926574418E-03 4.6514029012663E-04
3.05116805549297E-03 1.13896510000642E-03
-2.8256790721638E-03 -2.18291102617157E-04
4.68721198340871E-03 -5.06447799809149E-03
3.17975423979484E-04 5.00949898166831E-03
-3.00253479384098E-03 -2.30127669424998E-03
3.81009611654491E-03 1.41845148869024E-03
-4.84631328777972E-03 5.0723271707078E-03
8.4679277836535E-04 -3.05025976451514E-03
2.87717362138539E-04 3.47303023864337E-03
-2.09548612658512E-03 -4.23087106985591E-03
4.28211419850419E-03 9.54337027277119E-04
-2.29553431548613E-03 -2.75976753090122E-03
3.23569284156279E-03 9.26126445459414E-04
-3.69512822645813E-03 4.52373155329172E-03
-2.50234442571669E-04 -4.99385036208213E-03
2.73673764293287E-03 1.24936665257672E-03
-1.24798020131155E-03 -1.39504628413186E-03
2.47145107508202E-03 3.30379057910727E-03
-2.74741504417328E-03 1.53370485836247E-04
1.80671786364794E-03 -2.59804366245888E-03
1.96654860225569E-03 4.11338602369743E-03
-3.73472443153577E-03 -1.27971801791995E-03
2.59302288398378E-03 -1.63162918948137E-03
-3.19271426633327E-03 6.29389343577773E-04
8.42867484882914E-04 -2.93196107232017E-03
1.14304733491197E-04 2.65945134515317E-03
-4.35905604265702E-03 -2.37388976211085E-03
3.19777951589079E-03 5.5392556792581E-05
-2.0302854954058E-03 -1.66290141263332E-03
4.14485859062243E-06 2.58545744601809E-04
-1.50997613265432E-03 2.67807733358692E-03
6.4677519121348E-04 -2.11368158793346E-03
1.22825706120586E-03 7.22880694193718E-04
-3.26271766052861E-03 -5.40549892399856E-04
2.15713777667865E-03 2.74903201433998E-04
-1.16267450682975E-03 1.65469256723586E-03
-6.97204221035101E-04 -1.73228855639586E-03
1.23149241293802E-03 1.68673009716514E-03
-1.40803089626058E-03 -1.69233369968043E-03
2.62098513919609E-03 -5.16286318803776E-04
-1.33238487907646E-03 1.86225126018507E-03
2.31495583796188E-03 -7.34840975459183E-04
-2.20953518355161E-03 2.69068699981236E-03
-1.34340890449173E-03 -2.08143084054701E-03
3.46568601112724E-03 5.26335560326274E-04
-3.13707035991519E-03 8.84975111710364E-04
-3.58612691341385E-04 -2.35779592689395E-03
-7.57146495475784E-04 1.65241807337314E-04
4.71798992674435E-04 -1.79619389557811E-03
