3.71222287324729E-05 -5.63064960480017E-05
-6.4118861086835E-06 2.58450095350869E-05
-1.17095646754938E-06 1.5122388419465E-05
2.86267375711166E-06 -2.36392290980757E-06
-1.01736362769117E-05 1.52401736705421E-06
-6.20963984720022E-06 -2.52127481862232E-06
4.63146287964132E-06 -1.8489782117489E-06
-2.18262423191102E-06 -9.51732016068741E-06
1.24838954384634E-05 -8.00900792487594E-06
-1.02305658606613E-06 4.56565774498202E-05
4.16235659368179E-05 1.21096743502883E-06
-4.4108996314371E-07 -3.28936247802079E-05
-1.08570485130095E-05 7.13892651519895E-06
-2.86018637771628E-05 -2.93858224991081E-05
1.45800412418955E-04 1.64522477686166E-04
3.67913070377877E-04 -6.98268451135832E-05
-6.74327796461826E-04 -3.79585253393205E-04
-1.18121513802736E-04 -2.65431908660865E-04
7.67051676333654E-04 1.51965333440008E-03
1.45310223455717E-03 -2.87750878450259E-03
1.0879911915974E-04 5.57899013175612E-03
6.55273237359466E-03 2.19176885615755E-03
-7.58443360933077E-03 -1.49548410067689E-02
-0.001377370226733 -1.12595854300361E-02
6.92122183367746E-03 2.9282051894594E-03
-5.70127169179874E-03 -5.38739612769591E-03
3.83203446294602E-03 4.53487641411241E-03
1.2378680181535E-03 7.37750963787942E-03
-1.42703334489065E-02 -1.67541624084609E-02
2.33403109417566E-03 -8.25673688149991E-03
3.88048085170634E-03 1.13792804583404E-02
-9.39652243539277E-03 -6.44975167332177E-03
6.71258179329428E-03 8.96453906514484E-04
-2.03114042903807E-03 7.27421852177458E-03
-1.60997379795979E-04 -1.15926052497905E-02
2.21537737509301E-03 4.45588677111286E-03
-3.72084714448705E-03 7.39476299643169E-04
2.25776456795769E-03 -5.18181367053431E-03
5.72296849451667E-03 7.0478734629941E-03
-2.95668668865558E-03 2.14157192057082E-03
3.17980682316701E-03 -9.84967879707474E-03
-4.89893312704852E-03 -1.78696667089589E-03
-5.59165125594698E-03 4.44794893010315E-03
2.47835177657396E-03 -1.44279696041309E-04
4.79251581581055E-04 4.06046155200511E-03
-1.81503540570014E-03 -4.01544717667949E-03
4.2337431530349E-03 -2.71739993436394E-03
-1.5930851435618E-03 5.31901492781087E-03
-8.7763428373067E-03 -3.74140808419294E-03
-1.7959600481073E-03 7.68157191363783E-03
-7.32453156088621E-03 -5.69868691129715E-03
7.81976432127145E-03 -7.69732994997314E-03
2.61475615045221E-03 1.15664731381627E-02
-5.3178820756052E-03 -5.18595848909284E-03
6.13435287463654E-03 -1.88920548640489E-03
-1.10324531829056E-02 -7.43707357848248E-04
-2.91058441111905E-04 -4.4323480805246E-03
-8.7392010580042E-04 1.43223265567987E-02
-1.5297317159661E-03 -5.85905253840079E-03
5.38261408653753E-03 -1.38022181967612E-03
-6.32330365450314E-03 -5.79683911611785E-03
-3.28673394471505E-03 -5.0119095604228E-03
-4.90694343853647E-04 4.51661265739755E-03
5.21681637754744E-04 4.59063258771377E-03
-1.52920112865198E-04 1.11537097481756E-03
5.1713805580406E-03 -4.07552184465669E-04
4.32793454302624E-03 3.04341845813418E-03
-1.3814862345677E-04 7.53611060839823E-05
-5.21664019670147E-04 3.28971054892387E-03
-8.15010992449111E-03 3.96637932385693E-04
4.86685604872757E-03 -6.14454246689062E-04
-1.50278522699152E-04 5.10751681877661E-03
3.00793929356481E-03 -1.10451811172973E-03
1.38193504611305E-03 7.40902913710908E-03
-9.02446400308092E-03 -3.51772108937608E-03
3.97116583243718E-03 -2.85687643361195E-03
-6.30577014249314E-04 5.76090477926287E-03
1.01092134089718E-02 3.02403815555584E-03
2.47508120151898E-03 9.97648630013382E-03
-8.40000289894425E-03 -9.51589385172023E-03
9.67767721886744E-03 -7.1877073045824E-03
-3.00918110391039E-03 1.02069189496616E-02
-5.19779872760913E-03 -5.84577111338603E-03
3.54477709189832E-03 3.17058288024327E-03
-4.79560635004737E-03 -2.34458997854317E-03
6.30118893064717E-03 -4.22194574695493E-03
-6.19760044873802E-04 7.77757903815927E-03
-4.75879558537271E-03 -3.89644396161347E-03
-2.4690576199061E-04 1.87063965005681E-03
-8.47347065472069E-04 -3.86504801147717E-04
2.30737879672531E-03 -1.03293655653875E-03
-1.06293923467075E-03 5.4000838483753E-03
-2.45542739571973E-03 -5.16171339046837E-03
-1.43998749237894E-03 -2.85255394778582E-04
-1.15918456602146E-03 -4.58668135035399E-03
5.3696032605235E-03 3.02573870355052E-04
1.1538136290356E-03 3.13354845694662E-03
5.24732873976447E-03 1.06579728339681E-03
-2.46371538075788E-03 3.5881068411466E-03
-2.64904236474408E-03 -4.7666794467152E-03
3.86636729643527E-03 2.41005933285621E-03
0.004184352667108 4.58257589861662E-04
3.24215072447173E-03 3.48820606758834E-03
-2.42974085707535E-03 8.75162417420409E-04
1.87161248890211E-03 -3.60227913122217E-03
9.72520476327254E-04 1.72725312823352E-04
-2.20859243631666E-03 3.76278036110105E-03
-2.95777228623778E-03 -2.46909357079635E-04
-2.26425329985575E-03 9.80085588102086E-04
-5.03607637407507E-05 -3.5732684929712E-03
3.29430773515994E-03 1.09546263909614E-03
-5.31991057580799E-03 3.71285910213218E-03
-3.92980110845938E-03 -4.74078505680362E-03
6.87210183082073E-04 3.48170218416522E-04
1.71548458404579E-03 -1.25436489558356E-03
2.1198580401117E-03 2.73138480367263E-03
-8.14067255807347E-04 3.40219132055426E-03
-4.53990026966352E-04 -3.61739383530779E-03
1.39907610753775E-03 -8.80237131922894E-04
2.50959224206181E-03 -1.72210268381344E-03
2.8454689655583E-03 3.47981312336571E-03
-1.60764184844291E-03 -2.25775901278744E-04
1.52893540077045E-03 -1.58599597845945E-03
-1.18352295395846E-03 -2.17779115426462E-04
2.61442292558037E-03 -4.39205018244801E-03
-2.10222121893042E-03 3.81577951392376E-03
-2.14485917782901E-03 -2.36190461712478E-03
2.92495221696025E-03 3.52221645631779E-03
-3.63721497194553E-03 8.84992232780585E-04
1.30723622519422E-03 -3.1143157287418E-03
-9.75945003868397E-04 3.88476151678344E-03
-2.08828365764345E-03 -2.40128945943653E-03
1.00565441319815E-03 2.7593423201261E-03
-2.58554770864444E-03 2.2171497843305E-03
4.81182578050906E-03 -2.6864479339924E-03
2.49252174461426E-03 7.25281066877699E-03
-3.82686045741001E-03 -3.91363216873389E-03
2.10580980197871E-03 -2.0893003415017E-03
-1.02076662401968E-03 -4.46566470772584E-04
0.002290741848524 3.64090060543337E-03
1.04767216711049E-03 2.99109693254955E-03
-5.57378254096545E-03 -2.03376927649637E-03
1.24364865687875E-03 -1.70186214673907E-03
-1.48152690287642E-05 2.17102093697417E-03
-2.78292292037812E-03 -4.7418176890562E-04
3.47720004388101E-03 -2.79533388067491E-04
-1.5984845574986E-03 -1.54066388619043E-03
3.16868035668276E-03 -2.07452392499996E-03
1.08303184669086E-03 2.19345469338073E-03
-1.83557323235944E-03 -1.70486967487547E-03
2.16696835818723E-03 -1.13726092941077E-03
-6.63296641535172E-06 -3.30091647056445E-05
3.39755200225083E-03 4.88827221029486E-04
-1.56307492705211E-03 1.39142998261381E-03
-9.44214264159749E-04 -3.82422691155484E-03
7.15682913373352E-04 2.18656194131614E-03
-2.90478300976972E-03 -3.81461050103329E-04
5.13952093526981E-03 -1.09982645327159E-03
1.1847263596627E-04 5.04655902637875E-03
-3.60650221266625E-04 -3.02197011656098E-03
-2.3089684139754E-04 3.92803682857603E-03
-3.23660411626989E-03 -3.15423691228347E-03
3.43961269719402E-03 -1.00297919281614E-03
2.74272751283252E-04 6.66594724430657E-05
-5.03693882348327E-05 -3.02029800286809E-04
-1.72151739753899E-04 1.9854459057407E-03
-1.45590452233825E-03 -1.37923707793462E-03
1.74562418391086E-03 1.2492193838856E-03
1.01541922008609E-03 -5.01070512108927E-04
-1.44671204404054E-03 -9.08778876048089E-05
-3.28245283502997E-04 -9.56139785260986E-04
1.23086515200285E-03 -2.79142288681511E-03
-2.15840368576963E-04 3.38859053655577E-03
-2.11391607091372E-03 -2.75011530503268E-03
-8.90971854281274E-05 9.11934318587797E-04
6.06459977260679E-04 -1.26192637758607E-03
2.22473129193464E-03 -1.96559388849333E-03
-1.81480496327534E-03 3.73942720524966E-03
-2.69097542699547E-04 -2.9222588024986E-04
1.77655761170845E-03 2.90751492076471E-03
-8.42122910850577E-04 -1.69469995763943E-03
-3.03164314280949E-04 -1.7887789855923E-03
1.39628146540495E-04 1.44276538784902E-03
-4.64367841016793E-04 -1.36131023153754E-03
5.0557037968347E-04 3.36153264571714E-04
-1.13194571437994E-03 6.45434499467864E-05
7.28299313250749E-04 4.60716082047603E-04
-2.36364899084752E-03 1.14528393795318E-03
1.74318587035369E-03 -1.40532838597397E-03
3.78400208490832E-04 7.01839237280604E-04
-2.12211717127193E-03 -2.4028757359057E-03
2.75063756774847E-03 1.18684290586103E-03
-2.13106008041674E-03 1.2761709065501E-03
-3.45838028693226E-04 -9.9854409456328E-04
9.96408192600298E-04 -1.37395159995885E-03
-1.17161958745337E-03 2.49005607034583E-04
3.43762010509432E-03 1.46388649765541E-03
-2.83649660391808E-03 1.44761414700763E-03
-1.21672243250921E-03 -2.13406646061958E-03
-1.29780930626204E-03 1.17985412928145E-03
7.13087202161959E-04 -1.39637115023817E-03
