3.50725306016061E-05 -5.41906732085756E-05
-1.06888511330198E-05 2.497128968448E-05
-5.96814250570957E-07 1.59698688376222E-05
-1.41320589999625E-06 -4.77723541393385E-06
-8.69702677965868E-06 1.6736553623717E-06
-1.6138766001625E-06 -1.18596372788715E-05
7.64904282280297E-06 1.86468218437561E-06
-5.56427799700828E-06 -8.10737394334045E-06
1.57842222876876E-05 -6.65329237579747E-06
-1.20082110616545E-06 4.56167418585557E-05
4.1483309403439E-05 -1.46101235342776E-06
-5.89058164454829E-06 -3.98545495548041E-05
-1.21831852233072E-05 7.23567451781297E-06
-1.3592418040531E-05 -4.0740954368115E-06
1.43229530832751E-04 1.6111595875196E-04
2.39983509612013E-04 -1.7855941883052E-04
-6.73376048899251E-04 -2.94860950700062E-04
2.71986860203773E-04 -2.66820945781778E-04
6.51304751114898E-04 1.74012995925229E-03
-1.34963416557133E-04 -2.76349462248429E-03
6.73121551438025E-04 6.8556497097196E-03
4.47105115959314E-03 7.73383756614837E-04
-7.69538180329165E-03 -1.61542513688731E-02
4.18720818793473E-03 -6.92414125611242E-03
7.13294140008962E-03 -5.92295722301908E-03
-3.7332290295743E-03 -2.21717897483983E-04
9.99135520791776E-03 8.64602190279582E-03
-3.33660342827658E-03 8.36098622052214E-04
-1.27754521515646E-02 -9.91766667593809E-03
4.36279696267096E-03 -4.39562922454855E-03
2.53199486757539E-03 6.20522593828869E-03
-8.94303383130544E-03 -3.46293494795428E-03
9.29082651682076E-03 4.71922915678303E-03
-4.49670047419475E-03 6.61415989466581E-03
-2.88350718485511E-03 -1.01388644263815E-02
9.09117836390313E-04 3.63010725065655E-03
-4.49671622946046E-03 1.71229034163035E-03
2.3411133929594E-03 -5.95342730953057E-03
6.5216470483371E-03 5.57959137486172E-03
-7.98170738058433E-04 -2.75196752864884E-03
2.95056877540509E-03 -1.71736926159885E-03
-5.98301038792128E-03 -7.83229147577731E-04
-1.45652133580742E-03 1.26950261210067E-03
2.26357849265856E-03 1.71627750391018E-03
-3.11980874052624E-03 3.96921719171452E-04
4.79880124221111E-03 -4.34273031402189E-03
4.14857901572636E-03 -8.23365147256604E-04
-1.35149223159465E-03 3.93897973338232E-03
-1.99056992146226E-03 -2.8678966049448E-03
-1.3854171667566E-03 7.85531301497344E-03
-7.0515762380621E-03 -5.83117429328438E-03
8.63234035651289E-03 -7.67322509457821E-03
6.65782585160216E-03 9.06696673093351E-03
-2.69396163508429E-03 -5.58820841971265E-03
3.77016185526549E-03 -3.65875068277416E-03
-7.88709450339482E-03 -1.44030994497413E-03
3.29614213762993E-03 -3.11092011641394E-03
-1.10474246717905E-03 1.68480884899024E-02
-4.40977907422312E-03 -5.80173585792058E-03
4.6236154433652E-03 -4.43221894988482E-03
-2.53782828187176E-03 -3.45592440355593E-03
-3.51441002649559E-03 -2.84092440159279E-03
-7.17931279638378E-03 7.82996442161278E-03
-3.23617352039451E-03 3.22523181091683E-04
3.26675718148611E-03 -4.6866695797129E-05
3.08982744125893E-03 -5.26460861443337E-05
5.86923115902049E-03 1.99655926746225E-04
-7.28358578202044E-04 1.51082946148384E-03
-4.17341591166136E-03 2.51173241710729E-04
-6.26833809629068E-03 3.21407321645856E-03
5.85297129119956E-04 -1.67337542696475E-03
1.77206554714972E-03 1.3369746963938E-03
3.16674468976747E-03 6.22010560609494E-04
1.79306073176584E-03 5.2969208544946E-03
-5.77468951267833E-03 -2.46671038579102E-03
5.3365216905332E-03 2.95078020557017E-04
-2.9892559556161E-03 4.82258309674174E-03
6.78468543792216E-03 -5.54650327875492E-04
1.1035519272928E-03 6.61873584830518E-03
-6.48550573994466E-03 -8.22426123224765E-03
9.4055764766379E-03 -4.94674026461713E-03
-7.97132350631056E-03 8.65044809740733E-03
-4.47842845797584E-03 -2.6086387133731E-03
1.62676030183216E-03 6.21528149016163E-03
-6.96996248280621E-03 -6.34062651483373E-03
0.01062078414387 -3.92952640999052E-03
-3.46849626468831E-04 8.59469616694034E-03
-3.64127506035515E-03 -2.57805817196701E-03
1.9055684756994E-03 4.2537122534148E-03
-2.62428132636011E-03 -1.86793545106151E-03
5.2960000667239E-03 -1.78394520122964E-03
-1.22906991822554E-03 6.24002035424147E-03
-2.88887131838389E-03 -4.07312199074474E-03
2.69600729936852E-03 1.79142156556906E-03
-4.76664930667134E-03 -2.91876471560598E-03
6.91629018332893E-03 -7.74401854355451E-05
-2.94202412295837E-03 2.47126468743205E-03
1.95157187715038E-03 -1.66432101938088E-04
1.09318415474385E-03 1.98433195354587E-03
-2.31820652613025E-03 -2.63989789143573E-03
4.16304532257946E-03 4.03124872455343E-03
-1.96789355902436E-03 4.60281711037052E-05
-2.29234494867876E-03 -7.69716549114653E-04
-1.8198369706834E-06 -3.1279590240129E-03
-4.51714403298325E-05 -2.48173139947525E-03
1.02922374577553E-03 1.65152058315046E-03
-1.2600423053749E-03 3.71816230789488E-03
-2.27698094662698E-03 -1.78466745573212E-03
1.46088060935603E-03 -2.46112433535394E-03
1.25570971669376E-03 3.27658791162502E-04
4.0541970477822E-03 2.75593506141359E-04
-5.71290619915017E-04 2.32443314783743E-03
-3.56669692858659E-03 -2.61004772111792E-03
3.98052609928586E-03 -2.77843787526293E-03
3.45528665834602E-04 8.32787290987202E-04
8.65734500068859E-05 2.57617746536171E-04
6.04142655747151E-04 2.16134626831433E-03
-7.56554566721955E-04 -4.45393312075333E-03
2.92144808692801E-03 1.60260506969977E-03
-2.67980405369244E-03 1.77095650110141E-03
1.66511016317032E-03 5.30744253524737E-04
-8.01304588333928E-04 1.70285319244015E-03
-3.72311190764326E-03 -2.28554770949981E-03
2.08773357520741E-03 -9.02055192734819E-04
1.82676137433125E-03 -1.73571134682673E-03
-9.19917499251438E-05 2.5444956302998E-03
-2.35684135055358E-03 -1.57084199343692E-03
1.54767825839551E-03 -1.25599155016782E-03
1.02524928822912E-03 -2.19781069466121E-03
1.70016122067229E-03 -5.65099996346329E-04
-1.31356133471566E-03 4.15981377364593E-03
-9.19970063767309E-04 -3.25258093223417E-03
5.29341225494004E-04 4.79650177514566E-04
-3.67007914028796E-03 4.51241906827703E-04
4.1333463341583E-03 -1.9865645430398E-04
7.96917033602186E-04 7.65702622623162E-03
-3.71475210687217E-03 -6.07971743632125E-03
1.61720895187562E-03 1.80318218212169E-03
-1.97619340172356E-03 1.49941405470569E-03
2.33711648408154E-03 -9.60909622462729E-04
-1.74499256317276E-03 7.37395490262182E-03
-6.13304464571178E-04 -6.48985534020395E-03
5.71635839023972E-03 -7.56947198798616E-05
-4.32918078848707E-03 1.87920878174606E-03
-2.49438698429094E-04 -1.99189380944221E-03
-8.92989899054535E-05 6.84545035848513E-04
-3.29389044771502E-03 -6.10949874283191E-03
3.00634412812196E-03 3.21590777909626E-03
-3.53221481405636E-03 2.79311971182384E-03
-2.47177868848171E-04 -3.95599046998215E-03
-1.17679611666721E-03 1.20588151589855E-03
-2.1882742704443E-03 -1.29405984716388E-03
5.53458680744584E-03 2.92418525716649E-03
-3.27539301220623E-03 5.31138159065507E-03
-6.71816984172892E-04 -3.60018976201745E-03
1.15546272967027E-03 3.58097734539984E-04
-1.66294382682695E-03 -1.04588137692851E-03
6.94753375802714E-04 -1.17826532558754E-03
7.36079589463712E-04 3.1246187398101E-03
6.25978901731773E-04 -3.45984349024496E-03
5.99864344359035E-04 1.73784282625534E-03
-1.05084154380458E-03 -2.16088911737656E-03
9.26193363635688E-04 7.74578740856448E-04
-1.5320054282563E-05 1.20318875989668E-03
-3.56518663368451E-03 -4.83479661275475E-03
2.40018665338879E-03 2.35124793423485E-03
6.30110251292645E-04 -5.66939257473022E-04
-2.07286360219442E-03 1.91017291716604E-03
-8.43289784610417E-04 3.36951832178511E-04
-3.78367358169067E-03 -2.51482098936694E-03
2.93896752616848E-04 5.05694322618543E-04
1.01963317410969E-03 -7.79923555766343E-04
-2.69077535362102E-03 1.80830695593691E-03
1.61230289994827E-03 -1.57091722808907E-03
-2.41316105975536E-03 1.43083799322494E-04
5.55324971204773E-04 -1.72553471122531E-03
4.08422199995649E-03 -8.59248701399802E-04
-2.63748460304695E-03 2.01027230958041E-03
2.86147363526959E-03 -2.45385907419355E-03
1.72643289958219E-04 2.60156143525226E-03
2.92725979308904E-03 -2.4306621848932E-03
1.15969909705349E-03 2.14076922638735E-03
-4.37382088271647E-03 -2.96824304456876E-04
1.98036444892368E-03 -2.3002868266921E-03
9.59731188282533E-04 3.43962584294204E-04
-9.5320637792272E-05 -6.54218222890052E-04
2.40351398083807E-04 2.45239633564694E-03
-3.30037980918224E-03 -6.95689721024727E-04
5.91364302525182E-04 -2.65228652454465E-03
1.86574337250425E-03 7.80109323809421E-04
-1.6454456013444E-03 4.07297829964704E-04
2.82276644463736E-04 1.13234613554966E-03
-3.14351568061736E-03 -1.29705771964586E-04
8.01778082095896E-04 1.39211382813752E-03
1.43061416684281E-03 3.88150687250312E-04
4.35826565101598E-04 -2.26579651727716E-03
2.0150235623345E-03 3.38131546812706E-03
-4.49058285195393E-03 -3.96916034947273E-04
7.01744868385362E-04 -1.69029624318232E-03
8.99210468926475E-04 1.44831158826447E-03
-5.37149171328552E-04 7.23490330640272E-04
