3.44880857598613E-05 -5.70674121991518E-05
-8.96996035837043E-06 2.39302758998066E-05
-7.51903215433482E-07 1.47377401953795E-05
1.89418910891518E-06 -2.15224227215221E-06
-1.16023898236488E-05 2.15048657491041E-07
-1.0716586181418E-05 -3.97678302682859E-06
1.25067335565192E-06 -2.78019577256258E-06
-2.01223560878762E-06 -6.50543429741315E-06
1.51587681929228E-05 -2.41996151276253E-06
-1.63396089124587E-06 4.50921806826487E-05
5.41202086098523E-05 -2.99511277710217E-07
-1.21400802111143E-05 -4.32230026447475E-05
-1.23990302418306E-05 2.01338687779789E-05
-5.31500850814729E-06 1.84951398611847E-05
1.36711843841706E-04 1.29513694290041E-04
1.83050025342873E-04 -2.32476418217208E-04
-7.37234286607491E-04 -2.47883738363359E-04
6.11283485040577E-04 -1.82936379319058E-04
-1.10924363251605E-04 1.62430995310353E-03
-6.84935963964911E-04 -2.53852182703721E-03
7.02938639002483E-04 6.73585917631423E-03
5.41133646704233E-04 -1.34704568272356E-03
-4.29753957948541E-03 -1.15650395090547E-02
5.50272640377932E-03 -9.39992487534212E-03
4.0279018520453E-03 -5.43499287673636E-03
1.66416525107674E-03 6.25214406914369E-03
9.55892349997862E-03 6.10280782031367E-03
-7.16247058357476E-03 -6.00675893947075E-04
-5.64005971678882E-03 1.89306900068433E-03
1.34704779972414E-03 -1.08016577091534E-02
2.25797984976384E-03 8.27657383662668E-03
-4.99493095904813E-03 -1.62123220858383E-03
7.22975666456342E-03 7.63712961676075E-03
-8.42245044121477E-03 5.04486056023805E-03
-2.84486420082018E-03 -1.15061915457764E-02
6.56819594020449E-03 5.53704899122335E-03
-8.79875036456553E-03 6.40678681486095E-04
3.84068960291291E-03 -3.58620200354085E-03
4.08601646394947E-03 4.81022797621428E-03
-1.21587286646746E-03 -5.61038788092107E-03
4.23305582238468E-03 2.26703766191484E-03
-7.0242492055187E-03 -2.08534380698692E-04
-2.74382594958478E-03 7.39491340883661E-04
3.71964902191513E-03 8.76990689800347E-03
-5.41182367623115E-03 -4.92915785501686E-03
4.34405603953932E-03 -6.66632930865937E-03
5.48824002247886E-03 3.36058205159782E-03
-1.19192462382765E-03 4.14373542951642E-03
1.08002453106191E-03 -3.20523250595129E-04
-1.9991190897688E-03 9.35902315159129E-03
-4.20173558589886E-03 -3.6013479932929E-03
1.01862014762096E-02 -3.3951372571366E-03
3.41262698479622E-03 7.30048061429139E-03
7.12001829188359E-04 -3.69203011767811E-03
4.13504356086938E-03 -2.8512101489932E-03
-5.20775363941912E-03 -6.35339419232492E-03
2.5761746065067E-03 1.76355768321869E-03
-1.20506982560432E-03 1.73035497379423E-02
-3.52642174659919E-03 -2.39990721863719E-03
5.95667054719792E-03 -5.70956557462067E-03
-3.79076302982686E-03 -6.70046169311241E-04
-2.59689936091329E-03 -1.78733170034444E-03
-8.93012950456155E-03 8.65594353916098E-03
-3.13859728025244E-03 -2.74080685584337E-04
6.03997022777756E-03 -9.88267178659819E-04
3.48541357053754E-03 2.55716207717383E-04
7.77716180766398E-03 -1.48832289602392E-03
-1.93624125324759E-03 2.72297897363172E-03
-4.91682533462171E-03 -5.37292806619983E-03
-4.06085196238149E-03 1.61931089068523E-03
-5.37595094812621E-05 1.61012311817704E-03
4.42193260842798E-03 1.13940916808096E-03
-2.86371402666064E-04 2.59083607127238E-03
3.35781801490646E-03 -1.50491447445513E-04
-1.02990646659897E-03 -3.03321942905677E-03
3.5015098641084E-04 -1.18528399886138E-04
-1.57109247911591E-03 4.88517971223185E-03
4.76022955537398E-03 -1.22597705087976E-03
4.3304521462315E-03 2.34717904920248E-03
-5.14124348381712E-03 -8.12373115238187E-03
8.17305516837282E-03 -1.14653598458304E-03
-5.45635314030759E-03 5.82300085411213E-03
-5.11669414524769E-03 -2.09899642442759E-03
5.15202652962674E-03 6.9782036270379E-03
-4.2788535999117E-03 -4.97350002612739E-03
1.08693576455641E-02 -1.04682742498175E-03
-3.63857681590955E-03 8.07785951253091E-03
-4.68428270509799E-03 -5.62263091378543E-03
4.97918005826721E-03 3.37337055381009E-03
-9.53257627101439E-05 -1.59712323385328E-03
6.23419969442912E-03 3.22539182034879E-03
-4.44661997602199E-03 7.19027836443918E-03
-5.28023231710548E-03 -3.34343683652415E-03
3.2775978632733E-03 2.17463442581963E-03
-5.06404687205611E-03 -4.40551693436805E-03
8.68691273979611E-03 1.30451730654042E-03
-6.28888281962563E-03 1.50839562779411E-03
1.7357583970707E-03 -6.50331571598858E-03
5.97649041439105E-03 2.02164354698005E-03
-4.01625159981937E-03 -3.84946632116992E-03
9.05033376289053E-03 1.51483435685306E-03
-3.38405573182705E-03 4.02660250068892E-03
-2.45044792825488E-03 -3.73327541140705E-03
5.85546154520476E-03 7.43099658360009E-04
-7.40192011382645E-04 3.95900410065833E-04
2.80147372804999E-03 2.43500299153889E-03
-1.37669540647621E-03 6.24209729687362E-03
-3.03977898703001E-03 -5.7878545731001E-04
2.94179053248548E-03 -3.32751008429587E-04
1.85295185491454E-04 3.00232251952829E-03
7.74941888260529E-04 1.13269523634739E-03
5.37773483505415E-04 2.35173152509464E-04
-4.30014944850151E-03 -9.01780672388129E-05
1.75925675088719E-03 -2.80069433926421E-03
1.62673941160982E-04 3.44619192738871E-03
-3.14062759624345E-03 -1.50913710428897E-03
2.10623407078947E-03 -5.64754516279188E-04
-2.17841791768361E-03 -5.39163901903877E-03
7.83051138081305E-03 -2.42991114243595E-03
-2.78008981640541E-03 5.53923368883377E-03
-1.2994400233907E-03 -3.32942145727729E-03
1.96737981240198E-03 1.74552854197101E-03
-2.85828957115189E-03 -2.45526767379535E-03
3.39205095833528E-03 -8.30156293361592E-04
-2.94475353698596E-03 1.45395473133356E-03
7.72155307777833E-05 5.57180800211377E-04
-1.8863574130418E-03 3.84833613639242E-03
-3.17380981640773E-03 -3.72590192161543E-04
3.06853756910924E-03 -3.03692101777997E-04
1.74976658937715E-03 1.99848999067451E-03
-9.83788288369906E-04 1.24302193745798E-03
-1.65065981156676E-04 4.76930613238773E-04
2.69213047554824E-03 3.33721698905182E-04
7.22202037499533E-04 2.66154046366265E-03
1.36107434968152E-03 -6.08969260568461E-04
8.26445028328893E-04 7.48326615037395E-04
-4.96189980496231E-04 -5.51973421766321E-03
1.80811969169885E-03 1.60742456381076E-05
-3.30064275878679E-03 1.98656236117362E-03
3.83046483550526E-03 -2.61069555346099E-03
-4.52733391348777E-03 3.23590762188773E-03
-2.84156040211399E-03 -6.51647792485807E-03
3.6676196287827E-03 9.80690395498708E-04
-3.56705016119973E-03 1.71522272325319E-03
-8.31057932513523E-05 -9.71878500239875E-04
2.90571236297713E-04 3.37755052177909E-03
-2.27183461459396E-03 -4.41688999445474E-03
4.93757164008761E-03 3.25100154243418E-03
-4.15628683290508E-03 2.67308616581579E-03
2.01454416727317E-03 -2.14901020959108E-03
6.53875303209899E-04 4.26543305334077E-03
-2.10916482379797E-03 -5.01422116061721E-03
7.28585126488981E-03 3.41586764539262E-03
-4.46989669230411E-03 2.07170269395121E-03
1.19446215268258E-03 -3.82868294956877E-03
9.28867609437222E-04 2.2611236663885E-03
-3.59988744116591E-03 -2.73463202369077E-03
2.18627492337215E-03 3.68773805189989E-04
-4.75755583434324E-03 7.84081117330564E-04
1.60996777653789E-04 -5.17650958668969E-03
4.30654764165242E-04 3.84249650610311E-03
-1.91569938418032E-04 -2.02205392464707E-03
8.25927626979474E-04 1.67519419053973E-03
-2.40093014959248E-03 6.17285946737954E-04
7.23815102160077E-04 -2.81016567790807E-03
-3.62534330701366E-04 2.05697075250175E-03
-1.26391316942181E-03 -3.22960740232096E-04
5.07250693510258E-04 3.15514360235931E-03
5.7690732188087E-04 1.29347444768605E-03
-5.89066162323072E-04 -3.0974386056273E-03
-1.16190601567572E-04 9.04643253125807E-04
7.94576721017588E-04 2.3728135760722E-04
-1.83955218758528E-03 6.46416462775971E-04
3.61457339267789E-04 -9.8688843438838E-04
-3.12869977154535E-04 7.64263004290757E-04
1.61569001617084E-03 -1.00686589223528E-03
1.38541053423134E-03 7.20591692916525E-04
-2.33063809042748E-03 -2.11450194744847E-03
9.89024731745125E-04 -1.60280476299518E-03
-2.66304003084352E-03 1.24685924054777E-03
2.52751727198391E-03 -1.26841888088411E-03
-2.82421606440987E-03 2.64340890559429E-03
-1.43025585919407E-03 -9.30198970731543E-04
3.68754539208245E-03 -2.66096598709314E-03
-1.00011597457497E-03 3.30741005774749E-03
-2.14245438703753E-03 1.22380514574309E-04
2.57938991238052E-03 2.35954109256489E-03
-2.0817757131889E-03 -9.16642085074739E-04
4.03515865094922E-03 -7.14660970977781E-04
2.23389683955464E-04 3.59919073508316E-03
-1.44192518561321E-03 -3.36849836201337E-03
1.00465269170448E-03 2.12482792869349E-03
-6.88175335146347E-04 -2.6135304954786E-03
1.98521778462562E-03 2.77720536956918E-03
1.56727538343909E-03 5.41347947751613E-04
5.05852284773387E-04 -2.37823394996338E-03
-9.62601033856436E-04 1.4969602212338E-03
1.5407019632524E-04 -4.14173504785429E-03
9.72325025004258E-04 1.3019963398437E-03
-7.49766451444704E-04 5.84490183366798E-04
7.79617075441897E-04 -1.01546723293193E-03
