3.85271548195047E-05 -5.56624152843788E-05
-7.40345229678647E-06 2.01424099372951E-05
1.64978826134482E-06 1.77496498576366E-05
1.64364554606792E-06 -8.06834520149746E-06
-8.37048034982972E-06 -2.25522656341047E-06
-5.34927028034308E-06 -5.41174209397917E-06
8.26155186179851E-06 -3.90055444598837E-07
6.39179525587404E-07 -9.20628928620591E-06
6.514889837729E-06 -1.0977594303446E-05
-5.74570417388866E-06 3.25295694503638E-05
4.53273863030331E-05 1.66847269564939E-05
-6.87048206313261E-06 -6.5009506927767E-05
-5.92832764158147E-05 9.07200062621021E-06
8.24479937369019E-05 1.36517364520977E-05
2.13203111719455E-04 8.17480052937022E-05
5.19661528022521E-05 -1.54922459846565E-04
-1.38823121128507E-04 -2.87290901066292E-04
-3.13155066030088E-05 -4.98508442577205E-04
9.4188039442552E-04 -1.04182998578568E-03
4.76728431116428E-03 -1.15677735684167E-03
-2.96816528006752E-03 4.67699300732766E-03
4.74225547418928E-03 6.52604328750907E-03
-5.91832473883311E-04 3.00097523394306E-03
-1.12684483426617E-02 -4.94601798890131E-03
-5.88098609261826E-04 -7.20437339663726E-03
1.72853106482134E-02 6.55110678929184E-03
-3.51802570619651E-03 3.03144147912321E-03
-1.87982851813633E-03 -1.03159096937396E-02
-3.8759591858741E-04 7.21638687086561E-03
-5.04284757550721E-03 3.56975770320122E-03
6.74797158590172E-03 1.97311586260577E-03
-6.56267450992721E-03 -7.85076814237537E-04
6.21865667976571E-03 -2.97451987607267E-03
-1.92577674612116E-03 1.47101116226411E-02
-8.48958485738729E-03 -1.05126491502518E-02
4.54785493580069E-03 -1.10062450479577E-03
-1.08548080693156E-02 -1.38649336752751E-03
7.46086897802149E-05 3.59276177782148E-04
1.75248002815906E-03 6.58082827605675E-03
4.95211248402291E-03 2.07012390748016E-03
-3.6430637202616E-03 -5.89873018420991E-03
-4.71365620153175E-03 -2.99201468974611E-03
4.82684111498643E-03 -2.83952141718353E-03
7.31999975610327E-03 0.00766179863969
-3.51752059245786E-04 4.45104105023268E-03
4.35139653099934E-04 -4.22306605162641E-03
8.25610419176244E-03 -7.07784108033364E-03
2.71011669824217E-03 6.26788335534364E-03
-8.37851856958537E-03 -3.22461220526106E-03
6.99497641002872E-03 3.74906099874786E-03
-8.62744086632445E-03 7.19169702948443E-05
6.01675399382707E-03 -6.88123216146271E-03
2.13182890711016E-03 5.10084534325386E-03
-7.02244231211361E-04 -2.03852852498351E-03
5.55492101842653E-03 -1.45929743659621E-03
-3.57280828089616E-03 -8.51680897185626E-05
-4.10576160502178E-03 -4.09839168526542E-03
1.15795811807658E-03 4.6745605325389E-03
5.80312957797656E-03 1.96407831978471E-04
2.65633211032436E-03 -3.17671533844576E-03
-4.58636759863639E-03 -4.35493821181253E-03
-8.10966812135557E-03 -7.74830933395576E-03
9.25318928554889E-05 -4.76741193048211E-03
2.65468749756729E-03 9.20547225683658E-03
-2.84483076740997E-03 -1.68411862412492E-03
8.32451316964004E-03 -3.36919069243689E-03
-3.02400136813259E-03 -3.69207295916619E-03
5.82028461001284E-03 -5.97924264871537E-03
9.98742736814117E-04 5.01584698818509E-03
-7.70957321660931E-03 4.02515037720728E-04
1.9146009264132E-03 2.76066729412768E-03
-1.57654744917969E-03 1.91618058658969E-03
-7.30881579512547E-04 -6.10709666595193E-03
5.64688498778714E-03 2.14826416722799E-03
-5.02861055001098E-03 -4.50123164437282E-04
-4.37253092655811E-03 6.34359994929011E-04
-3.28206409684685E-03 -1.00031876740444E-04
4.47630087430288E-03 2.01823348434148E-03
1.36684603934082E-03 -8.66659215724145E-04
2.46959368296065E-03 1.12637237683274E-04
-1.10641638346267E-02 6.71045246323505E-04
-1.83318001816586E-03 -5.68674948811065E-03
2.69025689419377E-03 4.29001051861722E-03
1.23870688345398E-03 -4.21076138201642E-03
6.71454406843718E-03 5.98092850615305E-03
-1.01215849786456E-02 3.02109483293621E-03
2.90108985044195E-03 -9.23397111717133E-03
1.07683319708798E-03 5.01569598361627E-03
6.42978543091603E-04 -5.67587842622859E-04
1.48103477628106E-03 6.39450482224124E-03
-4.45353946848081E-03 -3.92869471695227E-03
8.48679024364819E-03 3.69462520723259E-04
-5.14231061359349E-03 -4.62009718768561E-05
2.11413920416104E-03 -4.29433389451037E-03
-2.71674709630433E-03 6.24861880280014E-03
-2.50915929449415E-03 -4.26874500771396E-03
9.53276173089824E-03 4.29519525873618E-03
-1.17048132247674E-02 2.05011226652341E-03
6.5725199955813E-03 -3.8758562644154E-03
1.3124421036881E-03 6.0703380287203E-03
-9.54263558725102E-04 -6.12933761616765E-03
4.57196272617639E-03 2.05604458459888E-03
-8.0350453248847E-03 -2.66058012869161E-03
5.47147895774621E-03 -1.3815321883588E-03
2.96585456942844E-04 2.63134544331117E-03
-5.74147258058275E-03 -9.69670362289558E-04
3.99583479431021E-03 -8.57430938098208E-04
-3.6944636758084E-03 1.53621451937957E-04
3.11651261704569E-03 2.56996898321508E-03
-1.29317660754984E-03 0.002531704743878
-2.57774899175171E-03 -2.86756162122969E-03
4.3985123760285E-03 -1.76645131481449E-03
-1.20257190831847E-03 -1.74772498430803E-03
4.20683182912547E-03 -1.13728394097629E-04
-2.98292217128593E-03 2.40592783778643E-03
-2.08472820539422E-03 -2.8765348092235E-03
4.15748528236891E-03 -3.70388864413913E-04
-3.94625177956576E-03 7.27309978247762E-04
1.7467120735564E-03 4.22465283863172E-04
2.27087566292445E-05 -1.15052429053827E-04
-1.96111633406975E-03 -7.36700664210588E-04
8.8086605163006E-04 -9.1735242651984E-04
-5.65840265902508E-05 6.63265904176644E-04
3.66535338667396E-03 1.51154947009697E-03
-4.48641311596207E-03 -7.96312892060535E-04
-1.20368067723427E-03 -3.3553265071003E-03
2.99860930593855E-03 1.39972604314889E-03
-4.43556869433013E-03 1.33690406757109E-04
4.18792237561717E-03 1.67849526524804E-04
-4.66943161688615E-04 2.81313487576027E-03
-1.89810523881076E-03 -2.86443405139203E-03
2.45061053368145E-03 -7.32647166037524E-05
-3.7098616781884E-03 1.03337253418392E-04
4.19573549217457E-04 2.65501630746214E-03
1.30176023147904E-04 1.33460787925266E-03
-1.60314177353994E-03 -4.50015712885903E-03
1.75865230765301E-03 -1.61626972925196E-03
-3.53101333484495E-03 1.29788870741834E-03
-1.78099609980558E-04 4.27465180839538E-04
8.39691356966382E-04 -5.63171726341171E-05
4.65685899688845E-04 -1.70049238702014E-04
2.45913106626296E-03 2.09818959614589E-04
-5.88359713074599E-04 -1.04518926821974E-03
1.12197152468574E-03 -6.80667102493478E-05
-2.81501327754639E-03 3.58993058396641E-04
5.6207203338647E-04 -3.01403428876988E-04
-2.85079317801837E-03 1.57101479286791E-03
9.86811610672235E-04 -4.19698498297855E-03
4.44295363272862E-03 3.69285192513831E-04
-3.72455864205868E-03 1.09506649952941E-03
1.4735457813947E-03 -3.28040548776633E-03
1.34369795872337E-03 3.43490570012563E-03
-1.56250559363694E-03 -1.12890225986079E-03
1.40194977507382E-03 1.04229492995864E-03
-1.66035765470957E-03 -1.25393226540071E-03
2.16435022887314E-04 -3.57649153159746E-03
1.68752571830237E-03 2.66640272880445E-03
-5.38826218422985E-04 -1.29374477392457E-03
-1.16272615222439E-03 2.50219125284298E-03
-1.74757395832883E-03 -9.98599418637184E-04
2.21536988051539E-03 -5.66855143156113E-04
-3.28203480710954E-04 3.5996227082774E-03
-5.63314771702954E-04 -2.74219788288869E-03
-6.68164570956006E-05 -1.04809828734163E-03
5.73156646320635E-04 -1.71223846170936E-03
3.20407774006945E-03 1.01152467701872E-03
-2.89728249645277E-03 3.78154082194229E-03
1.17528846932864E-03 -3.1428528557025E-03
1.9101764407302E-03 8.9431507806823E-04
-9.30748096562801E-04 -6.77302356389061E-04
1.09353245524119E-03 -1.09357680011704E-03
-2.50194936305207E-04 2.37787668972395E-03
-2.84976674245777E-04 -7.24920537592975E-04
-1.8489955763312E-03 -6.12654940918682E-04
2.77292436359365E-03 -1.38662577777713E-03
-7.21222566131095E-04 1.07458553547306E-03
-8.53295831607826E-04 -2.64892453539445E-04
-8.64496090883043E-05 2.75886312426657E-04
-1.2128448149376E-03 1.63503805888461E-03
1.4909303644916E-03 -2.59213214038494E-03
2.01138676615247E-03 2.09769947025552E-03
-3.2127898891691E-03 3.22240172437854E-04
2.79197206796473E-03 -1.78681454998044E-03
-1.50059184297768E-03 1.70401299089395E-03
-4.18283018584498E-04 -3.80304047368316E-03
1.79252381573153E-03 2.65401053033035E-03
-4.33067144919671E-03 1.85398425449677E-03
6.74948476947577E-04 -3.20796642250177E-03
8.05812597473936E-04 2.50021175353427E-03
-1.23591755236473E-03 7.84475749325691E-04
2.68293954151043E-04 3.19303728311033E-04
-1.88242327887111E-03 1.73269727334038E-03
-1.0458375291764E-03 -2.72786449927769E-03
1.41417780312749E-03 1.1769645747576E-03
-5.19145235034985E-04 2.70184457144711E-04
1.39229318063261E-03 -2.57297578631373E-04
6.54911263080455E-04 1.77798538743958E-05
-1.1944110260903E-03 -6.56564350942002E-04
-9.93995496272213E-04 -9.8758929916745E-04
7.30597366311142E-04 1.22198087321296E-03
-1.16920370855093E-03 -2.71685073871784E-04
