3.46329767274111E-05 -5.29688433548447E-05
-1.08225824503822E-05 2.12194442095369E-05
2.56119517966811E-06 1.63780750087427E-05
-1.01611588526525E-06 -2.62526016102897E-06
-7.10326887083865E-06 -3.80331588395469E-07
-1.14172362955883E-06 -5.72577809951792E-06
7.64882389416473E-06 1.4695328849598E-06
-4.0652538824142E-06 -9.33029565678374E-06
2.40049759858894E-06 -9.88045483448389E-06
-2.83650206840701E-06 3.66522651095251E-05
5.48495581231865E-05 1.21823168005802E-05
-5.53820278145332E-06 -6.92371768826049E-05
-5.43911101939062E-05 2.98997055254014E-05
7.52397704624192E-05 1.67695494475313E-05
1.58016136938771E-04 9.9322760070109E-05
1.81728081141991E-04 -2.07785435840658E-04
-4.04846302457424E-04 -1.32751006465136E-04
9.18636791870879E-05 -6.11752650843383E-04
1.78900710412247E-03 1.89459959992065E-04
2.09478554472577E-03 -2.56292122397577E-03
-4.53615178795322E-03 4.26573723001555E-03
6.8361979143673E-03 5.70661112913202E-03
2.0587438933673E-04 -3.39631639576528E-03
-9.62241344450116E-03 -1.32641954532806E-03
3.87757335296362E-03 -4.75927244372701E-03
0.016312830436368 7.96268026874708E-03
-5.31737489901204E-03 -5.07190345135651E-04
-1.31132626866817E-03 -1.00037485179865E-02
4.21246846047407E-03 1.14518223064853E-02
-2.66326869538505E-03 -3.13994309993625E-03
8.10242226291269E-03 -9.98672100157971E-04
-5.85517669288436E-03 0.005671378002655
2.36750542034528E-03 -2.0365921298355E-03
1.79803663706249E-03 6.19217877616487E-03
-5.71887448461871E-03 -1.06989185376585E-02
2.76473436180726E-03 6.46638828773499E-04
-9.69319851842044E-03 8.94668901699604E-05
2.08127200136422E-03 -1.63966938875633E-03
2.70203273087651E-03 2.72254661942562E-03
3.81953372297578E-03 4.69015774452778E-03
-3.65159766114943E-03 -7.91278729910928E-04
-5.41522270767941E-03 -6.17731077862367E-03
5.68748932101576E-03 1.19960980293225E-03
3.08822790803911E-03 9.70211219587139E-03
-1.59785231659301E-03 2.09825154629028E-03
2.52885810350941E-04 -4.83280667619811E-03
7.69463240977375E-03 -6.52483706914838E-03
7.55642090517478E-03 1.01399074947773E-02
-9.86885217958227E-03 2.65284279839912E-03
4.22240987940816E-03 8.18586300920451E-04
-6.2080885839025E-03 1.60699190082946E-03
5.82757418994717E-03 -1.92523941234286E-03
1.61135861828815E-03 6.36418309517337E-03
-2.60597762395983E-04 -3.17672240838967E-03
5.95195350120861E-03 1.08685098333008E-03
-4.57201711852046E-03 2.63354161913831E-04
-1.33559508372948E-03 -2.24254058031382E-04
4.16583667165467E-03 6.00983031511752E-03
6.29344176254473E-03 4.51082639137817E-04
2.25193025274884E-03 -9.84920162419596E-04
-8.94793028099048E-03 -5.46217839918927E-03
-3.67945680267753E-03 -7.94398125969101E-03
0.00463429310024 -4.31664071664307E-03
-2.7321319051899E-05 1.12324749658719E-02
-6.33716683648695E-03 -2.80176269444302E-03
5.80825838358004E-03 -3.47378013815585E-03
1.27930431583007E-03 -1.80464253024151E-03
6.67236134600874E-03 -3.39179806578901E-03
-2.83342934315162E-03 4.72207204379067E-03
-0.010885351350193 -3.39266907181218E-03
4.27914867807811E-03 1.60593199581802E-04
4.49746061967155E-04 4.01832707084596E-03
-8.82494903490237E-04 -5.59099048421593E-03
4.62025539933071E-03 2.23208773764004E-03
-8.46408059760305E-03 -1.72754086315378E-04
-2.27229648492274E-03 -2.13720208949284E-03
-7.89883499071655E-04 3.06873844786839E-03
9.425764400831E-04 9.41004831129049E-04
1.71530641348756E-03 -6.44669367840139E-04
-2.00810451487878E-03 -1.0726672071921E-03
-6.54130772822335E-03 -2.36954608631098E-03
1.52113067209315E-03 -5.75113568075391E-03
-3.06911092825832E-04 4.88686148819713E-03
9.50138709106763E-04 -5.48447840717223E-03
4.46140256295455E-03 3.20900148077816E-03
-5.56121133172299E-03 -9.42314365783335E-04
4.73442369899776E-03 -8.82113644664834E-03
9.06425919631696E-04 7.31018979195767E-03
-2.89404416903906E-03 -4.8886877050728E-03
1.33786130391971E-03 3.17694072603143E-03
-6.23867858588577E-03 -2.28837756719766E-03
8.57954885105021E-03 -3.22476460754343E-03
-2.6988199701748E-03 3.46113380859537E-03
-2.43755578615498E-03 -5.3739528009886E-03
-1.49653924355774E-03 1.94619123335325E-03
-4.14792584384443E-03 -4.7927416915337E-03
1.23278687746431E-02 2.06226992758704E-03
-8.53497934971172E-03 5.06242622201645E-03
-3.66271517171157E-04 -2.63567979022694E-03
-2.24864546432142E-03 8.93733276016817E-05
-3.0908612235551E-03 -4.00240372252307E-03
6.09084178607548E-03 1.35019558138438E-03
-7.01255563781596E-03 1.66728582893646E-03
4.70091661929839E-03 -1.81900110618607E-03
-1.11732035470758E-03 1.85898667001962E-03
-4.08119995637748E-03 -4.07797790113306E-03
4.67832660695693E-03 7.85843578755039E-04
-4.58176886282337E-03 1.8521578433599E-03
3.59373458967868E-03 3.5170978967814E-04
-7.4045439559514E-03 5.08832556436441E-03
-4.44938677795743E-04 -4.77539524710481E-03
7.53079408780398E-03 -2.38674910252689E-04
-4.37986561248719E-03 3.65068911145666E-03
4.59796009867418E-03 -3.75711070125969E-03
-4.73983338064589E-03 1.67200794621971E-03
-7.3777902606254E-04 -2.80838772134032E-03
7.0123428656535E-03 1.30312171003478E-03
-5.04788527852695E-03 3.08438422794092E-03
-7.58626986536246E-04 -1.6812920590305E-03
-2.76618867874314E-04 -3.09104081948809E-05
8.13764589718813E-05 2.6706777934163E-03
5.33064894962955E-04 9.59601419921495E-04
-1.2296769903827E-03 -5.03522686223673E-04
4.68434905159907E-03 -7.73719420218545E-04
-5.52308158027889E-03 -9.95278495859922E-05
1.16994592991923E-03 -2.59198804758629E-03
-3.3609094009868E-04 1.22682465541113E-03
-1.27078894747947E-03 -1.90988137792745E-03
3.45938321902387E-03 2.03295159889813E-03
-2.17650345104095E-03 -7.11601891289066E-04
2.17841040925568E-03 -3.5333142210335E-03
-5.13775877139763E-04 9.40480808946772E-04
-1.86864293595193E-03 2.02074867113971E-04
1.46943621943902E-03 -4.53857200909226E-04
-7.11728385589573E-04 1.37972855540229E-03
2.18816109427093E-03 -1.34462961557361E-03
1.20085656883831E-03 2.33065247146971E-03
-3.50557977804039E-03 -1.21320722761823E-03
9.73472759084223E-04 1.12836192213683E-03
-1.9275383097952E-03 -2.11828126166617E-04
4.40342661394997E-03 -8.37852810150413E-04
-4.78383806929401E-04 3.48276663517932E-03
-6.22852350844442E-04 -4.23019697865996E-03
1.96266689720863E-03 1.11727680734136E-03
-3.82482992725054E-03 -8.53738736866141E-04
1.82861455829823E-03 -2.08066741180117E-04
-1.2670258861635E-03 2.74430095377991E-03
-2.1028672677495E-03 -2.44819970606462E-03
3.56985046956116E-03 1.92460659028719E-04
-2.2142233761484E-03 -3.7551482685248E-04
-6.17959858208195E-04 -4.85704789893994E-03
2.16200300099058E-03 2.90814488443541E-03
-2.42645317456873E-03 -7.98554408922479E-05
2.11783649019692E-03 -9.80485591343798E-04
-1.0553879748716E-03 2.15709454396245E-03
-1.94283792962879E-03 -3.64840469211996E-03
2.03549752185144E-03 8.18444449764018E-04
-8.35969497262444E-04 9.96455358229007E-04
-1.28273162365699E-03 -4.0327133295252E-04
2.7760851730313E-03 -7.44344577132868E-04
-4.88608767044271E-04 2.04866341968638E-03
3.35666173542538E-04 -1.60741961144654E-04
9.70501920913034E-04 -2.67071383835379E-03
-3.4923834111157E-04 -2.7468102391595E-05
8.78811783282305E-05 -0.001957880926707
2.29436183724965E-03 2.61208155772029E-03
-2.36618032934444E-03 -5.16197575275023E-05
3.50015267644633E-03 -3.07391256857782E-03
2.02869704481108E-03 4.29264285541797E-03
-3.12660565233911E-03 -4.18573348034858E-03
1.33692319506223E-03 1.37442432366756E-04
-2.4076277143161E-03 1.82812733105394E-03
-1.90921887032362E-04 -3.52014635835179E-03
2.07601530087889E-03 1.99359837608037E-03
-2.20208017925349E-03 5.674287935048E-04
2.32359690144909E-03 -3.69710346322601E-03
2.00430915925807E-03 1.91441206397977E-03
-0.002012093660016 1.72611775833113E-03
6.2343457506141E-04 1.69916327470461E-04
5.69877321111241E-04 -2.72378983816955E-04
-3.93309720816721E-04 2.37115729133184E-04
-4.16130935537092E-04 -2.44061742835658E-03
5.39735440995992E-04 6.32053177130195E-04
2.42675093905346E-04 8.83999127231155E-04
5.69546668275167E-04 2.72010553074132E-04
-1.66020092065048E-03 3.2163984567334E-03
-2.72861551912162E-03 -1.99338882273481E-03
3.51038913265045E-03 9.5452140060161E-04
-8.25658165953995E-04 3.20797502314084E-03
-3.10762198693575E-04 -1.88955785739003E-03
1.65564227417946E-03 1.68322510514997E-03
-2.80300727508498E-03 -2.06429815479072E-03
5.67810185284235E-03 2.23393037831487E-04
-1.50257537957951E-03 4.45758486592422E-03
-2.65028923546636E-03 6.47507223633049E-06
4.30218771831947E-04 -6.98824424722523E-04
6.29622453444455E-04 -2.29290108758767E-03
1.46583881225476E-03 1.32131109325695E-03
-1.61355420641419E-03 4.82367440770187E-05
-7.33027210160601E-04 6.23075285576729E-04
-4.71297097943913E-04 7.93243048907785E-05
