3.55514007594989E-05 -5.36627613568473E-05
-7.16077601337638E-06 2.19363419368494E-05
-1.19941191177845E-07 1.72133857803004E-05
1.1990846667912E-06 -1.00584461443638E-06
-8.21851041984407E-06 -2.50030308441253E-06
-3.01341961620949E-06 -8.48213249154658E-06
1.09424566655552E-06 -1.475496818321E-06
-3.49455898389097E-06 -1.01498465535149E-05
1.59829528343772E-05 8.40710261436657E-07
-5.02603298210284E-06 3.48152023792134E-05
5.72524925628188E-05 4.36712094986265E-06
-2.05123412999697E-05 -5.89006702615533E-05
-3.5328149728469E-05 4.19139550801483E-05
3.218419290657E-05 1.69524830181291E-05
8.39054394599814E-05 1.22463252444074E-04
3.9813891321098E-04 -1.24159220641704E-04
-1.23471448887994E-03 -3.64532386119981E-04
1.06481192909878E-03 -8.02679141212847E-04
6.59689806767575E-05 1.1085190824105E-03
-1.08799129241993E-03 7.12607101824783E-04
-5.55032603471346E-03 5.4074502651126E-03
2.5760527048554E-03 -5.49216207972538E-03
1.83181064527726E-03 -9.15187128187163E-03
9.26932630536999E-04 -3.36934504592926E-03
4.04085544805449E-03 7.6431282705793E-03
7.34240531520786E-03 1.24734448531976E-03
2.42888790133781E-04 -5.25532684831319E-03
1.57078849122586E-04 -6.00725980981183E-03
2.13634811574712E-03 -5.66351037780273E-03
6.65388493530575E-03 -3.77589621264632E-03
6.37969289296683E-03 7.04141016820111E-03
-8.03992269157067E-03 -3.14698546829607E-03
-2.5552592118562E-03 -3.83729327271067E-03
4.27162524437622E-03 7.10462555046882E-03
2.24358482374008E-03 -1.07204797892786E-03
3.99169936725943E-03 -2.75455136877442E-03
-1.02189076397857E-02 1.01542107112413E-03
-6.95581202473107E-03 -6.37495453523186E-03
1.15863266444634E-02 1.73141954061116E-03
-2.66969549132371E-03 5.82643718628287E-03
1.05176662659177E-02 -9.29804815170483E-03
-1.96310827108269E-03 9.59964996842034E-03
-0.017687935179101 -5.70629354616917E-03
1.15635734644302E-02 -2.16403019293519E-03
-1.67670817592432E-03 1.25280363990644E-02
3.58229367806101E-03 -2.0374553801806E-03
2.73510615912565E-03 5.2546207461033E-03
-1.04003384469508E-02 -3.48470159958489E-03
3.09977339547566E-03 -5.41642453280365E-03
2.64865140913013E-03 2.2333308748084E-03
-1.04590179062291E-03 3.68463591856045E-03
3.645017479112E-04 4.54906214919954E-03
-7.64053595087382E-04 4.23770997536657E-03
-1.42062808242571E-03 -2.54061904034004E-03
5.45004564803335E-03 -5.05242871240819E-03
-2.50553897924286E-03 9.23117275503439E-03
-1.27744298559452E-02 1.42625486202177E-03
4.58406203878762E-04 3.14147555108925E-03
5.25595270024042E-03 5.28634168036389E-03
7.69961015535886E-03 -6.1490906291163E-03
1.62022386765909E-03 2.2007761464943E-03
-6.72283237010841E-03 -6.50264076843692E-03
2.08453322970933E-03 -4.22386500567999E-03
2.00482651064816E-03 3.89437110588838E-03
-1.05646649683001E-03 -0.000385326342766
-2.34745844315619E-04 -3.55985410621335E-04
-6.19753151205097E-03 -6.31813079238946E-03
6.23692370161102E-04 -2.70039686014563E-03
2.35138238756775E-03 8.90848916386956E-04
-6.22140883034856E-03 8.81495940672789E-04
1.84039011608142E-03 5.97560597959447E-03
2.11799072626465E-03 7.10461818353327E-04
4.60318796030217E-03 -3.84607954603572E-03
5.22658815416017E-03 -4.08967648984425E-03
-3.31234934392142E-03 1.75918921946549E-03
-6.22998940563254E-03 -2.52314800984295E-03
-1.9841345428787E-03 1.89142946878279E-03
6.75522124158615E-04 3.40617844542503E-03
9.47865727139051E-03 -1.38796707530831E-03
-4.44766795002629E-03 4.75974740208879E-03
-3.87334003226819E-03 -6.05880115681543E-03
6.66455880486582E-03 -3.62091667661621E-03
-3.76863584917419E-03 5.93183196405855E-03
3.77050477648491E-03 1.39384904392688E-03
-4.33726442302789E-04 6.93321067322964E-03
-6.14183771639381E-03 -9.32945833052514E-03
9.83481425181726E-03 -4.54228913131748E-03
-6.03313513158912E-03 5.16503865200058E-03
2.56924014062513E-03 -5.37364559324046E-03
-1.8669965016904E-03 1.05882615305273E-02
-5.63138622255826E-03 -6.98039599691553E-03
0.012528768160694 -1.82291638820074E-03
-9.83464219411302E-03 9.16077282079731E-03
-2.81504954207714E-04 -4.04321359739205E-03
-2.01228321924646E-03 6.71765898071186E-03
-3.3960089402336E-03 -4.47013769911053E-03
1.26728421137765E-02 1.26048524061278E-03
-5.55890187842176E-03 7.8086101920004E-03
7.24965341747879E-04 -1.06892718521077E-02
2.79461112206635E-03 5.41905882570803E-03
-4.88233061906693E-03 -3.06411300221939E-04
1.14916141124313E-02 -1.30685819763135E-03
-5.49902474512023E-03 5.71598125136224E-03
-1.10028285282194E-03 -6.55781965062519E-03
1.71002981625483E-03 2.72422819457954E-03
-1.65032325074117E-03 -2.16088957307156E-03
1.55064408850568E-03 9.13788127949741E-04
-1.87847580367223E-03 3.5599487571427E-03
-5.34492235997997E-04 -5.46345129931605E-03
1.47682706408793E-04 5.50666556565615E-04
2.61474281165897E-03 -4.55050916372264E-03
9.37410549394666E-04 3.76230515197412E-03
-3.77539246874462E-03 -2.21289860137387E-04
2.09360581238728E-04 -2.0522222692674E-03
-4.07038031670562E-04 3.28332775058635E-03
3.15167736607555E-03 -2.71698104164253E-03
-1.85679865900106E-03 3.71413263445852E-03
-2.53597716850442E-03 -4.00729008071911E-03
4.50037668490941E-03 1.50581406061986E-03
-4.52576650055832E-03 1.82844149640226E-04
3.40913280404388E-03 -1.08607861858773E-03
-1.80354460812152E-03 7.42938092453325E-03
-1.33965426220678E-03 -6.07491733799262E-03
6.03631272837658E-03 2.8689903564709E-03
-2.91846903883749E-03 9.26490414583885E-04
-9.89159732102481E-04 -1.06512295117775E-03
-2.75046272235457E-03 -1.60405856568938E-03
1.11237747607166E-03 -3.68564661041597E-03
4.54615638776773E-03 2.41461823093026E-03
-1.05780582843033E-03 1.73235672802793E-03
2.07248684000984E-03 -2.86817705460347E-03
-4.9903174578077E-03 1.7398681271736E-03
-5.66580220123287E-04 -2.79694678554352E-03
2.59604437320303E-03 3.33387679590089E-03
-2.24418664574176E-03 -5.12458782112383E-05
3.91100664917232E-03 -2.20079966642579E-03
-2.08464716946047E-03 1.3493244389107E-03
7.61919351678611E-04 -4.95640315639123E-03
4.37942457233556E-03 3.02109264306364E-03
-4.73558789355823E-03 3.30789426343153E-03
1.93466942163669E-03 -4.10224119629947E-03
-5.38618391860184E-04 2.24113241828584E-03
-5.15201795737173E-03 -3.65516489503144E-03
5.73690761251344E-03 -1.21138340498651E-04
-6.32493918646366E-03 1.71286254383427E-03
-5.06230527328283E-05 -3.75289617519663E-03
3.09492715671561E-03 1.11142856222925E-03
-8.44840720068473E-04 3.16833910610822E-04
1.32935401509986E-04 -9.93834775880591E-04
1.29264262204907E-03 -1.80736335656907E-03
2.75197564678894E-05 5.73575598632242E-04
1.88981660904114E-03 1.71039143322566E-03
2.47833922901855E-03 1.02672840882663E-03
-2.36013782248596E-03 2.57464219297026E-03
1.07927283974553E-03 -2.87569724245423E-03
6.06660751772582E-04 2.13489426606545E-04
-1.22379805246316E-03 2.62653081011689E-03
1.23489179997807E-03 -1.54150272477212E-03
-1.3633301998588E-03 3.00256533965319E-03
8.49511719789658E-04 -5.8215980865464E-04
9.70891857860526E-04 -7.83936268927699E-04
-1.20597366700984E-04 1.2494146750423E-03
-9.18644904296748E-04 -5.12581971470358E-03
1.72700220989666E-03 -1.69000481595649E-03
-3.85138100293081E-03 -7.77374525766689E-04
1.43293890612832E-03 -2.46072292774117E-03
1.40343790663403E-03 3.2049755456616E-03
-1.86344451626233E-03 -1.58853040191215E-03
2.27394603505821E-03 -1.21523187845155E-03
-9.65550844835798E-04 7.56989156423755E-04
8.06692087187663E-04 1.6480865375084E-03
1.1658127539374E-03 1.9512024873244E-03
-1.40413174360433E-03 -4.27115610264125E-04
5.08422624675019E-04 -1.85206834485197E-03
2.6943692026614E-03 0.001654237429807
-1.79907381455853E-03 4.00967089344188E-03
1.14257331692027E-03 -4.00968545811471E-03
5.63245278826669E-03 1.4953831079676E-03
-4.62147430853496E-03 1.85686042854048E-03
1.12446666056101E-03 -4.25114546434593E-03
2.20272757501535E-03 4.66933086387084E-03
-4.94202834404037E-03 -2.55373807019489E-03
2.57744481741204E-03 -2.27749207744584E-03
3.70584469541745E-05 3.62552810354386E-03
-2.71837147970828E-03 -1.96756932294462E-03
1.31932750422044E-03 -2.56383678907496E-03
-5.15317560509392E-04 2.28228539079406E-03
-1.12584957179285E-03 -2.53078110439724E-03
4.04369138490828E-03 3.54216538989153E-03
-4.15741046647106E-03 2.72181926546804E-05
2.3503018955724E-03 -4.14624038417936E-03
-5.22434441027621E-04 2.85105409453472E-03
-2.55338151051746E-03 -2.08869405597625E-03
1.53767507671439E-03 4.38038959038354E-03
-1.51939428557569E-03 7.06556212818425E-04
5.43922630284174E-04 -2.1897757495196E-03
1.88050229130723E-03 2.53644406935338E-03
-1.29111570482445E-03 2.18800545013891E-03
-1.68449993647492E-03 -1.28398029894224E-03
2.52609243881213E-03 -1.34928605237692E-03
-1.44516336790587E-03 3.22759511042215E-03
