3.47472042641967E-05 -5.4187910073337E-05
-9.59633017809434E-06 2.12451944165221E-05
2.40892102468615E-06 1.75154058334039E-05
-1.63885960049025E-06 -5.3755870962657E-06
-6.68902019929871E-06 -1.23282914053327E-06
-4.64064135700101E-06 -3.44579057807505E-06
6.20976656022859E-06 -1.57021514350235E-06
-4.37682073518189E-06 -1.334835387266E-05
3.08963960840073E-06 -7.74452093981918E-06
4.82105109280116E-07 3.76141029177546E-05
5.48708997539916E-05 7.44844629566429E-06
-6.45089080755815E-06 -7.52297102602948E-05
-4.14713575990577E-05 4.48714191599705E-05
4.25031350655906E-05 1.99291158691547E-05
1.56979149796705E-04 8.32405454288042E-05
3.01675041704252E-04 -8.49611482295645E-05
-7.68080472266148E-04 -3.19511503933025E-04
4.3645523041864E-04 -6.20431244513069E-04
2.06360096618445E-03 7.1394617035291E-04
-5.98400981479108E-04 -3.18816916549707E-03
-3.78522876741617E-03 3.15518273501038E-03
8.52215408731077E-03 1.33519096842523E-03
-2.05174655265502E-04 -4.8471305124862E-03
-1.04663722515795E-02 3.9091093575354E-03
9.73148225678254E-03 -3.59184131880993E-03
9.38820425550438E-03 4.87434431853804E-03
-7.63366510143894E-03 4.13505249323689E-04
8.27431144400962E-03 -2.80377437393828E-03
3.09274106267626E-03 7.03629815148207E-03
-7.97039903086211E-03 -7.21769170724727E-03
1.14924215411958E-02 4.83097012804699E-03
-5.97919008398474E-03 8.41047309449101E-03
-6.23011207850931E-04 -9.32385305825057E-03
6.04378546181232E-03 6.4542471964691E-03
-7.54765524023498E-03 -4.63834960783821E-04
2.66484997799603E-03 -5.49281218924199E-03
-4.46538983576719E-03 2.19287315811739E-03
8.82298347667513E-04 3.06299030466029E-03
1.08905991608527E-03 2.05157274875663E-03
2.97354169794863E-03 4.28970903773795E-03
-5.58281496452058E-03 -8.33673487756795E-04
-2.05566986402002E-03 -9.45656069529649E-03
2.37847866393405E-03 6.72001261881929E-03
-1.59097718960304E-03 6.81671414616161E-03
-2.11059149136873E-03 -4.17424181050947E-03
1.52222401576191E-03 -1.97143469716993E-03
2.53824473680499E-03 -5.68825959014565E-03
8.7352709029302E-03 7.46158567638451E-03
-1.24139170194365E-02 8.07266625561879E-03
-6.95278778009571E-04 -4.37828515782837E-03
-2.82652584473328E-03 6.46667756096741E-03
1.28603010742138E-03 -1.3553380616705E-03
3.15190663212596E-03 5.6249665769448E-03
-0.001499757524002 -1.55955005915933E-03
-1.00118180366839E-03 6.10760294072202E-04
-3.03238266744783E-03 -2.40138182479713E-03
-2.28815150097746E-03 2.87107914194771E-03
1.88414451622781E-03 6.6608079081058E-03
5.29043286395225E-03 1.60014846488029E-03
2.14918055682096E-04 1.48937682038224E-03
-8.55459508235191E-03 -8.90757198509235E-03
-1.10050989130754E-03 -6.0016341671214E-03
1.2386670992881E-03 1.94684526456072E-03
-2.24659722533349E-03 7.60965187621935E-03
-6.90078947139199E-03 -1.18755195360789E-03
4.44361447202969E-03 -7.46960769700746E-03
3.18974255314142E-03 -1.90092280655971E-03
3.05619451063715E-03 1.37416800413347E-03
-5.2672370064476E-03 1.35558768456752E-03
-8.26389662743117E-03 -3.86235115077263E-03
4.64796903197931E-03 -2.87098077775294E-03
2.77833349718602E-03 5.89262215239428E-03
-4.42405908439228E-04 5.013185394931E-04
-2.07694553914179E-04 -8.35016110721022E-04
-4.48701231039754E-03 -5.50435975275958E-03
3.05021219074225E-03 2.10340966068283E-04
-3.63711242056369E-03 4.96378146936517E-03
2.17074659613072E-03 1.53868762170514E-03
1.69920474875801E-03 2.47479249445609E-03
-3.1870282674135E-03 -3.57672601142633E-03
-9.09199011724499E-04 -2.51875710291457E-03
1.56268794862558E-03 1.79164847422709E-03
-2.50464536065223E-03 3.6231853902586E-03
3.1923991628975E-03 -0.001928231243125
1.21336352478659E-03 3.25264206738499E-03
-1.15375680413197E-03 -5.12380623656483E-03
8.50947255774785E-03 -4.01487815051149E-03
-2.7708659876613E-03 1.00179359170404E-02
-1.41049657947322E-03 -4.37355785929869E-03
1.35781532527804E-03 4.31784231586728E-03
-4.52262397777715E-03 -2.7384074042901E-03
9.01170696622604E-03 -3.02867115961403E-03
-3.6422916093591E-03 9.65822382179703E-03
-5.15210115389178E-03 -6.65314791606276E-03
1.62762866037043E-03 2.56644249451333E-03
-2.95815261419838E-03 -6.07813204978324E-04
0.011726794568711 2.45121970507644E-03
-5.21937185138582E-03 8.09249262465039E-03
-8.45520250384764E-04 -5.42705834277398E-03
2.66751280184445E-03 -1.67946734229928E-03
-3.85675139555725E-03 -3.21858192152334E-03
2.84302331465176E-03 2.68658587659547E-03
-7.41235936007999E-03 4.44418321612583E-03
3.92770982921958E-03 -4.74320620990739E-03
-2.42496033389893E-03 4.07362636226947E-03
-2.40799943173977E-03 -3.13654921737867E-03
3.92069766831492E-03 4.59198993343441E-04
-3.75466470717205E-03 3.21164191008757E-03
4.12458353286056E-03 1.68092018281962E-03
-4.80143197908319E-03 2.01661763395172E-03
1.82402521629509E-03 -4.96062675812397E-03
5.23772128105306E-03 8.73366100751654E-04
-6.25708364016193E-03 9.68659760872027E-04
3.30902862334316E-03 -3.88540636900804E-03
-3.51744672487981E-03 2.76934029341439E-03
3.5569443508678E-03 -5.29794152462963E-03
4.05891797880576E-03 5.95146768086252E-03
-5.58937137630497E-03 1.60572768198188E-03
0.003193810950843 -3.09910969113964E-03
-3.59645318601088E-04 1.56551789488489E-03
2.21772088667512E-03 -1.15768028978662E-03
7.63969495262659E-04 5.2467952283304E-03
-3.07875673792944E-03 -3.65489902688476E-03
4.98900008736452E-03 -1.33387916803407E-03
-3.38854906061797E-03 3.46453613707032E-03
4.77773038058234E-04 -2.32544844429061E-03
-3.2741046117028E-03 4.50049635005718E-03
-3.91478926998163E-03 -2.78722873625092E-03
6.24985804304409E-03 -5.04514754973318E-04
-2.52962292225852E-03 2.58575006082069E-03
1.91587721150716E-03 -5.6795319095124E-03
-1.43778335373395E-04 4.36384021692875E-03
-5.47608649762281E-03 -8.05493191913126E-04
3.29949918042218E-03 -1.6534722903252E-03
-1.85843861046535E-03 4.82559543012347E-03
1.94621948910209E-03 -5.13424037999416E-03
2.80445998622689E-03 1.1596575707696E-03
-3.25407651725136E-03 -1.4730756061299E-03
1.21253590192159E-03 -6.78515476207044E-04
-1.05634901864613E-03 1.51541316978367E-04
2.95553698547357E-03 1.33462465871259E-03
-1.46480374320183E-03 -6.35480842296069E-04
1.84465330226353E-03 -4.20411403080026E-03
1.61433552148104E-04 8.4758823366422E-04
-9.53836616374385E-05 -1.1969450419394E-03
1.13507229262411E-03 2.04296118831404E-03
-1.36678669827021E-03 1.53395206406819E-04
2.30566867726281E-03 -8.87896263831199E-04
1.06695660299627E-03 4.32721981784274E-03
-4.18817325967763E-03 -2.38104453444227E-03
2.22173820223599E-03 -1.16406044800815E-03
-1.31637264237514E-04 2.73457095109386E-03
-1.28511438538398E-04 -2.06863965420356E-03
1.65827516963848E-04 1.53301905543116E-03
-1.6456116621236E-03 2.18063529514989E-03
-1.82825224716041E-03 -3.63154318625712E-03
1.23957327954825E-03 2.23010809115171E-04
2.20138538922361E-04 2.4907126748036E-03
6.99620412374139E-04 -1.77672916417629E-03
5.76088851227124E-04 1.95584192498193E-03
-1.9725964000587E-04 -2.19740876483959E-05
5.27156864783937E-04 6.88097885028457E-05
-1.12061645410283E-03 -8.69934085319307E-04
2.05109355187974E-03 -1.53657795739065E-03
1.64611138319759E-04 5.76266737823915E-04
-1.21728117636165E-03 1.39225924480495E-03
-5.62380003806646E-04 -2.61953509661043E-03
3.60835494445988E-03 5.75219480386742E-04
3.93376173199288E-04 1.58317982224346E-03
-2.20469880216917E-03 -2.4916823120452E-03
-5.60012522368572E-04 7.68631953599676E-04
-1.45746992544193E-03 -4.88865009342315E-04
2.31085781630459E-03 -2.55704027298106E-03
-5.75129413977813E-04 5.25627021808348E-03
-4.62190613361124E-03 -2.90303649165977E-03
4.42353133692781E-03 -2.64345964455339E-03
-9.83739797596279E-04 2.54738430983853E-03
1.35118424871552E-03 -1.06193340767927E-03
-9.49616617499781E-05 1.21332547901152E-03
1.87052532057272E-04 5.3567032878079E-06
9.63060731572386E-04 -2.29350919504282E-04
3.63590166104741E-04 6.16532784429912E-04
-4.90835877226476E-04 2.94351379253462E-03
-2.05280018073732E-03 -1.07676493775575E-03
1.80910173890739E-03 -1.78006161445057E-03
2.96211627269723E-03 3.44116414350334E-03
-3.48648965093173E-03 1.72679343855262E-05
1.8814080506186E-03 2.78671513510454E-04
-1.45452161453223E-03 3.25494410932392E-03
3.19759707269471E-05 -4.08428253675805E-03
3.18509229500149E-03 1.95904399667556E-03
-2.58657206637166E-03 8.98766050634665E-04
9.6374875512696E-04 -1.93055726964196E-03
-9.79911770526402E-04 2.80769638107672E-03
-1.06359256023917E-03 -2.58082888366694E-03
3.58779049326728E-03 1.4665473545343E-05
-1.40190980662334E-03 2.61814316029461E-03
-1.85058514025382E-03 -1.83000302827653E-03
1.20739621228744E-03 -3.76529534950129E-04
-1.81051133595422E-03 -6.82181591465786E-04
6.62899420400171E-04 -1.5513452971968E-03
