3.32030080087979E-05 -5.63887012299759E-05
-7.46993973511527E-06 1.9173475613422E-05
-2.0014231521863E-06 1.65380246406503E-05
1.31174492236379E-06 -3.90989158062887E-06
-7.20599582240792E-06 -5.77027250397728E-08
-1.34092834160932E-06 -7.60201365320692E-06
9.3664410823007E-06 7.24890829189781E-07
-2.53191459501182E-06 -1.35811063203074E-05
3.71613514209915E-06 -9.06344471293759E-06
-1.3106139740501E-06 3.31197416776145E-05
5.65721906956521E-05 4.37280096705119E-06
-4.01599176857654E-06 -6.57552083555475E-05
-3.0894100294299E-05 4.38594510833162E-05
1.40467208072631E-05 1.09671285224903E-05
1.34178511015763E-04 9.00847661070388E-05
4.16156379971567E-04 5.88090326035287E-05
-9.53611184212212E-04 -6.55191393189769E-04
5.9313751437361E-04 -2.19991475747965E-04
1.31749759562041E-03 5.1848283741328E-04
-1.57450857207424E-03 -2.59842026167539E-03
-2.2731547666198E-03 2.14855862837554E-03
9.03603482343112E-03 -3.3160930269344E-03
-1.34996301550465E-03 -2.05795568300148E-03
-7.84860093435534E-03 5.97071767709323E-03
1.12310106622056E-02 -4.43607850413788E-03
1.27315026282605E-03 4.38605809405098E-03
-1.99713452789703E-03 6.91175589353282E-03
1.10384390116915E-02 -4.89383592192432E-03
-5.22820755995263E-03 3.85635155155389E-03
-5.75733007267475E-03 -4.88746245729419E-03
1.35484886207867E-02 6.00168312175467E-03
-8.1116431497845E-03 6.96127364227279E-03
-1.28507499532655E-04 -1.10190451567969E-02
5.77179587251709E-03 1.07900353977046E-02
-9.76132443944916E-03 2.51120964975091E-03
7.04559980942602E-03 -6.9516856740408E-03
-4.61024320675996E-03 6.03808112358716E-03
-7.01115144390906E-03 4.12717991261099E-03
1.47938937816865E-03 1.74385069051008E-03
4.71486478233239E-03 5.72897184059376E-04
-2.77495498254711E-03 -1.06852070171534E-03
-1.48598860896434E-03 -7.44776714141254E-03
2.20165296546154E-03 7.67606603375795E-03
-2.70141966846174E-03 5.56300755993874E-03
8.38804825042714E-04 -5.9768191122778E-03
5.86423100941529E-04 1.28151550890971E-03
4.65291895210724E-04 -8.48102414422246E-03
1.06606495894698E-02 0.002153119087408
-1.32308345398434E-02 0.009803977973357
-1.00397567426367E-03 -0.007139325233829
-2.30803213830265E-04 5.2619383701116E-03
-2.37179106858002E-03 -1.77249990733712E-03
3.44830864654832E-03 5.63612395693642E-03
-3.07580330569429E-03 -1.20430349108837E-03
8.09933006154719E-04 -6.30947938430013E-03
-1.14997869599893E-03 -4.18356225792266E-03
-3.17145017943726E-03 4.01124082623462E-03
-4.34796322037406E-03 8.12048772802072E-03
8.1789957838066E-03 -1.6919652954195E-03
1.44784989268196E-04 1.34348323944604E-03
-7.61238818855981E-03 -1.06821222095125E-02
-1.70240675910681E-03 -2.36103444258641E-03
-4.97454720287236E-03 5.09164081750909E-03
-3.12721350601703E-04 2.22177996989892E-03
-1.65032974174495E-03 1.64667028237915E-03
1.21765072930348E-03 -7.82705125729477E-03
6.03228456054406E-03 1.6818555570834E-03
-2.31937842937851E-03 2.39069854298145E-03
-5.91657556228626E-03 -3.15103707560815E-03
-6.37722568739415E-03 -7.49970254289248E-04
1.83598909923261E-03 -2.64394680730683E-03
2.89546486324868E-03 7.20343830919761E-03
-1.48395376487241E-04 4.47514797286742E-03
-5.92633541826928E-03 -2.65562676459557E-03
6.42004759888158E-04 -7.75235656209773E-03
4.54448261406133E-03 4.32023032996289E-03
-8.27902149103986E-03 6.73394361233765E-03
2.42354397750421E-03 2.87011477746533E-03
-6.97905254630595E-04 1.79545426128026E-03
-1.09701971450786E-03 -7.64938861887838E-03
3.2432894130524E-03 -3.82312612459732E-04
-2.21048669565236E-03 5.43045104608251E-03
-5.65331162119679E-03 -1.24101191152559E-03
3.88235510114317E-03 6.08649027910885E-04
-1.6825762112141E-03 2.42338960359486E-03
-1.54240968645765E-04 -7.77841865524829E-03
5.56876048265087E-03 -2.42044758873342E-03
-7.26807619413013E-03 2.82257539499128E-03
-1.22999707276008E-03 -0.00281284243915
-6.08574440683625E-04 5.42099123804902E-03
-2.60653643828413E-03 -3.4886652326559E-03
8.70941418355574E-03 -2.46343362187128E-03
-7.91874018226556E-03 6.45382829408543E-03
-3.53350277297905E-03 -8.2020119512829E-03
3.62764745851972E-03 2.32919473073271E-03
-4.12744035529053E-03 2.32026179491724E-03
5.95462044034999E-03 -1.38119813291241E-05
-6.20008327112168E-03 7.30851268785406E-03
-1.96455169181013E-03 -6.50625066577123E-03
1.44146740336771E-03 -1.28511268594715E-04
-1.70678604989629E-03 3.76991715277602E-04
7.59251133218997E-04 1.26902637656285E-03
-3.93185111212111E-03 3.72883501923237E-03
6.66148355168479E-03 -6.97597273048592E-03
8.98806735373608E-05 6.54751806679451E-03
-4.48763338390613E-03 -2.15765536450919E-03
2.35545460543734E-03 -8.46479748796002E-04
-3.30155671979272E-03 2.12881276798157E-03
1.73267375925089E-03 -2.01395515724271E-03
3.4593642054095E-04 4.13900409605289E-03
3.35614651959558E-03 -2.3301019183026E-03
4.43306565276511E-04 2.83309205037093E-03
-4.78494402154485E-03 4.70237876389266E-04
4.0147223290353E-03 -5.09010669879473E-03
-2.17076817821555E-03 2.91068888108194E-03
2.39030967646457E-03 -3.29898279611557E-03
1.04119905248906E-03 4.52787059143808E-03
-6.76848783187651E-03 -2.03860430216532E-03
5.28039998841635E-03 -2.38152956159984E-03
-1.64964484065469E-03 4.50143810365357E-03
9.43402150743565E-04 -4.05846517205517E-03
1.07820493113673E-03 4.78539219855287E-03
-3.38502392920394E-03 -3.79443902251177E-03
5.5708434419569E-03 -2.96794094318443E-03
-3.54829294757483E-03 6.01335256685449E-03
7.03915032630348E-04 -3.03037707761432E-03
-3.82772755188125E-03 6.25651170655815E-03
-2.53699426568383E-03 -3.42431941906657E-03
6.93743898061407E-03 5.64432260589434E-04
-7.20077008170652E-03 3.43962234130318E-03
3.05695320777508E-03 -9.57516971811464E-03
1.32093511146809E-03 5.82439970314878E-03
-4.47102882005049E-03 1.24974863208003E-03
5.0273634022494E-03 -1.53966475348709E-03
-7.06450402855126E-03 3.80660878924427E-03
2.40806757156769E-03 -7.16158274114697E-03
3.27415333452791E-03 2.36254124814055E-03
-3.42034263409042E-03 -2.7938512372057E-03
3.37360298394764E-03 3.2068888416303E-04
-5.29662980754393E-04 3.48989643995717E-03
2.50376913184353E-04 3.34836644517084E-04
-1.01769196733223E-03 -1.01858940899341E-03
4.18408650854997E-03 -1.34106647724429E-03
-2.56489168939288E-03 7.36386047445729E-04
-1.58074579499607E-03 -4.30527737235344E-04
6.05047789488545E-04 1.03254826762614E-03
-3.01922989317556E-03 -1.24358715020847E-03
6.33092647352973E-03 -1.51839894022374E-03
-2.08113201761321E-03 5.19786724054758E-03
-2.91165573640708E-03 -1.67206578851614E-03
5.55973511931176E-04 7.01404387041459E-04
-3.66300469093357E-03 -2.28322575390155E-03
4.61222095477589E-03 -1.73451750539401E-04
2.71975974067419E-05 3.55132361884469E-03
-3.47312234409484E-03 -2.36083901534739E-03
2.38627003608815E-03 -1.81263155377239E-03
1.20262641836714E-03 3.56638574615703E-04
-7.48469281311194E-04 1.69358696934785E-03
6.2576012439155E-04 -1.53814306534437E-03
-1.1404003978961E-03 -9.00524927064733E-04
2.69834983905408E-03 -1.45017001361223E-05
-1.27481140288717E-03 8.84689084480481E-04
-2.16361243509992E-03 -8.66601449278334E-04
2.7146913552124E-03 -4.75444575419904E-04
-1.68464801284068E-03 -4.69306418316239E-04
4.27206448787515E-04 -2.57144778705594E-04
2.23447078400133E-05 1.30868290838911E-03
-2.62418987091255E-04 -5.53833657153347E-04
-5.3115518504483E-04 -1.01196519062756E-03
4.77144549370348E-05 -1.33243461775452E-03
1.92169252118712E-03 1.31327414980753E-03
-3.08871573300847E-03 1.60449317482972E-03
3.50162910081753E-04 -2.39498203999205E-03
-1.07827565882543E-03 2.30874407406282E-03
-1.88352381532379E-03 -2.32057192357739E-03
4.99680725397328E-03 -5.11708464779243E-04
7.55635848327192E-04 3.66207029753684E-03
-2.10680447824359E-03 -3.12456187478484E-04
-1.16707180828102E-03 -1.10553242609812E-03
9.115447199197E-04 -4.34730672981821E-04
8.117723487477E-05 1.12120966046596E-03
1.12024325239984E-03 1.60846586407469E-03
-1.47242340871621E-03 9.22074085845248E-04
1.29318617917299E-03 -1.21936182987784E-03
2.00333433925677E-03 5.18186364978561E-04
1.28449557801423E-03 1.22477510119724E-03
-6.11359056782842E-04 -1.43536134986684E-03
9.60134600715115E-04 1.25809587797572E-03
-1.36773955040987E-03 2.25492675971626E-03
2.90564022896488E-03 -3.18108068576618E-03
3.4704502713691E-06 4.19958075777736E-03
-3.78151687611771E-03 -3.35599419105325E-03
4.51307373072178E-03 -1.09647841477943E-03
-3.61514559594377E-03 5.79323292087238E-03
-2.27628023729921E-03 -4.45566395057599E-03
5.07376663443207E-03 1.06796087872211E-03
-4.26837205737558E-03 2.80584990857701E-03
3.25413619028372E-03 -4.97840778166273E-03
-3.03381623516861E-04 5.04422682901255E-03
-3.78225111250345E-03 -3.41913373634093E-03
2.75342928175548E-03 7.59553973822795E-04
