3.49905474587711E-05 -5.64308495274024E-05
-1.04654140689851E-05 1.98900214250502E-05
1.55523120742179E-06 1.44344300918202E-05
-7.58991455666341E-07 -2.29026740822579E-06
-8.93525200455079E-06 4.74950988639649E-06
-5.23496671513346E-06 -6.33905089917146E-06
5.54227067429114E-06 -9.78955429310823E-08
-2.71429296412136E-06 -1.08934992167935E-05
4.49795872899738E-06 -1.08122514598907E-05
-2.84787429294748E-06 3.32222129569037E-05
4.78086597525277E-05 -3.98912667196347E-07
-1.8236906522963E-06 -5.8491658215789E-05
-2.4197139043672E-05 2.94115510706308E-05
-2.63501152416998E-05 4.67666222548379E-07
1.37674760423034E-04 1.33311649077878E-04
4.55010273328262E-04 1.23853882477898E-04
-8.83577404848839E-04 -7.57719126449495E-04
3.45526899772619E-04 -5.40456258303772E-05
8.50670638737998E-04 7.38354777995623E-05
-1.40041149818298E-03 -1.06846930918241E-03
-1.15070946074851E-03 4.85843270654331E-04
7.29723364045271E-03 -4.75317457358097E-03
-1.42784000118643E-03 2.74130086784871E-03
-0.004605564764732 2.3950360043564E-04
4.46338211517989E-03 -1.72457433630514E-03
2.79567914920171E-03 9.23496601402366E-03
-3.76211396429739E-04 3.87733442168341E-03
5.56121089911071E-03 -8.81382632401758E-03
-5.84275820593937E-03 7.37603834482361E-03
-4.02693936819438E-04 -4.26525107987591E-03
1.45431050457832E-02 6.86136904817498E-04
-1.07202112342002E-02 7.30763559183396E-03
-2.53659358612777E-03 -6.59444276976659E-03
8.89284389329137E-03 5.21948434521882E-03
-9.68531244039903E-03 5.17046392491167E-04
3.46927659335863E-03 -2.52580886848447E-03
-4.40811045548155E-03 6.34485059681148E-03
-9.33327838707683E-03 5.20265012609667E-04
9.64097390651385E-04 -3.99052896714239E-04
3.53400677813906E-03 -8.93815179727865E-04
2.49184264443512E-03 4.63574060381567E-03
-8.48626174850031E-04 -7.84827092101345E-03
9.14815442991817E-04 9.69068279138409E-03
-6.43270200217637E-03 8.38097122746123E-03
1.77507554618765E-03 -5.04066611657566E-03
9.7203300356053E-04 -1.40460215887095E-03
-8.57668515006376E-04 -5.07963737290765E-03
1.44269344828688E-02 2.1801814795106E-04
-0.010680989139141 1.04171016491254E-02
-2.37515861774573E-03 -1.00038227451884E-02
4.17939749323187E-03 8.20755055196803E-03
-5.04400349181514E-03 -3.60878533825847E-04
6.7103840809853E-03 1.24806188209852E-03
-3.05477944899476E-03 -8.68763888859399E-05
2.04300175654384E-03 -8.28083229478033E-03
4.07251626078168E-03 -2.14422352938125E-03
-3.42389400650102E-03 3.70638361705518E-03
-2.89107011672278E-03 5.3551686737978E-03
6.38685987360379E-03 -5.76232440083538E-06
7.51375277380074E-04 8.19717185663539E-04
-2.12535918477759E-03 -9.26088706212081E-03
-1.10133449149029E-03 2.1141741846867E-03
-0.012547640526522 3.91386382080752E-03
1.53279982756731E-03 9.37837843763427E-04
4.52893048572672E-04 8.24746781302597E-03
9.99212211246202E-04 -7.08106257500365E-03
5.54876516413553E-03 3.44663897111571E-03
-8.1375608810941E-03 2.28663012358867E-03
-4.73182682940472E-03 -8.10071921249252E-03
-4.88461228516654E-03 2.77872098844071E-03
2.48179719674097E-03 -3.1975684985674E-03
3.96862892971261E-03 6.98167834872605E-03
-2.33845508831046E-03 5.2274614106332E-03
-5.68711507373562E-03 -6.14212014007479E-03
2.19092519812237E-03 -4.03755421594917E-03
3.37383300252398E-03 2.32894049804285E-03
-7.87279663800923E-03 5.1029252871739E-03
-5.25459764021824E-04 4.37528916605917E-03
1.87897311550855E-03 -4.00461148336292E-03
4.34330038750295E-03 -6.22907959444753E-03
5.31415422338615E-03 3.41674256585245E-04
-3.3802952402906E-03 4.74700524794956E-03
-5.04937701994757E-03 -3.50144849519968E-03
3.7337767375788E-03 -1.53396158842137E-03
5.53224062446892E-04 -4.53026676266149E-04
4.84245696852057E-03 -7.02652318181766E-03
1.22344482855041E-03 1.33836037878154E-03
-3.49598538534186E-03 5.21017548902317E-04
7.25376637833357E-04 -2.99752769209292E-03
-3.86317454698667E-04 7.95260705673364E-03
-1.36145693084527E-03 -5.89526437163164E-04
6.75283958541883E-03 2.54395814973066E-03
-6.58687266494773E-03 9.55170381993451E-04
8.89060858619592E-04 -6.83983415216135E-03
4.7953556929947E-03 5.9329925490151E-03
-1.8280646027695E-03 2.25590976124802E-03
4.15829705840361E-03 4.56884350860319E-04
-3.34393744820674E-03 3.0190518593887E-03
3.42154847286509E-03 -6.25602444507351E-03
1.90421868677154E-03 2.47722894509518E-03
-3.78612447031801E-03 3.49702487013393E-03
-3.1571124421463E-04 3.16097186987892E-03
-3.59984313235523E-03 8.42779913848712E-04
6.16501180597983E-03 -5.30747834274161E-03
3.27532401280426E-03 9.4003697065028E-03
-4.09986013536456E-03 -6.8861414975366E-04
-1.00618493179168E-03 8.21574358134319E-05
-2.40410920775343E-03 -5.02726695945897E-04
5.41113477374322E-03 -4.19286571886177E-03
1.18663416874605E-03 3.62314508600135E-03
-1.76707128291023E-04 -3.34830595457135E-03
8.43732477001526E-04 2.89535538902503E-04
-4.53431780513641E-03 -1.16063596023129E-03
3.65161262938884E-03 -2.53207774816452E-03
8.34417301280823E-04 3.72440104534173E-03
-2.4444329303826E-03 -4.32771764231158E-03
2.05885689921621E-03 5.09419903844141E-03
-4.79929083624787E-03 -1.66124390784902E-03
5.09571968160217E-03 -2.73430608914094E-03
4.54400733445286E-04 6.68371986206819E-03
-3.01776921064575E-03 -6.80335413825268E-03
2.19328440358447E-03 3.36324023550192E-03
-2.7790995852904E-03 -3.79592003542034E-03
5.91199742390438E-03 1.83180702209458E-05
-1.99648222424572E-03 3.17727347303356E-03
-4.44503039561701E-04 -3.58172104050776E-03
-6.97696564318192E-04 3.36926589771596E-03
2.03376667732868E-03 -1.24849788629952E-03
2.76285246733901E-03 6.80122479722759E-03
-8.70709617711736E-03 4.6367580959956E-04
2.88938978587134E-03 -8.49300224797091E-03
3.34214938243028E-03 4.4877929315754E-03
-2.67000142861399E-03 -3.74367013701947E-03
8.21076641428201E-03 6.53402558543516E-03
-7.90797325536929E-03 3.55814739626467E-03
4.04937449942843E-03 -8.9992669838776E-03
1.83436556879771E-03 4.53814366225347E-03
-4.64743982664107E-03 -4.90659636725803E-03
4.20123388226817E-03 2.02700542588392E-03
-1.20917591082487E-03 3.79884155717646E-03
1.86069508034227E-03 -2.13732739949917E-03
5.16837481791071E-04 3.63890015984733E-04
-8.38823168244942E-04 -1.55473755234065E-03
-8.77346862887093E-04 -9.87073075625003E-04
-1.83466122509956E-03 2.88055629460408E-03
1.66035910149959E-03 1.55042259690516E-03
-3.07505436406697E-03 -1.19474591542193E-03
4.20581795486023E-03 -9.6186856747994E-04
-6.93019690162142E-04 2.80276571407692E-03
-2.86672082136627E-03 -1.69774315525461E-03
3.06369656002813E-03 2.36844017837572E-03
-4.79975631531429E-03 2.16708916192038E-06
1.79709761860522E-03 -2.27318299401003E-03
-3.35214381995677E-04 3.7554169970335E-04
7.78994423990117E-04 -2.47548188483347E-03
2.21713168604958E-03 5.50641230418325E-04
1.18216089603168E-03 6.54964988209664E-04
-7.72521721449091E-04 1.22793907680272E-03
-1.1186972814716E-03 -1.64888748597965E-03
-1.05138621805691E-04 -2.43128459305558E-03
2.93787775739773E-03 2.69754661045054E-03
-4.24056009879317E-04 3.31965913587045E-06
1.53210833696196E-04 5.74024595997189E-04
-9.37567504704402E-04 -5.77947228961744E-04
1.94849889311866E-03 -1.2621689049111E-03
1.32561024696284E-03 3.60731848949164E-03
-1.87287830468061E-03 -8.33330621604415E-04
2.17428727399515E-03 7.99949459296197E-04
-7.05811046429043E-04 -5.86045521234134E-04
6.09534038486897E-04 -1.7955009529524E-03
1.1600394079014E-03 3.48550676837697E-03
-3.78871563593588E-03 -1.87092716360583E-03
3.33176163878935E-03 -1.48866462944439E-04
-1.96116692045268E-03 3.24809135633277E-03
-1.08598097689292E-03 -3.56691004841424E-03
4.30830037032009E-03 1.88767370332747E-03
-5.03710283547367E-03 1.98174729853564E-03
2.1763013190962E-03 -1.89566146752103E-03
2.0763494128367E-03 2.9928363221005E-03
-3.35719485173525E-03 -1.59397022285012E-03
2.8451887072269E-03 -1.94188193302935E-03
1.8697019105223E-04 3.34802996344842E-03
-2.44554917997235E-03 -2.22268633067436E-03
0.003842150140922 -7.00538921681516E-04
-1.06449568305882E-04 2.40923246502471E-03
-2.55398875404763E-03 -1.97534169717107E-03
2.91857359824932E-04 -5.09161936976063E-04
5.36314378620321E-04 7.83495372426654E-05
1.15020516804914E-03 1.85432411411378E-03
5.62473482358537E-04 1.58739011817262E-03
-2.2106902466692E-03 -3.80193560471402E-04
7.49139436564933E-04 -1.72303680150703E-03
4.98147146789435E-04 1.11673364874885E-03
-2.89183928859818E-03 1.28057448131388E-04
2.06469242413705E-03 -1.68945695070414E-03
6.89397868438106E-04 4.65990326228456E-03
-4.73110508781111E-03 -2.81082725070187E-03
3.59246872359449E-03 -1.43882165633571E-03
-1.74782967358748E-03 3.32976931336976E-03
-1.48476006004679E-03 -1.75274266748362E-03
2.36211878300852E-03 1.6234851784207E-03
