3.25622959803621E-05 -5.18442995442728E-05
-6.692312386968E-06 2.36548319974327E-05
-6.28835134544258E-07 1.69777927776235E-05
3.34085323832756E-06 -3.77434529950918E-06
-8.216710000424E-06 -4.23188413821614E-07
-2.71919411961767E-06 -1.12109304856381E-05
8.50246917943214E-06 -2.76267748704049E-06
-6.12058797366955E-06 -1.18915316872225E-05
8.7521824552558E-06 -1.0180536076785E-05
1.0601865868186E-06 3.44705364217681E-05
5.31612640691952E-05 -1.16354097120616E-06
-6.42033914071452E-06 -4.25640638502134E-05
-1.90998674864427E-05 2.64450406830305E-05
-3.89258776065314E-05 -1.29732289214566E-05
1.26361091825335E-04 2.11253430130937E-04
4.52264152065397E-04 6.75117835197201E-05
-6.54530611865842E-04 -6.81864208886761E-04
-1.47277477162985E-04 -7.50678948059811E-05
1.22890950141485E-03 -1.17318262837467E-04
-5.27705775623724E-04 3.0403998260536E-04
-1.99643077151412E-03 -1.27653874860174E-03
6.47038633104326E-03 -2.67544124185304E-03
1.50179306847771E-04 2.56867557412642E-03
-6.89396839690438E-03 -5.40772883867996E-03
8.22923066184389E-04 4.10074223215805E-03
6.60426189016782E-03 9.69352138216169E-03
-4.46321214982568E-03 -3.66632384701763E-03
3.56451618291503E-03 -8.5918316118257E-03
-8.34204150920317E-04 1.25609514486645E-02
1.17519017793403E-03 -1.09049807634312E-02
1.47639981605835E-02 6.71503523073927E-04
-1.05153770913835E-02 1.05744458838145E-02
-5.00620281177253E-03 -1.08429965581031E-02
1.11575439955747E-02 -2.86201981647553E-04
-1.11379949658067E-02 1.64138536219776E-03
4.62494201375905E-03 -5.00074848984583E-03
-2.47631963720859E-03 7.31462091189991E-03
-9.08365784848996E-03 -2.39169380435464E-03
2.23836907668246E-03 -1.81320730476139E-03
2.03870990542164E-03 -1.34312156802616E-03
1.3473712091489E-03 3.08232066078292E-03
-1.00491037337943E-04 9.08038878518292E-04
-1.48181495008235E-03 7.2455385538253E-03
-8.36622976508035E-03 0.006041921313514
-5.91376856537294E-04 -0.004111336704661
2.4040015904027E-03 5.85823330006593E-03
-8.55900504553033E-04 -4.91858621075564E-03
1.14700427335664E-02 -1.37452955806341E-03
-8.04571238581481E-03 9.87616543629907E-03
7.83772070262332E-04 -5.70862972431062E-03
4.97125525398153E-03 1.06529318107436E-02
-5.4348483598677E-03 -2.45090631866511E-03
8.57153334085967E-03 3.47907050028453E-03
-4.16877665013639E-03 4.78089660636916E-03
2.6012202685322E-03 -9.96738351396806E-03
6.41184381917455E-03 -8.44236208526328E-04
-4.08122649578059E-03 6.5537609288811E-03
-4.51987741937562E-03 7.24397847805499E-03
5.66047513894729E-03 1.35540607871777E-03
3.04437043692532E-03 -1.6912497067241E-03
-1.52917999837556E-03 -6.10745005445199E-03
-1.55362573599147E-04 5.80503618822523E-03
-1.38754120742984E-02 2.91716382161368E-03
2.38290144082783E-03 -8.41214642038738E-04
-8.29776069038366E-04 8.70302588854145E-03
1.50679139860799E-03 -6.55436200645327E-03
5.88979012261237E-03 5.63643352332732E-03
-1.18128602310851E-02 -2.53549664490541E-04
-1.60677961373072E-03 -1.19767846155582E-02
-2.29305507358831E-03 5.45377910348105E-03
-6.13164080458228E-05 -3.82212654064032E-04
4.92205704896785E-03 7.99813044010489E-03
-5.01895643980636E-03 1.8905077039457E-03
-1.44493547648876E-03 -0.01052100135374
1.68538413082168E-03 2.69565227299727E-04
-1.35573718225589E-03 -3.62947535378813E-05
-7.39805795500667E-04 6.42820413127871E-03
-5.58132170597781E-03 4.05626105668988E-03
6.44124587826651E-03 -8.83952836764487E-03
5.72160747112069E-03 8.00784231837977E-04
-2.00584742938747E-03 2.79120610533518E-03
-1.47643900325574E-03 2.55601303368951E-05
-3.26849093923112E-03 7.15912724908619E-04
3.66630379030444E-03 1.15098586039282E-03
5.49118716456364E-04 1.21774510372924E-03
4.94615792430247E-04 -3.06337070402438E-03
-6.38968766946167E-03 -3.01915210511393E-04
-2.90452651227964E-03 -9.6584618286333E-04
2.29908301186773E-03 -2.01821001953641E-03
-3.08248431806156E-04 5.0087572690398E-03
-2.01608337711504E-03 -6.95124319336367E-04
2.92403880641178E-03 4.18598406626437E-03
-6.56087442647666E-03 -1.11564377374426E-03
1.96682459307748E-03 -5.68037559100158E-03
1.9936102753788E-03 6.39874395326685E-03
5.26557039001417E-04 3.63952925857406E-04
-1.16024977880539E-03 8.08764678966297E-04
-2.94997060249286E-03 -2.27478334674625E-03
6.6712863045447E-03 -1.44750349841518E-03
5.45398154200548E-04 5.94202980742221E-03
-1.95634431240801E-03 -3.53646588233589E-03
1.57080242775439E-03 2.63716476143441E-03
-1.40239055947838E-03 -3.16325453915706E-03
4.18901129651719E-03 -5.90941073287618E-03
2.96922959773536E-03 6.5519233317394E-03
-1.73497150608705E-03 -1.66336928421468E-03
-2.92044620573181E-03 7.57737261866896E-04
-4.18618821135646E-03 -3.97322683910388E-03
4.26269955123037E-03 1.59864077968945E-03
5.28671421320765E-04 5.46162835884954E-03
-3.60225238247023E-03 -6.32854245347572E-03
3.79376343449206E-03 3.97450686301416E-03
-3.79591949268685E-03 -1.88021712115463E-03
1.78378773419252E-03 -2.40517054785509E-03
-1.25659043997038E-03 4.96000449736042E-03
-3.4184540999661E-03 -6.04342713564905E-03
3.5423039366227E-03 3.53038578831655E-03
-4.91650163867964E-03 -1.25428198446942E-03
4.90649952618622E-03 -9.21483256875811E-04
-1.05421641025436E-03 6.67156577321996E-03
-4.62787011310048E-03 -7.3190294812605E-03
3.58002081274027E-03 2.54985021048083E-03
-1.08368482682712E-03 -3.96607925912424E-04
1.55465355667866E-03 -1.73797169190006E-03
-1.06722212903305E-04 3.74461776394266E-03
-2.85232033110083E-03 -4.01255116876098E-03
4.15107020030495E-03 1.26717786626223E-03
2.88315064335487E-03 -1.46700691963866E-03
2.59031386207751E-03 5.89198328847379E-03
-5.49998005307114E-03 6.29815986741238E-05
1.0455081437054E-03 -6.30772709669549E-03
-6.13453310210256E-04 3.58779419727207E-03
1.69728703508197E-03 -4.88485258918788E-03
5.68005151690116E-03 7.2540665354763E-03
-6.35478497667209E-03 -7.16334737266891E-04
4.79833537670256E-03 -5.18659364614944E-03
-1.43285719967762E-03 6.77157632379216E-03
-5.00509804044782E-03 -5.40315775490751E-03
3.48671495322814E-03 1.27662614394387E-04
-5.94180976297135E-04 2.76626236348388E-03
2.6980228956013E-03 -2.98830700110337E-03
-3.18806834525626E-04 4.41853194311754E-03
-1.21316713522652E-03 -4.0508895985125E-03
3.02810878371989E-03 -3.47190748697666E-04
-3.32790820534123E-03 3.18395476422173E-03
2.08717678034272E-03 1.57547446426303E-03
-1.60687506391461E-03 2.05865229884902E-03
1.9551370576689E-03 -2.45322487740293E-03
-2.9175513345647E-03 4.96217111282551E-04
5.10908865454801E-04 -4.06023121458941E-03
4.89033362442432E-03 3.13130278531831E-03
-6.38469308464077E-03 5.16576710048683E-04
1.56606905121806E-03 -3.09625918818157E-03
-1.21556262478948E-03 4.48753831686277E-03
-3.98646292035513E-03 -5.70597733587304E-03
6.63031406768638E-03 -2.39486676911478E-03
-6.11675673240151E-04 6.39101638427755E-03
-2.78030644973655E-03 -3.45499146254211E-03
1.42652617984044E-04 9.0740603295176E-04
1.51909499559492E-03 4.13228135654804E-04
1.00544717414163E-03 6.18878546369686E-04
-1.2000536217086E-03 -1.93326039249687E-04
1.25827360300536E-03 -9.11445435275777E-04
1.23161888347489E-03 4.66644811893646E-04
1.97225881600858E-03 2.02361991861811E-03
-3.98843236808746E-03 7.43912944356687E-04
1.54927391279262E-03 -2.58660735350512E-03
2.48872031299772E-03 5.9172887834868E-05
-2.8256158553795E-03 -6.5505394780958E-04
2.05249962954905E-03 4.47975454057743E-04
-3.64818730180055E-03 3.32248115360113E-03
-1.29643343237222E-03 -5.0049659471566E-03
4.94358045344452E-03 1.80789811950796E-03
-3.60273571035496E-03 4.45712362276421E-03
1.13315599999131E-03 -5.85791173112116E-03
1.03322382393706E-03 2.33025967154073E-03
-3.98495894964965E-03 -3.7026182352965E-04
3.6387005613584E-03 -4.40515082701211E-03
1.5950344717216E-03 4.7847299237251E-03
-2.22350160381266E-03 -2.12246533350773E-03
1.79767545388442E-03 -1.07107918960687E-03
-2.93450627666914E-03 2.55543493032588E-03
-1.21998478211978E-03 -5.21958766191979E-03
4.05831275752526E-03 3.71828675768551E-03
-2.5729536837532E-03 3.25577476364689E-04
-1.32481205699162E-03 -3.41024192304429E-03
1.66213510008145E-03 1.66994155271398E-03
-1.39923488974841E-03 -4.47879034753821E-04
3.82782320591503E-04 -2.42515398913438E-03
2.56304761356998E-03 1.81639766894323E-03
-3.3254449326611E-03 8.7637257754015E-04
5.39110452255113E-04 -1.87865861127254E-03
2.8607703894161E-03 2.01777990835575E-03
-4.91093176080878E-03 2.53690320813542E-03
6.88843665002563E-04 -4.18783032778561E-03
3.94067133987462E-03 8.85349683455302E-04
5.7680029808855E-04 -7.08890273684091E-04
1.22772565498101E-03 1.9956069400799E-03
-3.03074497099689E-03 2.36614584616658E-03
-8.95309843183173E-04 -2.59681095005991E-03
2.37648790259392E-03 1.26691925103367E-03
