3.23391102236181E-05 -5.54420301631066E-05
-7.14512463557519E-06 2.41137084942703E-05
-7.91622444960835E-07 1.64222023763834E-05
8.87321184737368E-07 -2.38253223635301E-06
-8.64366315438578E-06 3.05148174857852E-06
-3.81324928411069E-06 -4.36727120919551E-06
3.84282395715715E-06 -1.29318423356371E-06
-4.43628034212377E-06 -1.24051918391764E-05
9.90334419989941E-06 -1.05943535693721E-05
2.54289859857419E-07 3.85134364041227E-05
5.30772126230188E-05 -3.5913550367356E-06
-3.76408719210656E-06 -3.80007231351144E-05
-2.18130661409518E-05 2.02370222251208E-05
-2.73074681918376E-05 -2.76199231002174E-05
1.26788898872522E-04 2.86129535801177E-04
4.05331857289397E-04 -5.00089416593188E-05
-4.25849167930876E-04 -4.60987759532126E-04
-6.07304850407067E-04 -3.05648967289999E-04
2.21697917418159E-03 5.78300170365304E-04
-7.25986099487233E-04 -3.30694122861907E-04
-3.15590013776135E-03 -6.40981316772152E-05
8.07784914338622E-03 -9.7849348364279E-04
-8.74018990117584E-04 -4.18767337083409E-03
-8.06816411211955E-03 -5.29790976830892E-03
0.002008720954795 5.84548040325866E-03
6.59095675506684E-03 3.59830305480955E-03
-1.02941021248858E-02 -7.14873689663508E-03
9.94388136575238E-03 -2.15090801386116E-03
-3.00675387119458E-04 4.68676476061663E-03
-3.39021998174253E-03 -9.99519016681454E-03
1.55731532667592E-02 7.11727640134291E-03
-1.06594101017219E-02 8.00566886391688E-03
-6.33479321619364E-03 -1.50583781279254E-02
9.30587412170544E-03 4.09663179582613E-03
-8.66189447191561E-03 -1.39297445716238E-04
1.09490616409996E-02 -2.90993095446619E-03
-4.56737572510905E-03 8.08643970915843E-03
-7.51336347217252E-03 -4.81187997440808E-03
5.35798224089819E-03 1.30701482159876E-03
-6.15260483518506E-04 -3.4989338641807E-03
4.10526908163479E-03 -6.22520146799495E-05
-5.52470799816668E-03 4.71775073947768E-03
-3.39799922204809E-03 1.81228497322502E-03
-6.20981420573927E-03 5.1504621855072E-03
8.79965302052449E-04 -1.21966724272614E-03
-1.84254783840223E-03 3.70461476777126E-03
-2.12519054117273E-03 -3.18459701250903E-03
6.6052537002484E-03 -2.76269240979399E-03
-4.34907604729479E-03 7.12305593845053E-03
1.00985965085359E-04 -4.87893692468739E-03
2.50668682452635E-03 1.01337828209153E-02
-5.80032141795189E-03 3.59779127579118E-04
8.38120783527667E-03 1.54709968954069E-03
-8.1018196141428E-03 2.48635166007955E-03
1.51358703325807E-03 -1.22083827167367E-02
6.5677415214099E-03 2.84190429572279E-03
-8.06709195504468E-03 7.66092847281716E-03
-5.19893558206229E-03 4.46643102265292E-03
2.82340419630356E-03 1.17456496364995E-03
4.75066531123356E-03 -3.1907266834099E-03
2.31763292847641E-03 -1.2965510190005E-03
-4.72901214170181E-03 8.29395500225042E-03
-1.15657762537971E-02 -1.34637354299403E-03
5.50100915642067E-03 -1.01952662699919E-03
1.15616501030638E-03 6.41152934153328E-03
3.97499643016606E-03 -7.28459938274954E-03
6.45124436701138E-03 5.82134047081154E-03
-1.04074931984325E-02 -3.12895383438903E-03
1.38710993768394E-03 -1.26506301302409E-02
3.19947442425277E-04 8.10839441232783E-03
-2.20192143050791E-03 -5.8579887928417E-04
5.51687210520573E-03 6.19413469758971E-03
-4.41075673407544E-03 -3.04074704751982E-04
3.04408770369829E-03 -9.72390815769089E-03
9.18779134790379E-04 5.86250581671225E-03
-7.49951782551234E-03 -1.41876130652435E-03
1.12880574432529E-04 6.58716219828473E-03
-7.06136475708715E-03 1.61945209004436E-03
7.79163704260399E-03 -1.10369600518884E-02
5.45976163661904E-03 2.25113256462801E-03
-8.42316288991139E-03 2.17171128506918E-03
-1.43650731259071E-03 -2.45041298975281E-03
-5.42245871857057E-03 -1.65099903516556E-03
3.82478906996145E-03 -8.57068192805409E-04
1.5694819155732E-03 2.74184815093409E-03
-4.16124965133128E-03 -2.92163096856938E-03
-4.42079967926718E-03 -2.25195961425021E-03
-1.70091212561912E-03 -1.15160416462127E-03
4.15079271643489E-03 7.68819099510426E-04
3.28525194462618E-03 5.11571626565167E-03
1.60175787655959E-04 2.44285060418891E-04
3.32698212582422E-03 1.42869385066396E-03
-2.15939693061791E-03 -2.21744377748792E-03
4.33024976084023E-03 -1.96698623125927E-03
-1.16246786917376E-03 4.59503951812277E-03
3.26514443609159E-03 -4.59111476650882E-04
-1.32389782366759E-03 1.7837025658909E-03
-9.18597694279528E-04 -7.57820898377014E-03
7.82638905406713E-03 1.14884560561363E-03
-3.68231848234972E-03 9.30084794943086E-03
-1.16645269635248E-03 -2.74036371119663E-03
1.24966900279297E-03 2.35924401382964E-03
7.22841747568699E-04 -4.84003441508318E-03
3.3941761973398E-03 1.02781481623445E-03
-2.04564635812893E-03 5.32150307726887E-03
-1.66310473493705E-04 -5.62699199912803E-03
2.58683362817669E-03 2.71164537439837E-03
-2.86516019832011E-03 -2.4711461368759E-03
2.37881921896559E-03 2.35927008627426E-03
-3.75269687105098E-03 4.24356537811797E-03
-1.44934894117236E-03 -9.49684683356145E-03
5.3904007879729E-03 2.90065870162614E-03
-4.64623538434454E-03 -8.0441691431262E-04
2.96184061793651E-03 -6.50082691494937E-04
-3.35795676660496E-03 2.78037613645729E-03
-3.15294286577992E-03 -3.45193151484733E-03
5.51959068078233E-03 3.29102721501762E-03
-2.50108153257581E-03 -4.7039828718454E-04
4.71317020940953E-03 -1.02732621141388E-03
-6.89446651599375E-04 4.06737546218038E-03
-3.78385867340833E-03 -3.55582246717818E-03
4.40853736972871E-03 4.5450266421776E-04
-1.64868317364579E-03 2.63637969862116E-03
3.58221558139232E-03 -2.31236838336309E-03
-1.69062367322084E-03 1.60447487972798E-03
-2.88448675503034E-03 -4.25906212576504E-03
2.69021868733341E-03 7.13206035416621E-04
-6.07307206614303E-06 -7.67643355017093E-04
1.00758980285362E-03 1.6102082661009E-03
-1.79198825407691E-03 -2.3857481151759E-03
3.60752438878888E-03 -1.76370454609883E-03
-6.47545453599946E-04 3.25468902068115E-03
-3.9933476546858E-03 -8.55870839648266E-04
1.8671582254073E-03 1.03726096128987E-03
3.10328725182741E-04 -2.90169964344258E-03
5.07378378251386E-03 -1.61609295093352E-03
-2.19905976781741E-03 5.70026488294496E-03
-3.64403165352928E-03 -4.28266565638485E-03
3.0945583781374E-03 1.18907644232336E-03
-4.79852566250893E-03 2.7319558463417E-03
4.4320323671833E-03 -2.54894336263502E-03
-4.67187991695446E-05 2.65111277205587E-03
-5.45285123141213E-03 -3.66546395867876E-03
5.58462084882578E-03 -8.82667473270866E-04
-3.68379250814917E-03 2.62237721574633E-03
2.27169919911633E-04 1.71635108661184E-03
-5.37618019301239E-04 5.69447778395953E-04
2.01418446976123E-03 -2.05437320302852E-03
-1.61371276301866E-03 1.0545924787471E-03
-3.32282627438752E-03 -2.37381304410535E-03
3.70038041008403E-03 8.22142358036543E-04
-1.83504987200108E-03 5.24879313515599E-04
3.36031734073508E-03 -3.29639999598304E-03
-1.29591989368251E-03 5.1029309808831E-03
-3.0245992173577E-03 -5.30621588036407E-03
6.24944754136883E-03 1.30734889453235E-03
-3.91453466566667E-03 2.87605910208989E-03
3.16451524957035E-03 -8.0959331864228E-03
3.55541033240897E-03 4.60339312458353E-03
-2.62130460475385E-03 2.17337192523308E-03
1.72484872744349E-04 -1.37551960138213E-03
-2.37030520125028E-03 3.61021704142427E-04
4.87419910408317E-04 -3.28629609099248E-03
3.03061236860037E-03 8.90317295910628E-04
-2.17264453692364E-03 3.60528451311482E-03
-2.79215595615298E-03 -1.63869256050957E-03
2.58564962632759E-05 -2.32353354738233E-04
-1.4924600835822E-03 8.45587469533474E-04
-8.66407332593215E-04 -2.62847216070206E-03
8.85669755497973E-04 7.13862576727403E-04
-1.8780597249631E-03 -6.21897253763732E-04
1.8541910906834E-03 -2.4652562784673E-03
2.54074461093195E-03 6.80105356694679E-03
-2.97354360258253E-03 -5.12766971603923E-04
2.22487831584209E-03 -5.64430512327177E-03
3.56067494987785E-03 2.95824126571033E-03
-4.04863006429968E-03 -3.55547607778204E-05
4.07213784430174E-03 -2.61061614505273E-03
-2.49285726997367E-03 3.91324867212483E-03
-2.26867005613631E-03 -4.52000779166251E-03
6.10481701537678E-03 7.38221748908486E-04
-3.38276205674178E-03 3.71883121237022E-03
9.40766052100002E-05 -2.75450921043784E-03
1.00047325875923E-03 3.2899911152014E-03
-2.06806935868018E-03 -4.63071770856785E-04
1.49214404305578E-03 -2.50665380157529E-03
7.68795971727921E-04 1.7978592907717E-03
-1.40469750240449E-03 3.08555018276245E-04
-4.27674744151622E-04 -2.97321336784159E-03
7.97101453275411E-04 -3.13887796660031E-04
-1.33430043621686E-04 -6.37804126838815E-04
1.13405994305272E-03 -1.64903710484931E-03
1.49409875254868E-03 3.17102502133748E-03
-4.01717374353115E-03 -1.32086597277765E-03
2.94437323674268E-03 -6.3247987865752E-04
-8.856802552559E-05 4.11720007410773E-03
-2.85935819428398E-03 -3.67410985720674E-03
4.13676102217266E-03 1.28408122664511E-03
-4.46388240885465E-03 2.1341038734004E-03
-3.46621519278484E-04 -4.00424878303471E-03
2.85105732186041E-03 4.68911811255619E-03
