3.29912460789871E-05 -5.42646006762377E-05
-3.84382993942417E-06 2.21403198999823E-05
2.92192963106212E-06 1.85599510904663E-05
-2.41913814586732E-06 -2.65054205906929E-07
-1.00953806018006E-05 -6.42958951344719E-07
-9.47114536416271E-06 -8.42752550330478E-06
6.05432012500399E-06 -2.15735716494272E-06
-2.43656959684666E-06 -1.23977643161594E-05
1.52530666137493E-05 -9.45075944113231E-06
-2.55072567301213E-06 3.99743495833839E-05
5.34158046352031E-05 4.10513484664611E-06
-7.84615048581825E-07 -3.67155946465027E-05
-3.42212543056652E-05 2.0601873219272E-05
-4.54594044728091E-06 -3.0496844486848E-05
1.22443423063043E-04 3.14851127831944E-04
3.85950222431115E-04 -2.04369304112111E-04
-5.42072839826483E-04 -1.28194066073558E-04
-6.07221072814639E-04 -8.06191306296661E-04
2.97125087762461E-03 1.31679897847524E-03
-2.23391676608532E-03 -1.38297282070673E-03
-3.1381002410386E-03 3.03676281912952E-03
8.30190843868648E-03 -1.42543903274085E-03
-3.29590161110547E-03 -1.01625406675774E-02
-6.53826544323057E-03 -2.69527692191593E-03
8.58989481317443E-03 1.42368421766278E-03
4.14858421620358E-04 -2.37385598384859E-03
-5.5257046067963E-03 4.17017302847935E-04
1.01773752460479E-02 -3.93716545492878E-03
-3.91362803991862E-03 -2.79859267842133E-03
-3.37850200354109E-03 -1.96477785423364E-03
1.45024849738503E-02 7.25214848416548E-03
-1.11618973320928E-02 2.59004889255261E-03
-4.05111982876953E-03 -8.14409883259019E-03
9.82952007110532E-03 5.24021245895493E-03
-4.97952533850863E-03 4.03693102717866E-04
4.75622174854908E-03 -1.51496230534178E-03
-3.8730303535612E-03 7.61184276823859E-03
-3.2397676187097E-03 -4.52541183388166E-03
4.34868899137653E-03 3.19202397429014E-03
-6.10186091382257E-04 -3.58377680151249E-03
9.30941701187034E-03 -2.60240221968802E-03
-7.20611869010992E-03 4.73894112785218E-03
-8.29747970936618E-03 -1.15539232805051E-03
1.14918724081604E-03 2.38552050813019E-03
-1.50928641067859E-03 3.02759172777055E-03
-9.58801240336101E-04 2.04625734010931E-03
-2.26288676975372E-03 -9.767563318179E-04
2.78715762530475E-03 -6.01907277141086E-03
-6.92461538886987E-03 -6.00132158704055E-04
4.54743630901934E-03 -3.38095601871098E-03
5.40919672925305E-03 7.03617340132325E-03
-7.87967156416304E-03 -1.17999008252367E-03
6.43348816354827E-03 -3.9695096990486E-03
-3.91962555713318E-03 -6.15006599696915E-04
3.06531659432683E-03 -1.27944128579372E-02
4.0878431279653E-03 7.38158124234092E-04
-1.03378871686665E-02 3.45659957374406E-03
-2.94081571679085E-03 4.83444522590245E-03
3.03904894832735E-03 1.02792333932171E-03
6.93825843372647E-03 -5.04141163801103E-03
4.45220291435975E-04 -7.70126113657487E-04
-7.88585505682155E-03 5.31219933856246E-03
-4.2176201429525E-03 5.63869675904117E-04
7.54705339632083E-03 1.23589933754944E-03
1.78296832282917E-03 4.18134016177815E-03
4.99935469536962E-03 -6.98996790546062E-03
7.9903774929004E-03 4.52716304672631E-03
-9.93666399913712E-03 -1.81509156119089E-03
2.1736426304619E-03 -9.88488726642304E-03
8.09342273919073E-04 9.26195998458573E-03
-2.32721180300673E-03 -4.12821824736926E-04
5.2672087037443E-03 6.0373185363552E-03
-4.04943741234186E-03 -1.06628188770263E-03
4.57654810780709E-03 -8.17705254208278E-03
6.93780460163303E-04 7.37598390823759E-03
-8.61877764694263E-03 -4.05397340963976E-03
-1.00429787446063E-03 3.76048486934236E-03
-3.2235789794354E-03 -1.26143058042084E-03
9.4325797648325E-03 -6.22655329670186E-03
3.20481414183202E-03 6.18291800060776E-03
-8.41504755944477E-03 -2.50673882719463E-03
1.20959232231964E-03 -8.97682580744278E-04
-3.45288099897732E-03 -1.82632556466489E-03
4.22504544507262E-03 -1.5881016505946E-03
3.64095802089135E-03 7.21795482455245E-03
-6.91135076414914E-03 -2.47110122961587E-03
6.96281701801569E-04 3.30150570353749E-04
-2.11922880887147E-03 -7.98555720213158E-04
2.67243269680283E-03 -2.54184440069663E-04
3.03653094535462E-03 5.94997357443101E-03
-6.64045637837213E-04 -1.2725687643856E-03
4.68789505655315E-03 7.1311960978646E-04
-6.78277028415529E-04 -1.47818403792356E-03
2.71419805339783E-03 1.8817711177633E-03
-3.68063010487691E-03 2.58179400190865E-03
4.47588538797545E-04 -3.30864543400213E-03
-4.08641037449678E-04 2.95828226154972E-03
-2.03501529025672E-03 -4.46763339219544E-03
8.16044482477511E-03 -1.19649970701471E-03
-6.50836852517451E-03 4.76171858897094E-03
-2.56805945913015E-03 -4.39935141217867E-03
1.65610874534754E-03 6.82003912680436E-04
1.45810979813197E-03 -6.16311872705597E-03
3.53583198566975E-03 4.32868119652933E-03
-7.50773588192307E-03 9.60409720028264E-04
-1.28725258930923E-03 -9.27997471833785E-03
4.13617273085662E-03 3.38383528554081E-03
-3.20294439068377E-03 -7.28037981654688E-05
5.18305784117659E-03 5.49056831103389E-03
-8.14805429246488E-03 2.22215559817311E-03
2.70812976459732E-04 -5.47231178157243E-03
6.06559444753411E-03 3.96067893702751E-03
-3.47386490800037E-03 -6.63212798079382E-04
-7.9067448731338E-04 2.97981351659874E-03
-1.70123351940514E-03 -5.96325120743916E-04
5.76498508886573E-04 -1.30493519102688E-03
1.35558607101991E-03 2.8607730742756E-03
-3.84765079487039E-03 -1.50269399270159E-03
3.85980430707439E-03 -3.08995225311864E-03
-4.05180659267931E-03 -6.25737041886025E-04
-6.82044366773456E-04 -2.11476207710824E-03
2.97541907069954E-03 1.20799116490327E-03
-2.59907706435934E-03 -3.39362819467971E-05
1.91061374850221E-03 6.30507840602652E-05
-1.30852081233701E-03 1.75236613290443E-03
5.74409506341175E-04 -1.56131051928066E-03
3.84563288212412E-04 2.71690083717682E-04
-1.34254080238125E-03 1.02092474079074E-03
5.94379434191163E-04 -4.97923457658348E-04
-1.50332459249631E-04 -2.29183553443805E-03
2.31962573330082E-03 -3.19124235508479E-03
2.07143407310693E-03 3.02068511887123E-03
-3.72191637563552E-03 1.28703774145335E-03
4.32496051856146E-04 -2.07686838705924E-03
-2.0346013058946E-03 -2.24746699735122E-03
3.57588306901849E-03 -2.26820975168053E-03
-7.18710156731043E-04 2.7509057585097E-03
-2.72153230819161E-03 -9.89770876691775E-04
2.22289423670675E-03 1.05199904587617E-03
-1.72726121766612E-03 2.61717550964886E-03
1.98789373392106E-04 -6.63224740828468E-04
5.30334560853353E-04 2.9510307122804E-03
-3.88354188736236E-03 -2.04920660619417E-03
5.63318432455621E-03 -5.72717412615294E-05
-1.41802815175474E-03 2.4966944118958E-03
-1.29293601773027E-03 -5.50877937882148E-05
2.67863728515302E-03 1.22118199195463E-03
7.34437055928402E-04 -2.06919389750768E-03
-3.77898545001421E-04 1.39220954926881E-03
-2.09391047618663E-03 -2.02941771998225E-03
9.44536299426786E-05 5.40345260253687E-04
-2.47342469842707E-03 -4.18317186209911E-03
3.77281419843333E-03 -1.41024419351659E-03
-1.00745736058858E-03 3.99424040462945E-03
-1.05256724699307E-03 -3.80507580965825E-03
5.64632754209359E-03 5.17048154272547E-03
-5.12219295665369E-03 1.19849037813496E-03
3.61109926350068E-03 -5.61611908517326E-03
6.08206559538741E-04 4.87439346036462E-03
-4.06001933066594E-03 -1.33710520306253E-03
2.75614928674847E-03 3.14068396764675E-04
-2.8475192115182E-03 1.47677283745021E-03
4.48571235434954E-04 -2.1377247054076E-03
2.10079416120628E-03 1.86240841459501E-03
-5.71189428392883E-03 1.54569656977435E-03
1.02847593461427E-03 -2.41733091871972E-03
4.84821093360473E-04 3.62415473047298E-03
-2.91669400226954E-03 -8.45246506163067E-04
2.99495265606205E-03 5.37620357612741E-04
-2.5826510025093E-03 -1.30031887801059E-04
4.4627240628907E-04 -3.05226844619237E-03
3.47096381388349E-03 7.10192941387213E-04
-1.74479115168972E-03 4.17796638332528E-03
-4.85274599633459E-04 -1.02665377972283E-03
7.87189162092194E-04 -4.69498641746742E-03
1.90739389663421E-03 6.69477198476082E-04
-2.96609400486615E-03 -4.88259455698465E-04
2.54078979470857E-03 1.90289129524136E-05
-1.57145990872236E-03 3.24613609946637E-04
-1.03730723424818E-04 -2.07181456063349E-03
4.74916375352954E-03 1.32538202043819E-03
-5.55167013639486E-03 2.11920756515328E-03
7.4231827611769E-04 -4.45775488083678E-03
2.30461901618364E-03 4.00315907575263E-03
-2.10581877068789E-03 -5.84322194255169E-04
2.31308612919159E-03 -3.04312986368454E-03
-2.61693952279921E-03 3.5840735590401E-03
-1.67776352940014E-03 -2.80083280485915E-03
2.08609292378807E-03 -1.88537202101893E-03
-1.56848432225046E-03 4.49006254374996E-03
-2.13422802877101E-03 -2.44236413303375E-03
1.51877786303745E-03 6.35414613843999E-04
-9.28624147880846E-04 2.77535012633803E-03
3.95468220896941E-04 -1.85331423539777E-03
2.54559118273165E-03 1.37645451844094E-03
-1.14887905223731E-03 1.54274887116954E-03
-8.03443382166289E-04 -1.42046021890244E-03
2.82184808857718E-03 -8.23256178521907E-04
-2.67017584824447E-03 6.8119564129267E-04
3.48590928096587E-03 -3.86682144013598E-03
7.8591583628725E-04 6.08261117836049E-03
