3.67644136129816E-05 -5.43497430001975E-05
-8.70387667409301E-06 2.35831287106487E-05
-2.01382800216719E-06 1.48652477698245E-05
-2.45749528639223E-06 -7.39329798998337E-07
-5.77555102110821E-06 1.36203104359618E-06
-6.17601974356582E-06 -1.90533030012592E-06
9.23910454216316E-06 -7.61113555244467E-07
-2.34947865652901E-06 -1.07097557588271E-05
1.25186254202194E-05 -5.42483943013152E-06
-3.27127830288466E-07 4.08106290513061E-05
5.12794247892808E-05 -7.87681657677121E-06
-1.82883066880045E-06 -3.9242302251954E-05
-3.94979903702026E-05 2.96097711806931E-05
1.7754263936255E-05 -1.83989292613629E-05
8.68508994269921E-05 2.98199721251866E-04
4.10736039225381E-04 -2.84612460635356E-04
-8.9709665745035E-04 3.7553943413015E-05
-4.51828331787707E-06 -1.20766856820653E-03
2.4721215575569E-03 1.69797794416046E-03
-3.12879896148814E-03 -1.46083717092862E-03
-3.0694357009111E-03 5.94777770917398E-03
6.46277762009284E-03 -4.13017824366592E-03
-4.93013354672752E-03 -1.18997593399352E-02
-3.49347749158144E-05 -1.01396332053829E-03
9.95561665849273E-03 -4.08710418360874E-03
-1.61506273578258E-03 9.80518651257429E-04
1.61811875830654E-03 3.57511523330411E-03
1.80102503171396E-03 -1.09646084523118E-02
-3.5203525647657E-03 2.60600236267421E-04
1.2592873292111E-03 1.93198547699372E-04
1.08319402676629E-02 -8.57521399220514E-04
-8.07936949437854E-03 3.57734801336437E-03
-4.79210495433603E-03 -4.07190158061964E-03
1.41018110482336E-02 5.61117156446794E-03
-1.03318174290998E-02 2.80272539282079E-03
3.6896193521059E-03 -6.91116157787003E-03
-4.60822399488689E-03 1.13458293012476E-02
-4.02623015171698E-03 -3.13807089679306E-03
6.98861314232164E-03 2.54879032285619E-03
2.38235432674389E-04 -2.09799887967835E-03
1.21746478337841E-02 -5.10198364712841E-03
-5.45056837478563E-03 1.02992779256484E-02
-8.69147676186356E-03 -7.19738320527441E-03
2.94329493288284E-03 2.90288041726486E-04
-1.09697877948041E-03 6.82973297427782E-03
1.36270875545267E-03 2.62570694813727E-03
-1.0622091188902E-03 -1.09042528810838E-04
-2.74562885790822E-03 -6.62324232800356E-03
-1.82947958772256E-03 -6.40899073110156E-03
7.12965344823685E-03 -2.98757819584738E-03
6.09508157867164E-03 6.89804412987449E-03
-4.80997463183044E-03 -1.92843938683834E-03
8.58752125104218E-03 -3.56497088506107E-03
-1.00633889890069E-03 -1.43598311637775E-03
3.25882796478311E-03 -1.47668905417588E-02
5.48468604266888E-03 3.65912093663559E-03
-8.72780605319193E-03 5.33399638939027E-04
9.12539457250685E-04 4.30743095214187E-03
2.27602431787314E-03 2.27510653581695E-03
7.0071774689447E-03 -6.36794382338439E-03
4.70130255217338E-03 -3.46589593555206E-04
-7.4980967855137E-03 1.62205552471799E-03
-2.97641305213202E-03 3.93953059040687E-03
4.25592747274593E-03 2.34684498578379E-03
3.60478565424686E-03 1.12307088297726E-03
3.00480957478318E-03 -4.24419081875585E-03
2.72567316165203E-03 6.27025721484302E-05
-5.4352113140054E-03 -3.11285311556717E-03
-2.32995171474324E-04 -6.88389645408937E-03
-1.59380202153015E-03 1.10795259218319E-02
-3.41815311071624E-03 -1.47754427128342E-03
3.49486234591675E-03 1.59825041920218E-03
-3.02419576748198E-03 -3.65234762965918E-03
6.2224779833653E-03 -8.04320650580066E-03
1.72858008177581E-04 7.41739639382141E-03
-6.51113732027556E-03 -1.76882240472836E-03
-1.0800107420631E-03 2.67194238409112E-03
-4.41928652388336E-03 -3.67042554217124E-04
6.37094628852515E-03 -7.14446552386345E-03
-1.70983136483611E-04 0.010820419645987
-6.00173483638286E-03 -3.61026313358507E-03
-1.23730167988024E-04 1.4131632773244E-04
-4.01203887144683E-03 1.12394794397616E-03
4.53810174394798E-03 1.54637043699753E-03
-1.29565288684907E-03 8.49304898004089E-03
-6.54509298577052E-03 -6.36702406127656E-03
6.68661454246181E-03 1.34678405083557E-03
-7.60504801949911E-04 2.32430083429171E-03
3.08184817010267E-03 -2.93697463339805E-03
-4.32453494496503E-04 7.3500860692729E-03
-3.54547308413239E-03 -6.46212312129725E-03
6.38860226464531E-03 -2.38502321663389E-04
-2.92678888296609E-03 -6.21633340765284E-04
5.8245094932742E-04 -2.15579049164767E-03
-3.04571449864009E-03 4.34765696999179E-03
-3.67524539474129E-03 -4.44504691263898E-03
4.42033555139591E-03 -2.69055390542018E-04
-2.61364466462632E-03 4.08400582589111E-03
3.78860518148181E-03 -1.73610066055083E-03
-2.72989484358371E-03 2.73608109361016E-03
-3.39255676341619E-03 -4.17988357787994E-03
4.47850694373708E-03 3.20003737383009E-03
-8.49640986958148E-04 -3.14539751614291E-03
2.18011328117174E-03 4.68272346205054E-03
-7.32754211662765E-03 2.09217193984118E-03
-9.55114513434037E-04 -6.48345347609154E-03
4.42577686847104E-03 4.16543885411152E-03
-4.39684850399523E-03 -1.27505886471751E-03
3.14316827594435E-03 3.2517467999575E-03
-4.30751160829618E-03 -1.39095771228035E-03
3.95665429523677E-03 -4.31877562089407E-03
2.06214531180268E-03 5.88146627680746E-03
-2.22983624134498E-03 -1.26046585984025E-03
-2.16510191368484E-03 6.99247722745562E-04
-4.08321181726673E-03 -1.19424419615301E-03
7.88080538147762E-03 -1.16258377913237E-03
9.83133039930436E-04 3.96091875611202E-03
-2.15271790197153E-03 -2.70383109061518E-03
3.31662918517039E-03 -1.77464204063686E-03
-5.05399393403721E-03 -1.8696856194235E-03
3.18003102412853E-03 -9.92091383917011E-04
-8.86132003395473E-04 3.1988137485597E-03
-1.05293553782292E-03 -1.14390365308803E-03
2.40104282649823E-03 -2.12320103697766E-03
-2.70023888594236E-03 -1.01373906421417E-03
3.86300040791875E-03 -4.23678194193958E-04
-3.32383794949152E-03 1.07642696293422E-03
-3.36038560332602E-04 -6.42480835341147E-04
-5.57568753586216E-04 -3.46910806070092E-05
-2.26861097821562E-03 -1.25878845089445E-03
2.08848281313494E-03 -2.0358996261204E-03
-2.02318818121745E-03 6.82287434191867E-04
9.16086368637713E-04 4.69982016500535E-04
-1.22959639729838E-05 3.61793251145706E-03
-2.37596385054272E-03 3.82894157422765E-05
2.8807001911056E-03 2.104886014112E-04
-1.39048840345051E-03 1.96327410992186E-03
-2.13026682830357E-03 -2.47854346120104E-03
4.51282179588273E-03 3.46534136670427E-04
-1.23732850258577E-03 6.79061213790607E-03
1.45824709968536E-03 -3.89077571155614E-03
1.77068105607009E-03 -4.93249791365535E-04
-3.50273934701581E-03 -2.36014722871344E-03
4.11335330552032E-03 -1.65210705883596E-03
-2.05731149438377E-03 4.85690645001769E-03
-1.76673189862214E-03 -3.37738506151486E-03
2.19273283427924E-03 -1.1957358341431E-03
-2.92841469121158E-04 9.99673115908966E-04
7.07176459085393E-04 -3.31948061034863E-03
-4.014396986067E-04 2.12007339416334E-03
-3.1391068150854E-03 4.71371352329253E-04
7.75450664974722E-04 -4.99191821906275E-03
1.20858241883548E-03 0.003620983247755
-3.24746872922715E-03 7.48110143947667E-04
2.65919008730979E-03 -3.80741020775952E-03
2.34829566048262E-03 5.40737937213915E-03
-4.23367411977044E-03 -1.59358265251796E-03
4.69080348211739E-03 1.73857954071078E-05
-4.20256995261745E-03 3.93118148984249E-03
-1.4289784722858E-03 -4.64471697878003E-03
2.68057237863073E-03 2.53574622295834E-03
-2.92116269694939E-03 7.58571318543078E-04
2.3953880819406E-03 -2.22053358088293E-05
2.05731301816039E-04 1.45579453569156E-03
-4.30744427924688E-03 -4.89498381953849E-06
2.72541196441605E-03 -4.38049599766303E-04
-9.96639595616454E-04 4.24686902484743E-04
2.06177422735414E-04 -1.06549579579931E-03
1.3842417852103E-03 1.6267810530119E-03
-1.14258837211681E-03 -2.17345759086405E-04
1.79649485516013E-03 -3.84632720611998E-03
1.62640122973075E-03 2.68746028043144E-03
-3.2408724729542E-03 3.96239380366248E-04
4.71447349023448E-04 -3.61862570029217E-03
1.3622068276392E-03 3.77614800667481E-04
6.75833395298186E-06 2.13904053924587E-03
-1.78136006621263E-03 -1.92559872786975E-03
2.23226962961947E-04 -2.41193457877506E-04
-1.75223290432079E-03 5.9414432980692E-04
9.44294606604236E-04 -3.12351566711801E-03
6.26433659101655E-03 1.56997024306369E-03
-7.26199391929331E-03 7.42366734444939E-04
1.4416435065314E-03 -2.78053933162725E-03
3.1285198815326E-03 2.47833387210271E-03
-2.39813852342688E-03 -5.02279217656636E-06
3.97560901886581E-03 -1.85059601892219E-04
-2.9582768884567E-03 3.35195652224089E-03
-3.85239914436428E-04 -3.77842839558093E-03
5.45189340430522E-03 9.81057633057691E-04
-6.53284713091141E-03 2.86936475355845E-03
3.38407895124429E-03 -4.32469017113859E-03
1.7876006070919E-03 5.50160110453265E-03
-5.20583118666772E-03 5.53783077477038E-04
5.16219349125901E-03 -3.69489173570762E-03
-5.72780318626832E-04 3.83359376130834E-03
-3.37592803136259E-03 -2.33690124583431E-03
3.82455300817524E-03 -1.6826824209603E-03
-5.32173268583947E-04 2.45083891884823E-03
-1.43425811295224E-03 -9.94189366419314E-04
1.91949774388674E-03 -9.59549725737921E-05
-1.55422722300713E-03 1.77132509874496E-03
