3.70883889265242E-05 -5.61639147473629E-05
-7.56161962126217E-06 2.06817980445078E-05
-2.47997304470337E-06 1.65388512458252E-05
-1.45015603890509E-06 -4.44150585524174E-06
-1.15551065638769E-05 -1.50111373439758E-06
-3.17273913830062E-06 -5.92978352347402E-06
5.57101566343195E-06 -2.77060788620191E-06
-2.52791924109842E-06 -7.10809494137447E-06
1.34602357360196E-05 8.71567197836796E-08
-3.67436338672918E-06 3.70596485651736E-05
5.02741822478342E-05 2.47408625549923E-06
-1.05133792247502E-05 -4.45391555486849E-05
-4.17680213981482E-05 3.55632431455792E-05
4.01705999308557E-05 1.91278611359235E-06
6.6498407415815E-05 2.19725579284372E-04
4.30167868213459E-04 -2.42327566896257E-04
-1.19894189045515E-03 -1.16305701973707E-04
7.21892091476517E-04 -0.001084272328114
8.88011187451606E-04 1.48812190727188E-03
-2.42320917038986E-03 -6.94274015390417E-04
-3.71838004623201E-03 6.97927038045746E-03
3.75966074158154E-03 -6.44977273668951E-03
-2.68209720073866E-03 -1.00009352105773E-02
4.40932974284033E-03 -3.30619586609412E-03
6.09379221670855E-03 -6.60995621762285E-04
3.78798419623889E-03 3.70478739927904E-03
4.10997378006594E-03 -1.58506519476188E-03
-4.65055375241093E-03 -1.19418044812899E-02
1.4378258944723E-03 3.24917928811723E-03
5.04416675576597E-03 -5.83865716891637E-03
8.68356001500938E-03 1.03778455409215E-03
-6.8011907508943E-03 4.01534750456464E-03
-5.73392138060871E-03 -6.38578406296927E-03
9.67402291158815E-03 9.72811359014317E-03
-7.8590941038335E-03 -2.15965746635445E-03
8.62652359878721E-03 -4.71024730274844E-03
-1.01125087621684E-02 8.63188767834956E-03
-6.49979034742756E-03 -4.68204002663534E-03
1.12138089669851E-02 2.84609724975684E-03
-2.15629913058108E-03 1.0299494618508E-03
0.013498340596142 -4.51426234705403E-03
-3.46344162403371E-03 6.91664622774222E-03
-1.28686587537174E-02 -4.66547127664431E-03
7.09765219407179E-03 -1.9642953183297E-03
8.97655643019799E-04 1.06830137588334E-02
-1.48373548198989E-03 -1.41041623934346E-03
3.39049497452312E-04 4.35610767139931E-03
-3.88122380721746E-03 -5.3488196362373E-03
1.15632179247942E-03 -8.7160595013187E-03
5.58223383395138E-03 2.32577421198999E-03
5.00207710578205E-03 5.76066895295694E-03
6.20282869597661E-04 2.76234068757429E-03
2.58812404160078E-03 1.66612685891832E-03
-2.46679194049906E-04 -1.4670848990868E-03
7.74770108858074E-03 -9.59820394073793E-03
2.54848004385404E-03 6.77070772692188E-03
-1.09622840944785E-02 2.7769557982538E-03
0.002275940619644 3.76148590084554E-03
4.7141749796673E-03 5.97005505968912E-03
8.93242345729952E-03 -7.47741001477667E-03
3.63636467098371E-03 3.05275148522339E-03
-8.76546218975094E-03 -2.56248998894925E-03
-8.13273598814714E-04 -3.55817370877003E-04
2.41200579666207E-03 2.46791653469831E-03
2.77867915040888E-03 -8.26296404673378E-04
-9.95706582277178E-04 -2.2489030493914E-03
-2.5986021185415E-03 -6.04734052868305E-03
-8.23385172947967E-04 -4.08878046442532E-03
9.73918787702746E-04 -3.04821012636415E-03
-6.16116280215367E-03 6.11582636990136E-03
-7.35963815808713E-04 5.75333043444641E-04
5.44141508014297E-03 -3.23173782775447E-03
8.50299656003314E-04 -4.08496901358603E-03
7.62853105518113E-03 -6.22647593968246E-03
-9.16767624242966E-04 5.02043495666971E-03
-8.89842442740889E-03 -1.77791556429493E-03
-2.02720023315813E-03 1.93826841004656E-03
-1.99711880529903E-03 1.31929214836258E-03
6.46096513777252E-03 -8.34264331186785E-03
-3.02372947977027E-03 6.46187695786056E-03
-5.57873133537787E-03 -2.71296492923101E-03
2.56025269647091E-03 -1.72846919406355E-03
-7.79564371854107E-03 3.94745062975727E-03
5.01932187228545E-03 -6.16707891385081E-04
-3.57362407832589E-04 6.87210897649052E-03
-4.59218181560231E-03 -7.9047525499981E-03
8.26849858580674E-03 -1.31539933590544E-03
-2.45455873342992E-03 4.23907792786908E-03
4.26200616841478E-03 -6.41543448062378E-03
-1.81430845043465E-03 7.70012902027188E-03
-3.68575229499712E-03 -9.66277609028678E-03
1.14180629789765E-02 -2.25895016644976E-03
-4.79224888267168E-03 5.95489302583953E-03
1.10912816762031E-03 -5.06489052889416E-03
-3.73935864592626E-03 5.27103125154596E-03
-3.48375157733134E-03 -6.06689818070635E-03
9.46368769887761E-03 -1.82610473194936E-03
-4.49983695001014E-03 7.24907843255776E-03
-2.29558572815416E-05 -6.11544972038713E-03
-2.24318981552839E-03 4.83084808244696E-03
-3.74946667402294E-03 -3.8656610362774E-03
6.37259469361628E-03 1.59075693639809E-03
-2.45274630077056E-03 5.88700949824367E-04
2.39901563805142E-03 -2.49205093988797E-03
-3.74151574294303E-03 2.07584723666618E-03
-2.16391848875757E-04 -3.92341883469454E-03
4.56544724784481E-03 3.8103203231812E-03
1.39415145096924E-04 1.88842621061464E-03
2.90865356610966E-04 -1.65157164834127E-03
-4.84897447938746E-04 4.55790193285433E-04
6.40605344501752E-03 -4.3925311559305E-03
-3.53559522564221E-04 5.58762048629429E-03
-2.79708337949952E-03 7.17689724238725E-04
4.16068833382288E-04 -2.49240453021894E-03
-4.90249852441938E-03 -1.04922182867656E-03
5.36313271890663E-03 -2.38395432521056E-03
-3.10812083993602E-03 4.15825510051945E-03
-2.10077770518475E-03 -3.70548363645889E-03
1.29893044775333E-03 -1.37049417793345E-03
-5.65278476342395E-03 -1.83027924472506E-03
4.51631145516769E-03 2.26235553668931E-04
-5.24713843054941E-03 4.59464325229531E-03
-2.60536011447522E-03 -3.55553053202032E-03
4.68848309224972E-03 3.19185904084625E-03
-4.14947120321907E-03 3.86440427042389E-04
4.18812560161105E-03 -1.32104780617063E-03
-4.21602944939548E-03 2.08956374129274E-03
2.67745721963701E-03 -1.78285219377814E-03
3.14293330908737E-03 1.85536919332498E-03
-1.45555554127584E-03 7.26036563831107E-04
1.81495998927316E-03 -2.24593064253125E-04
-4.04828918395755E-03 -7.32787742325446E-04
2.81974474074617E-03 -3.87382192447382E-03
6.32241378451077E-04 3.30212042346924E-03
8.09371987502691E-05 -1.63181895798148E-04
3.6736492144201E-03 -8.88708482669225E-04
-2.93575049942373E-03 7.7777199957859E-04
-5.10084843611493E-04 -4.62621732896884E-03
5.94669370481681E-03 2.39097887870112E-03
-4.13217600368024E-03 3.67125872214427E-03
2.63993671747493E-04 -3.77703391964954E-03
2.41984210166968E-04 2.8184316883489E-03
-3.50877172421461E-03 -2.09618227183505E-03
4.32815376728195E-03 -1.49440562136394E-03
-5.10177530083235E-03 3.92499289827808E-03
-8.86948678204159E-04 -2.61904033471188E-03
2.04388349382033E-03 -5.64938018985171E-04
-3.67858644563882E-03 1.61601636783425E-03
1.62796210732413E-03 -4.23300348786397E-04
5.36071622810008E-04 6.22946132244895E-04
4.92507665841799E-04 -1.74186486180859E-04
2.07078265375493E-03 -1.47902959683722E-03
1.38672123203631E-03 4.67537880689982E-03
-2.83487234878462E-03 8.15012564757343E-04
1.49304056788967E-03 -4.01140730040839E-03
1.39185422024705E-04 2.94241927182068E-03
1.41374788371316E-04 -4.28879993559235E-04
2.1737307517997E-03 1.0412252159422E-04
-2.94049069630225E-03 1.89160847307045E-03
1.59027844124501E-03 -1.16235265469791E-03
7.45794554077309E-04 2.36035198551645E-03
-1.19532393465837E-03 -1.40611131440185E-04
2.60197165879876E-03 -1.02436088660663E-03
-3.52890640097253E-04 -1.16050056859311E-03
-1.58173409489074E-03 -1.89751786569157E-03
-1.99363870085757E-04 -9.14911588208018E-04
1.63442642426445E-04 -2.21910845925331E-04
1.09490198958882E-03 -1.26283814318746E-03
1.27513157386326E-03 -1.12200446892083E-03
2.44508653179445E-05 -1.4591576595382E-04
-6.56973281264157E-04 -2.51882492824139E-03
-1.4652362778254E-04 3.02534219155218E-03
-5.36273226373069E-04 -0.001994702067442
2.4043974147687E-04 -1.05055148237317E-03
3.69068314304819E-03 1.33245866070064E-03
-3.56911603521985E-04 5.5191980035008E-03
-3.48728423790087E-03 -7.29954035946686E-04
1.0361082415977E-03 -5.07405149614839E-04
-1.04909262434245E-03 1.1274743669333E-03
1.90628786514338E-03 -1.90830291892086E-03
1.04342510771594E-03 3.51519586702162E-03
-4.68283715899691E-03 -2.9874267092291E-03
2.63499642695781E-03 -2.47487609058756E-03
7.94500081726023E-04 4.05040465922281E-03
-2.43621098192188E-03 -1.47815214855395E-03
4.74592312188424E-03 7.3281626340913E-04
-1.31929928792206E-03 1.20209548802638E-03
3.11332996752555E-04 -1.55273117199853E-03
5.28820131163727E-03 2.9741082235669E-03
-5.53875172439776E-03 1.91331735487255E-03
1.54958545769443E-03 -4.33145044543462E-03
0.003124355528615 1.16462718982166E-03
-3.01438134878776E-03 -1.36454340124377E-03
3.16168130252799E-03 -8.3342803567106E-04
-3.81329996311166E-03 1.79026715182666E-03
-6.04445855137928E-04 -3.85202434154772E-03
2.03065169178949E-03 -2.94645666970584E-04
-4.39580646413977E-04 1.85742299498864E-03
-8.60787826065691E-04 -1.7312907557841E-03
8.10127287865557E-04 1.75665165159278E-03
-1.42185977284148E-03 -1.1126442589168E-03
