3.34293418124458E-05 -5.18483075563134E-05
-6.39218935579402E-06 2.02237099944335E-05
3.05840731983947E-06 1.66652426746479E-05
-6.18992451575415E-06 1.94063114651356E-06
-7.78661121608108E-06 -2.88612555895045E-06
6.8584242878042E-06 -8.16023823324131E-06
7.67116861884782E-06 -1.79050487544764E-06
-1.22001571934778E-06 -1.39980377604692E-05
6.70819665468584E-07 -7.73807128950889E-06
-4.26775537742156E-06 3.51902915613925E-05
3.85732912703364E-05 1.3958613021278E-05
9.80855566824749E-06 -7.67641972734282E-05
-9.40151873888096E-05 3.33367179850266E-05
1.23759693734666E-04 -1.43769121669676E-05
1.76589639797837E-04 2.60007898809751E-04
3.8866337666141E-05 -2.66614581063237E-04
-4.01666920458341E-05 -5.18399846653901E-04
4.40378444823806E-04 -4.65725758418311E-04
-4.17293212083184E-04 3.52111440801894E-04
4.66300593171217E-03 -4.10018074309663E-04
-5.35193180632851E-03 1.00409722458487E-02
-4.27185719025026E-03 -3.043031445065E-04
1.98905616170072E-03 -0.005814899060214
-2.19002701629722E-03 7.55312820907481E-04
1.01648288497883E-03 8.38060449975355E-04
1.32697425382666E-02 0.010238185448407
-4.39706003162233E-03 6.64878951234198E-03
-9.49487395065735E-03 -0.016565313326046
1.47911414625495E-03 8.76254851759678E-04
5.90141377314367E-05 3.90369102526841E-03
3.53002344424694E-03 -2.12996660772193E-04
-1.15023721430922E-03 -1.98086866089757E-03
-3.60258056798996E-04 3.61794573688783E-03
4.91494792087065E-03 6.82453700093598E-03
-6.29957458040975E-03 -4.75849372992905E-03
5.71689005023935E-03 -1.30760221730531E-02
-1.11239269846087E-03 4.70618447592899E-03
-1.67039417092545E-03 2.30325856324466E-03
1.93204245180227E-04 1.21292460384742E-02
-3.41886495331825E-03 1.1500998772067E-03
5.25808342794544E-03 -1.45836955852349E-02
2.72437376219342E-03 3.76890934039653E-03
-5.11383768783169E-03 3.21423069123816E-03
-2.02746295745716E-03 1.59337622794571E-03
-4.50253340064243E-03 3.15552960174071E-03
-4.55768435786956E-04 -1.51289107342624E-03
4.51227040363365E-03 -4.8459965779198E-03
-1.25514117094987E-03 7.52467067143528E-03
-1.25146315604177E-02 -5.06762409103043E-03
6.61110166635714E-04 -0.003969861517394
1.71874372342399E-03 4.68002092258026E-03
-5.24843741234908E-04 -3.51201653810667E-03
0.008952839936921 1.13688461208989E-03
-5.01450890009712E-04 5.46893366438254E-03
-3.4896425063631E-03 -7.38651453997499E-03
-9.64533903807834E-04 -5.71403840911398E-03
-5.61942003329549E-03 1.13458070315447E-03
2.11838256429593E-04 5.36869470156979E-03
4.25176273681244E-03 2.8045132393954E-03
5.15119670189202E-03 -8.88627999520042E-04
-9.32038912554732E-04 -5.84984762993115E-03
4.6155885553334E-03 -6.32662431260974E-04
-5.66719112709461E-03 1.19124027640681E-02
-2.01465024162704E-03 8.56646097375887E-04
9.63202223175979E-04 2.15820872634322E-03
3.24593843473419E-03 -0.006081824211554
7.99146123998872E-03 -4.88325399280587E-04
-2.63064460185631E-03 1.46035809184422E-03
-2.99490484965687E-03 -5.34291952107176E-03
1.64236916809794E-03 2.49352211714923E-03
-1.5122822784777E-03 5.63619202377568E-04
5.06491936154655E-03 1.43118648431234E-03
7.16570977519753E-04 1.58511688573718E-03
-1.1291678282288E-04 -3.42702542792977E-03
1.63357943311083E-03 -3.78569819900451E-03
-4.34029975370295E-03 -6.99596849515544E-03
1.79207493125053E-03 1.8176643883473E-03
2.2495274236416E-03 1.77502575090996E-03
6.61821424797365E-03 4.48931452183573E-03
-7.52640694271685E-03 -3.21169504284764E-03
1.08185808657065E-03 -7.13841451761989E-03
2.92379830953258E-03 5.21057353149766E-03
-5.03191709029639E-03 3.66559918559242E-03
1.30977271102846E-03 -2.68641072728087E-03
9.92256793345177E-04 -2.22150621105598E-03
-1.41670594857351E-03 -3.34376728063924E-03
6.99080678905079E-03 2.76711837341639E-03
-8.87675715972573E-03 4.77680956425222E-03
9.08589031646876E-04 -4.04991331980374E-03
2.03172109825368E-03 2.72835512293194E-03
1.44835295036343E-03 -1.76549769821715E-03
3.55499408208193E-03 0.000163593043953
-5.96967342343119E-03 -8.67172765518362E-04
1.14799773026813E-03 -3.13420129764308E-03
-1.10630303657866E-03 9.49868700939612E-04
3.95545026758649E-04 1.61096455649768E-03
4.86939699987158E-03 -9.97947725727547E-04
-6.34019117591621E-03 2.87297424967163E-03
3.6574509632665E-03 -7.92438068885753E-04
-4.45914612257397E-03 -2.51065798479783E-04
1.97312534357427E-03 -3.92858053911649E-03
4.47111955426808E-03 4.64998592600157E-04
-4.13365562352373E-03 3.59292657018135E-03
-2.09998361512537E-03 -2.52874380066359E-03
3.31861466702477E-05 -3.19435484888699E-03
2.49569920659884E-03 -1.14767396968467E-04
1.06613076120327E-03 3.44260238670103E-03
-6.25686346713137E-03 4.09886409344134E-03
9.07860098556506E-04 -2.89353782894103E-03
2.38945783295236E-03 -1.69425213526275E-03
1.18983625751697E-03 1.22881568227151E-03
-7.94187367819785E-04 2.41691584821342E-03
-8.18807778441081E-04 -5.44958846736239E-04
-2.0023202434904E-03 -2.77505885127091E-03
2.51447018656211E-03 -8.09279642846624E-04
1.66127622998328E-03 2.75224424389353E-03
-2.61053548155096E-04 -5.4794405118615E-04
-3.53191746255227E-04 2.55204169696903E-03
4.6786670515336E-04 2.26898732131046E-03
1.51454169846222E-03 -3.23841686398143E-03
8.23335857355696E-04 -1.86018477823231E-04
-7.38420338395738E-04 -1.63760011774533E-03
1.45581126381376E-03 3.25699228158101E-04
-2.42843938977025E-04 -2.89410037459832E-05
1.01916152266311E-03 -4.42225641007347E-03
1.3830422966252E-04 3.24397219655178E-03
-1.07713591585722E-03 1.4062484537397E-03
-1.16000625396406E-03 3.24475428762493E-04
1.18524152211579E-03 7.36967695674236E-04
1.56531342626529E-03 -2.15089442747821E-03
5.42896113689314E-04 6.21184758316424E-04
-1.0029939389432E-03 -4.13392357904896E-04
-1.55031718273406E-03 -8.21861634612594E-04
1.61991214162506E-03 5.58142054847378E-04
1.22210217203854E-03 2.70517726342515E-03
-2.63939831537625E-03 -1.08595874487176E-03
1.5729045784767E-03 -4.02448158810497E-03
6.89976041703629E-04 1.21683055627661E-03
-3.4652389582368E-04 1.35976172595538E-03
7.88843637058067E-04 -7.19108964766482E-05
-5.78920767820256E-04 1.22039473897094E-03
2.10499732543525E-03 5.17124568170834E-04
-2.23668814407872E-03 -7.95219894443568E-04
2.87538707867867E-03 2.56813990831417E-04
-2.55900751389932E-03 -3.04263520034104E-04
1.71856366341486E-03 -6.76161902344763E-04
1.22611550435235E-03 3.75277841556525E-03
-1.70188577957352E-03 -1.22299785008665E-03
4.09851432208903E-03 -3.97326683376624E-04
-2.32695014841261E-03 2.12347862397076E-03
-1.22110120213475E-03 -2.20675866712387E-03
9.11435949149356E-04 -1.83480832941636E-03
-2.50015876569423E-04 4.61847966568972E-04
1.32907935880323E-03 5.40321703037473E-04
-7.41984624465088E-04 -3.80397687363834E-04
-7.68180202308291E-04 2.90749955994974E-04
-1.10683143558205E-03 -7.95028986281771E-04
4.16258695078396E-04 -3.57753954909168E-04
-1.00186780017495E-03 2.35906042185532E-03
-3.16525272958778E-03 -2.23834952742341E-03
1.32827955740821E-03 -2.74039727170936E-03
-5.9476049102263E-04 2.6757900027838E-03
-4.80632253690006E-07 -2.38481047030552E-03
5.3853670881025E-04 5.95628379932817E-04
-3.59965586467802E-03 -1.92672659634292E-03
2.26004701228973E-03 -3.28474534508397E-03
4.66349210988074E-04 4.43976502144252E-03
-2.2959664234859E-03 -4.10634480954692E-03
3.43443436003249E-03 -6.90189275548587E-04
-1.65844260858061E-03 1.65629052891029E-03
-2.29875046276899E-03 -2.56537731250867E-03
2.86085274944263E-03 3.1509186289567E-03
-2.96710754237855E-03 3.13722985100375E-04
1.16683364133817E-03 -8.95376634730989E-04
9.41723787807731E-04 4.28636838564341E-04
3.72469893167109E-04 -1.41431254713824E-03
2.47528737726372E-03 1.97828796568065E-03
-1.42011924918162E-03 1.98826750340365E-03
5.07461870345212E-04 3.29222422957443E-04
1.01849261999502E-03 -2.45668845663085E-03
2.82116602077344E-03 6.30720754527625E-04
-5.78594790419791E-04 2.99712162466409E-03
-3.83269657665999E-04 -1.32451392174825E-03
8.62286917143901E-04 1.48265631950679E-03
-1.83040359921516E-03 -3.07951501463797E-03
2.08654805707031E-03 -5.86550540356175E-04
-1.48790406745907E-03 3.79919410853665E-03
-3.71682882563305E-03 -2.9089191310561E-03
3.39498528525061E-03 4.8048020497757E-04
-1.07070804370679E-03 2.66187030277119E-03
2.35755203072815E-03 -2.09305829996527E-03
-4.06465558341283E-04 2.05641243556116E-03
-4.26954040442211E-03 -1.05225801661363E-03
2.12217026678995E-03 -3.41289832601339E-04
2.5751431122316E-04 1.19283876787636E-03
-3.31628311199331E-04 -1.20574607620522E-03
3.03543512441934E-04 1.66012162456954E-03
-7.56089414427042E-04 -1.13591915541676E-03
1.26449061169039E-03 3.09434887984788E-04
5.32269119562478E-04 4.91804959955997E-04
-6.70640437105966E-04 1.18386997894573E-03
