3.33049459941644E-05 -5.31312907111144E-05
-6.53373952813908E-06 2.06106995491056E-05
-8.6307519860153E-07 1.62475303335787E-05
-1.21436853948995E-06 -6.99274175293794E-06
-6.0661263631375E-06 -2.51588856764776E-06
-2.24622868482153E-06 -3.74350755103098E-06
8.69040070152044E-06 2.4745978186057E-06
-3.74066046431063E-06 -1.07702920053269E-05
4.89762149938105E-06 -4.8114108694056E-06
-2.94188203584213E-06 3.2896018606563E-05
3.94076859228895E-05 1.90669198236416E-05
8.37965696742063E-06 -7.38839872650009E-05
-8.9321152005888E-05 4.18165649486149E-05
1.22656390859495E-04 -1.84735265546529E-05
1.52622986797109E-04 2.94151409480923E-04
9.1193307408622E-05 -3.36460353701185E-04
-9.09054480186762E-05 -3.48731242725171E-04
2.48132113455447E-04 -5.58427616396647E-04
1.58934052667611E-04 5.75872955390317E-04
3.00882580782639E-03 -1.42495021236645E-03
-6.29173225435588E-03 9.50220025727888E-03
-1.98239668622529E-03 -6.99342465122784E-04
2.50717051972248E-03 -9.32021212262924E-03
-6.4048201021972E-03 4.22786372657894E-03
1.58848956517677E-03 4.74442495299767E-03
9.59027744915517E-03 1.04915589918601E-02
-7.78869303989258E-03 2.35749160525993E-03
-1.19198692209465E-02 -1.69403543234448E-02
9.14695652337765E-03 5.68522305193693E-03
-1.22422138144028E-03 3.71794590970199E-03
2.95086903593304E-03 -6.12944530501416E-03
-1.11302911642611E-03 1.11441263200051E-03
-2.40389461759943E-03 4.57824895104282E-03
4.29452367213545E-03 -1.90619127530253E-03
7.62660336450585E-04 -8.54364678272253E-03
2.99962611670766E-03 -5.63081109193211E-03
-3.59958333049226E-03 2.05877075810969E-03
5.55210294520917E-03 -5.25456901947143E-04
-2.6580162315433E-03 8.26116476353614E-03
-5.68008254630248E-03 -5.77917634811887E-04
7.54147844096704E-03 -1.16832143786863E-02
-7.48127483652608E-06 3.55042505001554E-03
-7.40117485427305E-03 2.1008523066212E-03
-2.52752197681309E-04 1.72652840573697E-03
-5.91448400094562E-03 2.77469808684507E-03
7.36417599369196E-03 -3.82015184097469E-03
3.29675809198547E-03 9.69641861253622E-04
-5.52058842052945E-04 6.08879888750763E-03
-9.86903753442334E-03 -3.80290309012916E-03
2.11081463344567E-04 -4.43935762897467E-03
2.02974147989127E-03 2.02399869839195E-03
3.92783522373027E-04 -1.12591085489382E-03
6.51751685468913E-03 1.08441088284941E-03
3.93908356533991E-04 1.73252189957005E-03
1.18519039651893E-05 -6.78545072595759E-03
2.06112031347852E-04 -4.90061818909412E-03
-6.1761084877737E-03 4.93143780656624E-03
4.55956431524468E-04 4.69664098798191E-03
4.51934356588266E-03 3.55416668981838E-03
3.60134665151161E-03 -5.05266269390068E-03
1.14960194265948E-03 -3.45903085337198E-03
4.87265936106106E-03 4.80494473016757E-03
-5.38331707500734E-03 1.01313557050174E-02
-3.6606093082784E-03 3.17523441762931E-03
4.43521988761302E-04 1.34251628186493E-04
4.76126040024715E-03 -8.15259879715738E-03
0.011520931170046 8.35066807643592E-03
-9.61549655008016E-03 1.77527196368991E-03
-1.20132339682026E-03 -9.82396362764151E-03
4.10898301251948E-03 6.11823366738485E-03
-4.88563754822421E-04 1.83186007984164E-04
6.35093121002389E-03 2.45758909502798E-03
-2.66747475834689E-03 4.34206027647604E-03
-2.24620497252897E-03 -9.06516921536075E-03
5.20614864236562E-03 -1.69539917598648E-03
-4.0603572765664E-03 -5.7930216686961E-04
1.2270140877121E-04 2.35257855940947E-03
-1.35481274732487E-03 2.91394160978328E-03
4.23370180206621E-03 -1.31350510037432E-03
-3.31232595742596E-03 -7.29034060400417E-04
1.68553499591258E-03 -2.48904297409492E-03
1.80832216816184E-03 2.64191112523153E-03
-4.88417277546075E-03 1.4791919502384E-03
6.6385637964046E-04 -2.65100241821477E-03
-7.59115135362074E-04 -4.29455577401932E-03
4.99687390521225E-03 -4.41567694072766E-03
1.75480433158084E-03 3.12834541283153E-03
-1.02647806984045E-02 2.33394130012896E-03
1.07662963318251E-03 -8.50747403940273E-03
3.26723631456069E-03 2.20196925538857E-03
1.58822108002657E-03 2.60939551906348E-03
7.55594949088736E-04 -4.91518777441501E-05
-6.85654953576688E-03 -2.86337231575716E-03
3.6390656286016E-03 -6.18378777052345E-03
1.2518376277844E-03 1.23689269975135E-03
-1.69468691791372E-03 1.14632224470517E-03
3.69720695387911E-03 -1.44339736795344E-03
-4.7026997777247E-03 2.91448036217499E-03
1.51054450741461E-03 -2.97367038276562E-03
-2.66899848267006E-03 3.78216638041322E-03
1.96176663506643E-03 -1.98263951318511E-03
2.19585111061195E-03 -1.1006529041659E-03
-3.92060661822359E-04 1.53131612557294E-03
2.35260424718653E-04 -2.4776159114464E-03
2.11258383179113E-03 -1.03330150349139E-03
1.2317825777478E-03 -3.02329751216338E-04
1.72425083074034E-04 1.00707074719969E-03
-3.11291533929435E-03 7.67588600646946E-04
1.68060230262288E-03 -2.15186141691206E-03
8.40421340994681E-04 1.5351532199034E-03
2.4159859904041E-03 1.19335987308309E-03
-1.84089063880437E-03 3.48402576497516E-03
9.78099197597512E-04 -2.89655209776403E-03
1.98950836411784E-03 1.49440651713093E-03
-2.1181769182886E-03 2.42102469344797E-03
5.54525964618799E-04 2.85309137596949E-04
2.1890824350984E-03 -2.7354307977541E-03
-2.57997964853117E-04 -1.37534804652795E-03
1.14504532821146E-03 1.8332558073354E-03
-4.12330906803846E-03 -8.66664220724764E-04
5.95557927062236E-04 2.67303332489934E-06
2.09231719554256E-04 1.57415604932764E-04
-4.40328442475559E-04 -7.98094758341832E-05
8.24894492999122E-04 1.09602907323599E-03
-4.87596953367718E-03 -4.36126958489382E-03
1.60198105191029E-03 2.82755302072696E-03
-2.41142247986216E-03 1.18135979184637E-03
5.62502310215434E-04 -1.9327460554932E-03
6.9092836927118E-04 1.48528313904626E-03
-1.25111887765491E-03 -2.20736150942584E-03
6.46439045916864E-04 2.86173045798671E-04
-2.09657386051058E-03 -7.25628746701596E-04
1.4619228689012E-03 -4.11795001514234E-04
2.31648014335688E-03 -1.29347601907665E-04
-1.60521227168103E-03 1.79468285767909E-03
-1.9167500660923E-03 7.05207974620753E-04
2.70012237265583E-03 -4.16420664131749E-03
1.09435859794106E-03 -7.9769659964751E-04
-5.79162455376506E-04 2.37159150889848E-03
-2.33761971369459E-03 5.26305216870545E-04
3.42871705766592E-03 -8.36086457375438E-04
4.96555347257995E-04 7.60752049504306E-04
-1.41199511022514E-03 -2.1651109190349E-03
2.25776589399685E-03 1.59539092317776E-03
-5.72912053379694E-03 -4.41005557834436E-05
3.68039868465499E-03 -2.93763992644047E-04
2.01312529761477E-03 3.3146642905515E-03
-4.92904866951495E-03 -1.03268059936088E-03
3.07951353327131E-03 -1.52659831228348E-03
-2.32906863112991E-03 1.15601145804594E-03
-6.85386217186046E-04 -2.58233488803607E-03
2.23164798580526E-03 1.59698058983159E-03
-2.32254014653025E-03 2.65698776582828E-04
3.90341761046648E-03 -2.74279274760972E-03
-9.47266549235912E-04 3.42574164144844E-03
-1.6954589379351E-03 -5.73161291881254E-04
1.97989675043194E-03 -1.11880398311532E-03
-2.25279745913726E-03 1.70075322422715E-04
-7.63066227990068E-05 -1.10825424940662E-04
-7.44409547973995E-04 -1.11567362410199E-03
-6.05432715645668E-04 1.7006860054692E-03
3.07633688737541E-04 1.24810705777968E-03
-1.49421163394356E-03 -3.15974805830662E-03
1.91362222145028E-03 1.29154845991318E-03
-1.64372367355702E-03 -1.01292041445275E-03
2.17899421481996E-03 3.35722566298031E-04
-2.4976483105621E-03 2.72759282185847E-03
-1.30155156729524E-03 -4.12239305489997E-03
3.96261803470134E-03 2.6157631233447E-04
-3.34103339154277E-03 1.95877120621183E-03
2.05921528396897E-03 -1.84234798756737E-03
-5.62022039641671E-04 4.15515862037942E-03
-3.86517966628656E-03 -2.70551592502048E-03
6.36162080319378E-03 -1.80615934277203E-03
-1.34099784768424E-03 3.90634424952204E-03
-1.44051262105216E-03 -2.26120112554008E-03
3.07820521210544E-03 -1.57469884290881E-03
2.38864640631215E-04 3.1773913513065E-03
6.49065710732391E-04 -1.4433354257471E-03
1.69397914245861E-03 -1.14663055234293E-03
-1.37282073605917E-03 1.39151963919971E-03
-1.13996808692861E-03 -1.80152931057183E-03
7.42396951568204E-04 -3.82062720655195E-04
6.37522364454373E-04 -1.46347746690752E-03
2.33506557560677E-03 -1.42575259844831E-03
-3.38710198877139E-04 2.20629085982059E-03
-3.2451934040946E-03 -1.20511548255578E-04
2.57984038048246E-03 -3.35415681756694E-03
1.31021679135459E-03 5.29472968470345E-03
-3.20023486408378E-03 -9.66774397681455E-04
1.09067366407579E-03 -7.41489246951832E-05
-2.35561418778595E-03 -1.68867495624818E-05
1.42844221661258E-03 -4.02295529051204E-03
4.80146095503717E-03 5.87815295312045E-03
-3.92510201554673E-03 1.92317872703625E-03
3.50528829906319E-04 -4.57877202997965E-03
4.4796832391212E-03 1.26600668605921E-03
-1.86839779461292E-03 3.48865896589132E-04
7.32521604220873E-04 7.68775405102795E-04
-9.10302724871828E-05 9.77670442251835E-04
-7.48195562700211E-04 -2.24217941854596E-03
