3.24285431480826E-05 -5.10979335858457E-05
-7.03036616627541E-06 2.26353938143696E-05
-2.92027815066423E-06 1.65041382547318E-05
2.29878981047795E-06 -9.59931279565014E-07
-9.48767136815056E-06 -1.64797355613844E-06
-1.26636244024832E-05 -6.32583792778628E-06
-8.94237581756773E-07 -1.59953613808318E-06
-3.87598605347057E-06 -9.11838509374183E-06
1.46215385685897E-05 -2.6472544635247E-06
-2.25452770184929E-06 2.68016738325852E-05
4.5376961110621E-05 1.08804599121173E-05
-1.70973382074334E-05 -6.44251080336677E-05
-4.40342938075196E-05 6.70098493292621E-05
5.48941903957392E-05 3.51121497223545E-05
1.24266781514456E-04 1.47306192456227E-04
2.77497994960612E-04 -8.79514638748867E-05
-5.25309526717423E-04 -3.4631274374372E-04
3.22648523433564E-04 1.53017764982065E-04
-4.46927453151069E-04 -2.82585928361771E-04
1.35660925084741E-03 -2.01687060126903E-03
-3.42900772604339E-03 4.15425969959864E-03
1.6163695135745E-03 -2.38899728962065E-03
7.25192886227069E-03 8.18682681021033E-04
-4.05002942908944E-03 2.47422927990886E-03
3.61033062139067E-03 3.56679995681755E-03
6.4604150117902E-03 4.23103684372906E-03
-7.50641876395066E-03 -9.32945581301656E-03
1.23694713756206E-02 -1.07050721958426E-02
5.06563398844368E-03 1.32978781543108E-02
-8.74721997365866E-03 1.92846312162167E-03
2.7070716815839E-03 7.45799965990541E-03
-3.22871543194325E-03 -1.26354376952488E-03
-5.03617652570327E-03 -6.53881684757259E-03
7.09306841398704E-03 -8.62893350462263E-03
-6.70084312045566E-04 2.13005700136372E-03
-4.78473162320857E-03 -6.73387378765392E-03
4.19434063668704E-05 -3.0672610621814E-03
-4.29614554193102E-03 3.2696764730895E-03
2.80098202584625E-03 -2.28420236157006E-03
-1.94366486210246E-05 1.03297402509854E-02
-3.57597202057751E-03 -6.95155652392099E-03
-4.58215359419042E-03 -2.84969208329917E-03
-9.01530409055935E-03 -1.54088595919405E-04
7.73027654318195E-03 1.44420935922731E-03
1.53328701965089E-03 5.30411261591064E-03
-1.37715016318777E-04 -2.08614312467304E-03
4.41772047396715E-03 -6.62043163310478E-05
-4.28924905753441E-03 -9.7777721206731E-04
1.82987341123834E-03 -1.4565867840103E-03
4.38909905072863E-04 4.89185554236136E-03
-8.33094003168335E-03 6.96024485579276E-04
-3.12575092582592E-03 -2.21593334030382E-03
6.34983872805761E-03 -3.50160716568813E-03
1.09599565116219E-02 8.97878617566757E-03
-3.84932342291568E-03 2.56643570718636E-03
-9.30224332796572E-04 -5.48935702735523E-03
-1.89291283749197E-03 5.65079646201193E-03
-1.65384272011667E-04 8.97479846182801E-04
0.009516796537256 4.50995173089782E-04
-7.12389718843119E-03 -2.79259879625473E-03
-8.20322070096455E-04 -1.31812304416027E-02
-1.44097425771782E-03 -1.90821995334183E-03
-1.01230466183762E-02 1.37444640162676E-03
2.41503215167848E-03 8.47069059164455E-03
-4.36511349191572E-03 5.11367944992116E-03
5.37497156307467E-03 -9.73327101288833E-03
8.92999393142244E-03 2.47965713113897E-03
-6.78953703740002E-03 4.43228130960407E-03
-1.71451611626117E-03 -6.0675828061597E-03
-4.68392484726496E-03 3.54702570321723E-03
1.74434114533038E-03 -2.96860454640705E-04
9.86888427588455E-03 8.21315101997003E-04
2.55081580923261E-03 0.00729573879134
-5.07303164447612E-03 -9.81545593832494E-03
3.20037326445615E-03 -2.5762734100295E-03
1.26096614410467E-03 3.17252258105276E-03
1.39774572305798E-03 1.08148110181144E-03
3.6061934740946E-03 0.011241731739756
-6.15685992307913E-03 -1.61205109162292E-03
-6.70110394590525E-04 -0.011550300322973
3.26104485658167E-03 2.88808970948117E-03
-2.72364952568126E-03 -7.16075969737755E-04
-8.77998152742356E-04 4.67808133050818E-03
-1.35761197796853E-03 1.9098760720344E-03
4.99852813851273E-04 -3.8466380476107E-03
7.62561608699664E-03 2.06663595838505E-04
-2.92777343975865E-03 2.93237285958943E-03
-6.08510658818826E-03 -1.9836706701906E-03
3.71887614035536E-03 -3.17114841337481E-03
-8.8115739755899E-04 3.47782466441611E-03
2.2527818848933E-03 0.002226134006555
-4.06510619833793E-03 2.67151991871121E-03
-4.11699810455948E-03 -1.93057940030483E-03
6.3096961587447E-03 -3.6801515335763E-03
-5.10334153440282E-04 4.94216120184802E-03
-5.47617490258114E-05 1.62968262412072E-03
1.35088439101871E-03 -2.79497454231187E-03
2.49823277074107E-04 -1.17316376150064E-03
4.23523744282235E-03 -8.88357527237272E-03
4.90282324780192E-03 7.0938060213417E-03
-2.64327344659932E-03 7.35849175496894E-04
2.02235654230677E-03 -1.91356850447863E-03
3.90236097647299E-04 1.89312476667731E-03
5.67921013476225E-04 -9.38870335304674E-04
-1.51372136501158E-03 2.08862207379771E-03
-2.23722138619789E-03 -3.78296116583928E-03
-1.67757342147969E-03 -1.44046026568897E-03
3.95390166119211E-04 1.10905206905565E-03
-4.69302404017312E-04 7.48256814676422E-04
-4.88754437104119E-04 4.28686919311931E-03
-4.8657904152312E-03 -1.75171815024216E-03
-7.47192510180267E-04 -2.29065205679742E-03
1.87541997162593E-03 1.72203749843687E-04
-7.79024105882248E-05 3.04237753847534E-03
-3.43708689159979E-03 -5.00218608343041E-04
1.54912013058806E-03 -5.22511599499643E-03
4.69175941614441E-03 2.32574594637703E-03
2.14112817879592E-03 7.60587725897055E-04
2.30402000651917E-03 -4.15674145592863E-04
-2.06326413587349E-03 -8.1579434150074E-04
-1.64821045411632E-04 -8.98818052790099E-04
1.4761794473362E-03 0.001700401358948
-1.25150886939179E-04 4.16956078180082E-03
-2.23729604219858E-03 7.28698167585288E-04
3.45272425231593E-03 -1.99916120546837E-03
-1.70569403546807E-03 1.93349302107134E-03
-1.92546225619641E-03 -1.7258403735311E-03
-3.06938939773491E-04 1.11629435054339E-03
3.82102189315402E-05 -1.68187408838693E-03
3.74813373313747E-03 1.60390558251197E-03
-1.13795115838631E-03 1.0060712595519E-03
4.2395815741455E-05 -1.10575283935751E-03
1.43604707801046E-04 9.10286399923028E-04
-9.56878152752676E-04 1.6357370219323E-03
2.21813162201329E-03 -4.2295010064843E-03
2.18760891714704E-03 -2.73556177777297E-04
-6.29718632940132E-05 1.40125741793157E-03
2.22037557517613E-03 -6.07118108828795E-03
-1.18675501413644E-03 0.005679705569738
-1.28588254874849E-03 2.42718567623575E-03
2.27077808801573E-03 -3.45587347044484E-03
-4.30585674386923E-04 9.33613462098069E-04
-3.21473739214277E-03 -2.59732448213073E-03
4.28491088701497E-03 -1.87652519488246E-03
-2.20358688304706E-03 6.04922831184383E-03
-4.84593499861899E-03 -2.3031432303535E-04
2.39059335995734E-03 4.69683080187469E-04
-3.24560049674275E-03 2.79936813721671E-03
-5.82742279583929E-04 -6.25764628633165E-03
1.10511260470396E-03 2.68995233389043E-03
-2.57484706041693E-03 1.67301703609381E-03
4.35155204979316E-03 -1.46125946186768E-03
2.4252820261289E-03 3.07062523101095E-03
-2.24539942909375E-03 2.6004207644136E-03
4.70629274017315E-04 -1.30727459747115E-03
-3.79346866562249E-04 5.664145354581E-04
1.40557138519977E-03 1.77118298563854E-03
1.08528661588406E-03 -1.0232813410977E-03
-2.49219078014845E-03 1.63826779985401E-03
-5.43564999043189E-06 -1.87356709483002E-03
1.81676308031441E-03 -2.41267256829998E-03
-6.38324024628036E-05 1.9869418581647E-03
5.4189745137466E-04 -2.71501540348859E-03
6.62315040446475E-04 5.14617339044671E-05
7.39404574961269E-04 -2.89183447540894E-04
8.29260568644677E-04 -1.30205338742849E-03
-3.02468637236255E-03 -1.05521785021377E-04
-5.65011536734078E-04 -2.45230722948268E-04
4.06484685715546E-04 -9.30771616898224E-04
1.34342825198361E-04 2.85767546533215E-04
-1.52663776722099E-04 -9.84192016158751E-04
3.4978953227381E-04 -1.75273145668656E-03
-2.63994576491038E-03 2.83023974218712E-03
5.86640396101582E-04 -3.00353105663161E-03
1.65545060083923E-03 0.004299774513467
-4.23177217775143E-03 -9.66370860215423E-04
1.71169877411117E-03 -2.94235623937137E-03
1.33530221619871E-03 6.99550316794664E-04
-1.42025938478328E-03 3.15129518492788E-03
-9.83836431519314E-04 -1.22006962025157E-03
2.37977394569405E-03 2.19448396980866E-03
-3.86518624556784E-03 2.56718780230482E-05
2.39567481832603E-03 -1.71957747166644E-03
4.67250074040665E-03 4.11376089587562E-03
-7.37172690627456E-03 7.22466705056309E-04
0.001817231849763 -3.03080642921857E-03
5.77801860636144E-04 4.29999566550657E-03
-1.31431127976937E-03 -1.97207867584973E-03
4.08018978426256E-03 -1.19773221917968E-04
-4.02044712877295E-03 1.75818959716149E-03
3.14437628960207E-03 -3.20678196483207E-03
5.27756605136036E-04 -1.3308588496651E-04
-1.9812854703475E-03 1.06519814775152E-03
1.41216350040273E-03 -3.65572576903666E-03
-1.0982611898987E-03 1.7408741405251E-03
2.73012166976679E-03 -2.7628001412217E-03
7.0508438146034E-04 -1.92852040070975E-03
-0.002854784456756 4.20947213484142E-03
1.78988691676176E-04 -4.45163335220565E-03
7.13074136373419E-04 8.82941403800334E-04
4.52688478936801E-04 1.11113274198229E-03
