3.36521378160815E-05 -5.24310636616595E-05
-5.99630984907869E-06 2.10933909955441E-05
2.72220594953787E-06 1.59062947899578E-05
3.96885561935869E-08 -4.72852323527531E-06
-7.96896687782317E-06 -1.91099102391995E-06
-1.14325284839759E-06 -6.00665703538E-06
7.20759188032545E-06 -2.22922230656909E-06
-4.91083122688717E-06 -1.05107085246595E-05
2.46438566257461E-06 -1.10571619261059E-05
-3.1933028773026E-06 3.68793310430305E-05
3.99299036398885E-05 1.09273445073316E-05
4.37900158575413E-06 -7.5033965282067E-05
-7.52808658264398E-05 5.21749984432351E-05
9.99965932760905E-05 -1.24274494670884E-05
1.17989195520353E-04 2.94150749540362E-04
1.87293138494027E-04 -2.10347471739303E-04
-2.54739387410469E-04 -3.16382509057904E-04
1.51666720042305E-04 -5.14395081791938E-04
8.98395217539663E-04 2.30101567243505E-04
1.43650170783725E-03 -1.42687680928686E-03
-4.43177573368493E-03 8.39332579670194E-03
2.73687367542553E-04 -1.9436985575824E-03
-5.93175683475553E-04 -9.43739962908314E-03
-8.48589172216254E-03 6.54673156255031E-03
2.62959332687931E-03 2.04596286112551E-03
5.14979174889915E-03 1.48580645975725E-03
-1.08309212194715E-02 4.36998725280351E-03
-3.84902269062299E-03 -0.012366177778333
1.23479802100776E-02 2.58277549281639E-03
-9.79144983253722E-03 2.93022499788014E-03
5.48053451727564E-03 -9.24712430178878E-05
-2.33283752822559E-03 1.05634340580919E-03
-3.19093699476469E-03 -1.69063002186601E-03
3.76419307457152E-03 -4.8149652617893E-03
3.44464653810415E-03 -1.3356347457072E-03
-1.03570526727696E-03 -5.39701982933648E-03
-1.36021786432017E-03 -6.72047719802079E-04
6.11657160905014E-03 4.52606703296446E-04
-4.58574982935472E-04 5.00448882630049E-03
-4.73506987046991E-03 -8.00458631023416E-04
9.58604065539503E-03 -9.42813016715678E-03
-5.04423357697553E-03 3.66829763332796E-03
-1.00805951843928E-02 1.53509345802363E-04
1.08693993473166E-03 1.81814617335542E-03
-6.15871019823914E-03 3.81267204072027E-04
1.14389983578629E-02 2.46923349109409E-03
-1.1901203297248E-03 4.97145524709286E-03
-1.25265731189309E-03 1.25586641186999E-03
-5.80825446192723E-03 3.77516747664509E-05
-1.47018823411871E-03 -2.83305086002029E-03
5.53016824978585E-03 2.36476876041831E-03
-1.01803300450186E-03 8.30462478475789E-04
3.44148643839307E-03 -1.63791432196422E-03
3.33472039516354E-03 -1.33589734844872E-03
-9.56368940932179E-04 -3.07383010018583E-03
-5.9247630142713E-04 -2.01560437013515E-03
-5.61917572656983E-03 5.86717861545776E-03
-6.0068104562751E-04 5.92726239716799E-03
2.86255653306744E-03 2.96470734945445E-03
5.00597400835356E-03 -7.39113995712821E-03
3.36917419621484E-03 -2.38534351611373E-03
-4.81426819946141E-04 5.96413985736494E-03
-6.82040505773342E-03 7.80536293061254E-03
-4.54810304875717E-03 3.43194151785717E-03
-1.73478613703463E-04 3.00011598957122E-03
6.63819162743778E-03 -9.08483971347245E-03
9.01663355131527E-03 9.17346076174438E-03
-1.38107596684913E-02 1.52134365893229E-03
2.30852126967896E-03 -1.22091770869281E-02
6.09099790532233E-03 8.90230810868601E-03
-3.69571488672391E-04 1.78928050736592E-03
5.69132663447795E-03 3.24039846545012E-03
-4.93111658507569E-03 3.86959899342245E-03
9.78422747969727E-04 -0.010959283055584
4.3397670883382E-03 -1.73681410947145E-03
-6.02705430156368E-03 2.82689119104832E-03
-2.18520668243874E-03 1.26352270091327E-03
-2.01839676718191E-03 1.79659252944567E-03
7.52938645130949E-03 -5.07595000585007E-03
-1.66778272211742E-03 4.40328223510379E-03
-3.16228134224868E-03 -1.02889025043401E-03
-4.89560172115811E-04 1.30329092538696E-03
-3.17075156296527E-03 1.86564308113786E-03
2.34073393943602E-04 -1.60465189619496E-03
-7.27792441013332E-04 -3.69247499133046E-03
4.27866306242672E-03 2.52103361099674E-03
-2.34546045734167E-03 1.25939789229938E-03
-4.50656971045765E-03 3.57073760320987E-03
1.83217305103676E-03 -2.09096205272372E-03
1.58241658652172E-03 2.3286911552499E-03
1.99549011438954E-03 2.73116122721956E-03
-2.70923831216964E-03 4.18051400449213E-04
-3.86084189144868E-03 -2.13694693745851E-03
4.30820709643785E-03 -3.87947662774319E-03
-1.60283473856648E-03 4.29815144846752E-03
-2.26397773643851E-03 8.99810152355008E-04
2.13891765071295E-03 -1.00192243957708E-03
-5.8169844604572E-04 4.34026609912733E-03
2.63897060699822E-03 -3.52428777588005E-03
-1.49370783370914E-03 4.03705713385613E-03
-1.28286204924534E-03 -1.32110963731872E-03
-1.67574551851158E-03 -1.22398661485476E-03
2.38690265978163E-03 4.00852766322059E-05
-8.88215828567831E-06 -7.55998156454548E-05
-6.36634393888717E-04 1.99105391713825E-03
-5.91941678669368E-04 -1.3979507601432E-03
-1.78911779614826E-03 5.04003044646835E-04
5.23297695650294E-04 7.0998745779809E-04
3.81992328346075E-03 -2.03618519740111E-03
7.68702162796513E-04 2.90580313535478E-03
2.05404893982979E-03 -2.0313156956204E-03
-2.24883055347088E-03 1.56768731214428E-03
1.01876767173907E-03 -5.44040178230347E-03
2.59771545500599E-03 4.44056639475151E-03
-4.64846720487662E-03 4.01619027618352E-03
9.82425030563161E-05 -5.6218886634581E-03
9.12399065724916E-04 -2.06535328045724E-03
2.59310515539102E-03 -1.48940311186916E-03
5.43828013213573E-03 3.65382647210001E-03
-5.31181440277785E-03 4.5357845802355E-04
1.81135605377029E-03 -4.38773680042112E-03
1.30218582822006E-03 2.86058679852656E-03
4.29766940031954E-05 -3.92277197055368E-03
3.36401268796648E-03 2.68498850158564E-03
-6.99407996510874E-03 -1.81034196538701E-03
2.95165606745721E-03 -2.58349264884258E-03
-1.3772277886626E-03 4.25763044383325E-03
-1.76071265434272E-03 -1.58318008327888E-03
5.38587333155342E-03 1.81879557329274E-03
-2.74734150685126E-03 1.03315051748225E-04
2.25613821775092E-03 -4.45346948617051E-03
4.39372292384591E-04 3.35783085839256E-03
-4.00469157093523E-03 -9.28125450696702E-04
3.89627267310231E-03 -1.86813085556111E-03
-2.657654512768E-04 4.4596632559511E-03
-2.16367288806058E-03 -1.93978525714671E-03
9.79698687723043E-04 -5.3742746540432E-03
-1.52915167082565E-03 2.38416057027007E-03
-3.26707031884857E-04 2.79182054661122E-04
-8.10548337106603E-04 7.84177558427405E-04
1.80912717659302E-03 1.33912448432982E-03
-8.05553961464372E-04 -3.49252161044371E-03
-2.62775277399257E-03 -8.81474392761846E-04
-1.21450975064266E-03 -1.14909642957442E-03
8.79694058970542E-04 -1.39678397768929E-03
4.05835740186318E-03 6.95222667947236E-04
-6.30294340873898E-04 1.34834006105379E-03
-2.55661591276159E-03 -2.0393429455152E-03
5.84010900489006E-03 -1.64352107866241E-03
-1.31237344336747E-03 1.87200560272086E-03
-1.19168699883485E-03 -1.06276720215186E-03
-1.82364390458507E-04 4.28605365255071E-04
-2.16798170033425E-03 4.26730517395754E-04
4.82135294734993E-03 -2.82807061199249E-03
-5.77373988642729E-04 4.01226643506707E-03
-1.06832490629065E-03 -2.31156219618072E-03
3.39786233932389E-03 1.52099972834955E-03
-2.47452192030397E-03 1.04302513700431E-03
2.20285952885684E-03 -3.53880181262368E-03
5.44885204968732E-04 3.48499642151473E-03
-3.62389606552741E-04 -2.02270560101513E-04
1.05474949955424E-03 -3.34678767320906E-05
6.06923470134403E-05 -1.85961312454117E-04
5.58481572040011E-04 -4.95789830744831E-04
4.83945577191815E-04 -8.04829859352733E-04
1.19353598636786E-03 4.30384502091285E-03
-4.40831219780106E-03 -2.60722306975321E-04
2.06648966650458E-03 -4.38079497790472E-03
1.5998343902425E-03 3.30161813087874E-03
-1.49352265887698E-03 1.04235684239255E-04
2.00846285933953E-03 -8.03735136439791E-04
-2.46164360551216E-03 2.17639917741863E-04
2.63028432631435E-03 -1.92847436865659E-03
2.46226325198082E-03 4.18062318702298E-03
-4.55548573035175E-03 -1.06814740181466E-03
3.52329547748855E-03 -2.49211617954763E-03
-1.32298739918927E-03 1.7654011672784E-03
-1.20903201988617E-03 -2.82498058606158E-03
2.7153828429668E-03 1.68513068805318E-03
-9.32492837222208E-04 -6.16923955735346E-04
-1.0816818832711E-03 8.50596544928741E-05
2.23668514409218E-03 -4.70105501010419E-04
-1.5344097729932E-03 1.43548538578219E-03
-1.1661213114919E-03 1.04494282300594E-03
6.59702184356324E-04 -3.40392772631685E-03
1.01278125913713E-03 6.78009279252968E-04
-1.17416564668986E-03 1.98329932459152E-03
1.56742950666668E-03 -1.24266637492916E-03
4.28703141394624E-05 4.30161256907649E-03
-3.4531874535588E-03 -1.86099403290483E-03
2.23676264314959E-03 -1.93120013274836E-03
-1.14694020939213E-04 3.01878453624592E-03
-1.89428974110112E-03 -1.55490586161129E-03
1.73363816517431E-03 7.87342209379625E-04
-2.25785469737549E-03 -9.83727660761843E-04
3.54229862976213E-03 1.43924449361399E-04
-6.15440418895773E-04 4.35735061409069E-03
-2.97109648298535E-03 -1.75257360838865E-03
3.88873700574803E-04 6.35764102096577E-04
-2.51189194310797E-03 4.56965664411767E-04
8.01104035492402E-04 -1.45571179881743E-03
