3.15981963956621E-05 -5.3492964104183E-05
-8.52086372259863E-06 2.10287371644788E-05
1.21758455766507E-06 1.69437629604759E-05
-1.31222544188354E-06 -6.83967377192441E-07
-8.55814285042021E-06 2.04505051190294E-06
-8.56091199866118E-06 -1.81376148128377E-07
4.01458014735408E-06 -1.07392293035455E-06
-2.50591991215782E-06 -1.29036193129884E-05
4.64514004564407E-06 -4.31955881000139E-06
-2.25402495321018E-06 3.49555183128346E-05
4.60609213063421E-05 1.56486182344825E-05
-1.51219725761181E-06 -6.67863762104611E-05
-6.39937949825006E-05 5.05695131810132E-05
8.21516648184128E-05 -4.59595411763837E-06
5.6428373762522E-05 2.74490681209192E-04
2.67312316207157E-04 -5.02062511014729E-05
-3.97633972697298E-04 -4.02043290799913E-04
1.15333085318363E-04 -2.30204748052242E-04
1.24168096981033E-03 -6.97864167084914E-04
8.03717596477531E-04 -2.63183471527329E-04
-1.65584383171386E-03 7.44566593057625E-03
-2.38010136318384E-04 -3.73064605832977E-03
-3.78820978003326E-03 -7.25329712569113E-03
-6.14816229567259E-03 6.93783604346573E-03
2.78188427894161E-03 -6.62931575356167E-03
2.2656207347405E-03 -6.3765059319522E-04
-6.28516190919996E-03 0.011701640072058
1.87463824360151E-03 -1.57066183697224E-02
5.40122688553878E-03 -1.38341637307615E-04
-7.13246733487034E-03 8.21019032298811E-03
4.69209468205949E-03 1.24174435972331E-03
-1.1339740180081E-03 -7.94293957805117E-04
-3.04751481540851E-03 -3.30614468034678E-03
4.55484782384561E-03 -2.50805460480982E-03
1.57713869024219E-03 3.44545307749839E-04
5.03241056058108E-03 -5.40728158216817E-03
-5.18855663541077E-03 2.66222709333156E-03
3.69019928939845E-03 -4.52627779786847E-04
3.93502112191252E-03 7.36323391392377E-03
-1.23210724819849E-03 -3.1422407358255E-03
7.4488819052222E-03 -6.16023855309297E-03
-7.33930536428861E-03 1.80950839482264E-03
-0.010811547620857 -1.29102565941502E-03
2.21384474119297E-03 7.52781753671393E-04
-5.69074037458089E-03 5.92211263466278E-04
9.49981849288446E-03 2.17953605614707E-03
-2.93406923533988E-03 8.46572221065113E-03
-4.66856988902523E-03 -4.25175627209295E-03
-2.96018399256252E-03 3.0709222299567E-03
-3.18173303040406E-03 6.17412422211271E-04
6.30320095003682E-03 5.33083499701344E-06
4.20142270166209E-06 2.90236515086844E-03
-2.3457920607217E-03 -2.04407605088462E-03
5.19171340870683E-03 -3.60233332286312E-03
2.34698055674378E-03 -2.76737518245862E-03
-4.71273265958637E-03 -2.25941918709409E-03
-6.68979028884812E-03 6.51738506325212E-03
-1.82743086816388E-03 7.84314160587424E-03
5.06601793322975E-03 2.0359648258766E-03
6.91589483470248E-03 -5.91694431094836E-03
4.10423833986184E-04 -5.83930556525446E-03
-3.17703972840174E-03 4.6733736055724E-03
-4.31169916368921E-03 5.07954792277312E-03
-2.42435141622522E-03 9.61366168293245E-04
1.24845213164783E-03 2.46750138629422E-03
3.47421096999754E-03 -6.68654923855812E-03
6.0944956579392E-03 5.41668205418344E-03
-1.09121765951601E-02 -7.83726820939475E-04
4.17338724918429E-03 -1.12364584669745E-02
0.004374986157691 6.65189769472114E-03
-1.33199038478721E-03 2.88253807330656E-03
3.74770497667207E-03 5.54357552519055E-03
-4.08523445914718E-03 -7.94363386471549E-04
3.96688471129415E-03 -7.32997632772706E-03
2.45864337796894E-03 -1.35156722770838E-03
-6.36335495460752E-03 2.09111206565611E-03
-4.29857200924045E-03 4.67264476587954E-03
-1.24726668951726E-03 -4.91164814012288E-04
1.12582787149851E-02 -5.56223471442816E-03
-1.15185328462594E-03 6.52338508151885E-03
-5.28888557063089E-03 -4.55877175620411E-03
5.00378616713471E-05 -5.94827695416393E-05
-3.38344592449026E-03 -1.48872331458908E-04
1.15520643441315E-03 -1.04150555792049E-05
-1.04525594588194E-03 -1.31212344103126E-03
-2.30745719689446E-03 5.82634183087281E-04
-4.13904245099184E-03 -3.73839014485984E-03
-2.68326960045042E-03 1.11881360472112E-03
-6.74130980467417E-05 1.20362615254305E-03
4.5397934824849E-04 3.31292604260477E-03
-6.38392213353453E-05 1.07682742313891E-03
-2.77040499805755E-03 -3.89281887886024E-03
-8.1260384322544E-04 -3.2829003108003E-03
3.79753246172195E-03 7.80281549750995E-05
-4.17123122741901E-03 3.32779047402165E-03
-3.6760917332095E-03 3.05476889605193E-04
-1.5931708401513E-04 -3.17812350299055E-03
4.78256348137772E-03 4.29204457817407E-04
7.48889511053462E-04 2.02815189539405E-03
-2.64085032090228E-03 3.16156672560318E-03
-7.56114883881387E-04 -4.08425324580956E-03
-7.7286155858819E-04 -1.82964866792198E-03
5.92938665306555E-03 -6.20292177143689E-04
2.92108771606246E-03 1.57733781037714E-03
-1.16556443678319E-03 1.57119965118067E-03
1.79744330349824E-03 -2.64566792269253E-03
-2.34556192831444E-04 2.79928853497513E-04
-2.0292209028707E-03 2.0332709493683E-04
1.84219695592463E-03 -0.001719879399294
-3.68147798073376E-05 3.22502363675589E-03
4.21550919576863E-04 -4.62974828781042E-03
3.0803677482482E-03 2.25407260452551E-03
1.9943163877378E-04 -7.02636510946693E-04
2.98349718262755E-03 2.54443241573377E-03
-5.08886035948927E-03 4.04029540539468E-03
1.14731084286062E-03 -5.26246946496058E-03
2.42481388050937E-03 -3.04898004126349E-03
-1.7225528559729E-03 -1.50047084209956E-03
3.18195285556853E-03 -4.7826997463523E-04
-5.31965498287208E-03 3.52098603101699E-03
-7.63013374594281E-04 -2.78855947210462E-03
2.56528834843183E-03 3.28132775775075E-03
-2.61636636380202E-03 -1.37159725133044E-03
2.09173372484872E-03 -2.68818536626867E-03
-4.93506495838521E-03 1.31283029632494E-04
5.67773637861917E-03 -2.02615648590815E-03
-3.34177458463951E-03 6.4424216147482E-03
-8.62986027441145E-04 -5.94694602511203E-03
6.77044097509193E-03 8.80939067316075E-04
-5.09640426512971E-03 7.80731541991115E-04
4.08605814914376E-03 -5.84002321372896E-03
-1.08466454314998E-03 4.15899795827636E-03
-3.39433218614423E-03 -1.67951617762297E-03
5.18084028058385E-03 -2.68704105530544E-03
-3.89046206995431E-03 6.87413841854324E-03
-5.25104207747222E-04 -2.11890954707903E-03
1.67155865060274E-03 -2.60682134885776E-03
-2.72472191724047E-03 1.70425522249318E-03
-1.21069114361166E-03 -1.64565273662852E-03
2.08752577707565E-03 2.10462283895665E-03
-7.6142020996456E-04 1.87799143578055E-03
-3.74758512397346E-04 -2.34213715372416E-03
9.04231724523006E-04 1.40171667667826E-03
-4.20038046787673E-03 -4.41925923397032E-03
1.89550335739012E-03 -9.52531217722552E-04
1.62789113742828E-03 3.45451870053916E-03
-1.29539813549785E-03 1.07983985595983E-04
2.28217027377618E-03 -1.48924431556107E-03
3.21906180431486E-04 4.36970925313767E-04
-1.48444581380491E-03 9.84351005401407E-04
-1.97006936899019E-03 -5.97139013408189E-04
-9.59456340067505E-04 7.40366014325437E-04
-4.85836480562337E-04 -1.08680693109487E-03
4.23236257751769E-03 -4.33756789681339E-03
-3.31397914369516E-03 2.41552599509648E-03
5.03847079897554E-04 -3.35071008444599E-03
3.63596145945394E-03 2.26909312155792E-03
-3.56622680118924E-03 1.51544282308848E-03
1.78266707451478E-03 -1.90539196839347E-03
-2.13235723688604E-03 1.23712728436374E-03
-1.74859698933296E-04 -4.14291906454767E-03
2.62923790321526E-03 2.67315656704836E-03
8.7433124909874E-04 1.60908395641863E-03
-2.35857886743415E-03 -2.52342354585335E-03
-1.64695862765172E-03 -6.61593901189066E-04
1.49401906064178E-03 1.68087622798327E-04
1.42443158929007E-03 -1.19238231882212E-03
7.60500785687626E-05 1.96697304409062E-03
-2.06334878169158E-03 1.81746458454465E-03
-1.9496818592838E-03 -4.41868876702389E-03
4.75914783681483E-03 4.66288925287125E-04
-2.63729626229933E-03 2.56939003173485E-03
-7.02686461509189E-04 -2.16321351111989E-03
9.1437456033935E-04 3.36091898647243E-03
-4.12070339722966E-03 -2.09667625182795E-03
4.0440667909857E-03 -2.43935071733785E-03
-3.77645463169324E-05 1.54546758965496E-03
-3.7908512083448E-03 8.30138301586022E-04
1.34425054362973E-04 1.33145029392355E-03
-8.66214089560914E-04 -1.56380823372122E-03
1.45342877801879E-03 -7.96109712616738E-04
4.65972185095901E-04 2.07337965319859E-03
-2.85977025056561E-03 1.15204904426049E-04
1.01828003986033E-03 -1.8785308343283E-03
-6.1550501998931E-04 3.14295718648719E-04
1.49970350433566E-03 -4.9059121088356E-04
-2.32485117083723E-03 6.53891444432771E-04
2.08487595508299E-03 -6.06194774313708E-04
-1.65853072478872E-03 2.2604824247655E-03
-7.35748231799797E-04 -1.90281983280086E-03
4.07972491522319E-03 1.77393813247243E-03
-4.83040187838094E-03 8.6282563165482E-04
2.58777168551567E-03 -4.49294514930692E-03
2.32045606776067E-03 5.57307684118733E-03
-4.64223707780246E-03 -1.48401977981272E-04
4.25959258398977E-03 -2.73177812119193E-03
-4.13714406392638E-04 4.84533493340438E-03
-2.01062009332423E-03 -3.96569765995882E-03
2.43589122093128E-03 9.79397298894694E-04
-1.52405872269836E-03 0.00245569346506
-2.47304880517902E-04 -1.60896783845072E-03
