3.61145985895917E-05 -5.22487584415249E-05
-5.61965247141926E-06 1.91573962867336E-05
4.6389619629516E-07 1.45389961190453E-05
-2.57197747470304E-06 -6.85188516766011E-07
-1.11622198864503E-05 2.51578965990244E-06
-4.41026149049101E-06 -4.23211002600517E-06
5.80001200858392E-06 -2.75838352905485E-06
-3.45693699423474E-06 -1.32421555226789E-05
2.92853668133779E-06 -1.18816171358854E-05
-3.32533880419795E-06 3.39417079773882E-05
4.57937212923615E-05 1.23756489161621E-06
-8.76608290115553E-06 -5.32547358068129E-05
-4.4037351161452E-05 3.91236914791249E-05
2.72178331604826E-05 2.77528657897584E-06
2.34583313462156E-05 2.75928581629775E-04
2.88890118662188E-04 4.39111656265494E-05
-4.2677497702433E-04 -3.7052835992654E-04
3.45630019001598E-05 -3.56969891835151E-04
1.54920508067918E-03 -1.25165523118512E-03
9.7544235783969E-04 1.26261867901408E-03
-2.23694833302314E-05 5.63947964875481E-03
-2.2925373451185E-03 -5.34032217290003E-03
-2.61276545298775E-03 -3.66248269269284E-03
-2.58002149363586E-03 2.37789790369005E-03
-2.57667659727567E-04 -8.80031724195457E-03
5.60947176844101E-03 9.0573437076398E-03
-4.03261628971945E-03 8.40569043314927E-03
-1.47221323796517E-03 -1.71242456850922E-02
6.45181322225023E-03 1.69794416928639E-03
-4.43123777410822E-03 1.19321545998382E-02
2.56313164738221E-03 -7.36818427212116E-03
-3.0788487653634E-03 3.48396584018214E-03
-5.01378999996575E-03 -2.68482418334902E-03
1.03573636677523E-02 -4.69900343767643E-03
-1.24054610869252E-04 -3.53210511218621E-03
3.6511588386143E-03 -4.25804303382841E-04
-6.80514539078012E-03 3.10158730630978E-03
2.17238478883589E-03 7.79213443052753E-04
3.79438123226424E-03 4.26315113602749E-03
-1.15545413992395E-03 -1.56788092542853E-03
7.38816477259025E-03 -4.6867430305347E-03
-5.11129046210883E-03 8.08992368644151E-04
-0.012233743283495 -3.03956886374983E-03
1.96806707613785E-03 3.69056199291598E-03
-2.26396053511588E-03 -1.2172436349478E-03
1.22211704103764E-02 4.28576242978282E-04
-7.2297183976406E-03 1.28103204440155E-02
-6.45808613010019E-03 -6.85658595080892E-03
1.45840563916915E-03 1.92619077427466E-03
-7.76920700602656E-03 1.24866497842294E-03
6.19174158885909E-03 -1.81296514458723E-03
-1.76628407268123E-04 6.44308318539852E-03
-4.87199718483283E-03 -6.03252286044222E-03
6.43356297316907E-03 -6.80082148522088E-03
2.5626648551865E-03 -1.12703670498143E-03
-5.15909836645599E-03 -2.17918433175745E-03
-4.85409891444209E-03 4.48741944972887E-03
-1.51193316776117E-04 7.89248850872571E-03
2.69162915148555E-03 1.66398823624059E-03
7.23993809785889E-03 -2.54422011096782E-03
-1.50480051036417E-03 -5.20883081006423E-03
-3.46023342282567E-03 -1.07321627492533E-03
-3.10352206876303E-03 4.67624793540726E-04
1.70013927880352E-03 2.26373033952059E-03
3.83439641570268E-03 4.47365299535429E-03
-5.09946640181753E-04 -2.87859081447264E-03
2.01084672587382E-03 -2.97791296615568E-03
-5.47822350956798E-03 -3.12826029860282E-03
4.12397705831815E-03 -6.98699934292228E-03
2.04765087960026E-03 4.45279319185741E-03
7.40684734818851E-04 1.49272044258379E-03
-6.37002760448213E-04 3.94756949710061E-03
5.03656959795584E-05 -3.34036272867457E-03
3.03809807158118E-03 -2.34625613399596E-03
-3.61126138393124E-03 2.10352668257571E-03
-4.61597255632806E-03 -2.33929176289971E-03
-4.72914992191228E-03 2.9875901270892E-03
1.95026423169067E-03 -6.61597524459225E-06
1.13805773946686E-02 -3.60592407953393E-04
-2.49128401516096E-03 6.29995448176542E-03
-9.67405216672653E-04 -0.00832188264333
2.87117937080502E-03 3.52742100698932E-03
-5.54203725955918E-03 -2.39369242276568E-03
4.86166095921016E-03 -9.09815633595259E-04
8.14492056827946E-04 4.13648974914945E-03
-2.39704995985351E-03 -3.95898305618085E-03
5.73123033760079E-04 -7.16359558361853E-04
2.30927129818801E-03 2.76106289380101E-03
4.22202359063028E-04 1.35883469129244E-03
2.16826217851353E-03 5.37407819981347E-03
-2.19049329758878E-03 2.03185552733964E-03
1.9015941306795E-03 -4.69409917578529E-03
3.66324031269948E-03 -9.97711614153081E-04
-6.35794119011467E-04 4.65408965947964E-03
-2.32092604877275E-03 3.71036331417159E-03
-2.41989616480959E-03 1.48525690529375E-05
1.04974844367744E-03 -2.62153053768718E-03
8.78991337355798E-03 -6.96562122361378E-04
-2.05292903558451E-03 3.88419875485121E-03
-4.16637704002955E-03 -3.83219641815286E-04
2.74818542170725E-04 -3.45837299580181E-03
-1.50175770106816E-03 1.50732559305637E-03
6.80182371187582E-04 -0.002408405125186
1.45043805808163E-03 1.60109624838912E-03
-1.34071838344796E-03 -3.43514129127656E-04
1.18259004290275E-03 -3.34384310452723E-03
2.31448249548318E-03 4.52076068283221E-03
-4.26809731156317E-03 -5.46086316366854E-04
4.94417125929232E-04 -2.26460699604198E-03
-8.49283438959636E-04 3.50570382853494E-04
-2.87512457447176E-03 -4.68674906705164E-03
3.95188851784884E-03 1.28434345104479E-05
-3.9273986627022E-03 1.1918160799798E-05
2.78345730524836E-03 -1.17418491252388E-03
-3.27497390316535E-05 3.29953839656959E-03
-3.64405009185362E-03 -4.45838911538467E-03
4.48366487600301E-03 1.17330402694626E-03
-5.42459879758128E-03 1.92534197176155E-03
3.52285564009877E-03 -5.45219030339261E-03
1.86362496970473E-03 0.004483800735968
-4.85113580553107E-04 -2.26168894512991E-03
6.84674188822189E-03 3.95890873274617E-03
-6.27671447112557E-03 0.003703718138881
-0.001774262248328 -6.31414399013019E-03
4.09684585725315E-03 -4.74028336628886E-04
1.66616680527915E-03 1.50112769168762E-03
-5.42372256139877E-03 3.0818376631382E-03
-1.86506874336922E-04 -2.73891039536635E-03
3.89566799661445E-03 1.86274543513078E-03
-2.01636507439981E-03 -9.97166143324575E-04
2.81084460259183E-03 -2.09832151476937E-03
-1.33898270638453E-03 1.92871362244361E-03
-4.58718991188092E-03 -3.80055003558565E-03
5.68049211774122E-03 2.34100597445915E-03
-2.24143339897529E-03 4.38693651789749E-03
2.16515390460227E-03 -3.54725509996284E-03
-3.48724644994798E-04 -2.99463875800371E-03
-1.57642858626047E-03 6.59601108023656E-04
-6.88750284956499E-04 2.39920899174392E-03
-1.98064923456816E-05 8.85024672257516E-04
1.94018295090477E-03 -1.38345580872817E-03
3.17312131568534E-03 -1.69295313844472E-03
-3.05050944930319E-04 1.44759960296057E-03
-3.96292193413927E-03 -1.20213397358931E-03
3.1113920967224E-03 -4.7541786247585E-04
1.24319122960066E-03 5.4076140027576E-04
-1.00716529717577E-03 -1.04160733743415E-03
2.8169598610729E-03 -6.64296360572388E-04
3.92187864580624E-04 1.43843969253131E-03
-2.16484148343647E-03 5.15371982516287E-04
1.41293979656063E-03 3.70913728082259E-04
-6.61745530747935E-04 1.60614516596605E-03
-1.2087150358587E-03 -2.21115640451039E-03
1.29481429861966E-03 7.70772110888862E-04
-3.46927961504439E-03 9.55022517473157E-04
1.1279299349937E-03 -6.03532983412343E-03
4.53320226382575E-03 2.73250232913111E-03
-3.1411175104805E-03 4.32920979734498E-03
1.40153791689806E-03 -3.27257994776259E-03
-2.3202015069186E-03 1.72434257860126E-03
-1.93411525496753E-04 -2.36210927512694E-03
3.15762723378581E-03 -5.60424242291794E-04
-2.74309826478385E-04 3.63235669268447E-03
-3.65521068245512E-03 -2.43291763423214E-03
4.47451685661759E-04 1.36135496510649E-04
1.602577791079E-04 2.71734359393226E-03
-2.25223991764142E-03 -1.49215731335264E-03
9.30648663081069E-04 -9.23142579442374E-04
-2.62621477804524E-04 7.96138595693019E-04
-1.26621444520675E-03 -1.45777100350378E-03
7.87502696250394E-04 1.74808938997621E-03
-3.10437266139277E-03 7.02818723687858E-04
2.12115682560987E-03 -2.37145586092106E-03
1.52952940954655E-03 3.55677164937368E-03
-3.62419066366043E-03 -7.13102418239105E-04
5.64265000136963E-03 -1.57598473185966E-03
-4.54376782673107E-03 6.11230382913431E-03
-2.69781966783045E-03 -5.80817345040295E-03
6.50756471670639E-03 2.66236629677165E-03
-3.53102779393796E-03 3.98194464937922E-03
4.02877693902564E-04 -5.68231019787391E-03
1.61666140924982E-03 2.91764523233095E-03
-2.75715612276725E-03 -2.43503963698995E-03
1.8595310981928E-03 -3.6348314504781E-03
2.23277264034297E-03 2.78995693963638E-03
-4.01795486433057E-03 2.15571568167178E-03
-2.38703261778154E-03 -3.13821498219155E-03
2.71000490951587E-03 -1.0896895483658E-03
1.09071223680467E-03 2.4004623951074E-03
7.31322244859677E-04 9.44063931708196E-05
-7.23883558470871E-04 1.64700588370984E-03
-2.08396101782196E-03 -2.92773403404333E-03
3.17158873938102E-03 -6.22201254867201E-04
-1.30585128259488E-03 2.30978238231578E-03
1.28252795716544E-03 -4.14644838170192E-03
1.79547985414562E-03 3.98770288084339E-03
-5.61790340328311E-03 1.39116970723406E-04
3.91165132874173E-03 -5.27275662372655E-03
9.30235890408726E-04 4.58674284881374E-03
-3.73134405638499E-03 1.54849781114573E-03
1.05167070975857E-03 -2.6528714794193E-03
