3.30971489520239E-05 -5.12495290489994E-05
-6.59603284277382E-06 2.33804566791038E-05
-3.55508442169625E-07 1.82524755553297E-05
-2.92298773258741E-06 -5.8870821913012E-06
-1.09872999292211E-05 -1.6068003332177E-06
4.02811091713722E-07 -5.06352341927666E-06
4.02154897060161E-06 3.08281994440152E-07
-3.14183813080381E-06 -1.01501601438343E-05
7.66925397891308E-06 -9.51937031595436E-06
-4.01537024798867E-07 3.29964432503086E-05
4.15347569227958E-05 1.01587829943479E-05
-1.61197608937664E-05 -4.65044394808451E-05
-2.62898056942024E-05 3.18853707277E-05
-1.62223272490247E-06 8.29262557542821E-06
2.88050943840868E-07 2.82604822189958E-04
2.62374794829318E-04 -5.78725172541175E-06
-3.8409071142486E-04 -3.02861718990495E-04
-2.76639715264846E-05 -4.23165129983539E-04
1.94393126581234E-03 -1.2160804302209E-03
1.5185083849731E-03 2.1261690177128E-03
-1.7644144407015E-03 3.36960409399271E-03
-1.11371210554964E-03 -5.72366720458459E-03
2.79838955626065E-03 -2.7697329401142E-03
-5.4413987314534E-03 -1.19800947067057E-03
1.18705252977603E-03 -5.90950868813896E-04
7.39563796736495E-03 1.19866523143236E-02
-6.11334529976201E-03 4.31703916078041E-04
-5.34886213057376E-03 -0.012731374089564
1.07084418108396E-02 8.36609055331172E-03
-8.42947015531379E-03 4.62726973180478E-03
1.93298221452602E-03 -9.7699828045668E-03
-5.64296249428297E-03 8.80940917129443E-03
-4.79098205064298E-03 -6.88145963317489E-03
1.41677763635424E-02 -8.41008701591025E-03
-1.69330537937883E-03 3.90031254821069E-04
1.36278183447029E-03 -5.60560654141474E-03
-1.98776479103682E-03 5.71864112210239E-03
-3.33453450603504E-03 -1.19897943020918E-03
5.32143346311162E-03 1.13267095585906E-03
7.92061033803414E-04 -1.21865085646312E-03
4.50346786998646E-03 -5.70796030914577E-03
-6.09249534291358E-03 3.34803910908082E-03
-5.62258721080608E-03 -3.91569083844191E-03
5.3766839902214E-04 1.62357051276277E-03
2.43338722641663E-04 1.69171097217404E-03
1.20265594626585E-02 4.49431991842807E-03
-5.87008667205474E-03 1.05372660775642E-02
-8.78540965140815E-03 -1.02430229824348E-02
3.77374111972034E-03 2.31796178702205E-03
-6.69531159871669E-03 3.77378198641091E-03
4.51405646442597E-03 -4.44030034790194E-03
-5.73902870590419E-04 3.77336782087982E-03
-6.39131693575236E-03 -5.86645327112944E-03
9.59847950643404E-03 -5.02034596517688E-03
2.94842540214862E-03 -2.02556908123014E-05
-3.23821524940877E-03 -4.31598474094431E-03
-4.78498740041078E-03 6.11665506396424E-03
-5.98932715913843E-04 8.24298368727025E-03
5.88554752881475E-03 1.53568468778523E-04
6.56074657810725E-03 -2.53882179600837E-03
-6.90737705612264E-03 -6.76300190925834E-03
-1.66319716951749E-03 -5.3216846686896E-03
-1.12423269481971E-03 -2.58094682759996E-03
2.7074791770923E-03 2.86183857419745E-03
4.69218979305395E-03 6.46659564679903E-03
-6.10367631142122E-03 -2.28266801401584E-04
8.88667441464771E-04 -8.72044475396955E-03
9.93665116314761E-06 -5.12478860269144E-03
1.2610858004271E-03 -4.36745818923608E-03
1.37221234720335E-03 3.47286483589202E-03
5.09816534547237E-04 4.56770506225188E-03
-2.3504447554852E-03 9.57266974138663E-04
4.94613865779758E-03 -4.4861502681611E-03
4.95606640199588E-03 -8.86814843773741E-04
-1.11126965983803E-02 2.4565507764078E-03
-4.07409412474258E-03 -5.22110546957642E-03
1.82161572564369E-04 3.61505359814548E-03
2.17632864978228E-03 -2.93398135746218E-04
9.96585707273425E-03 2.54297300864006E-03
-5.91342540241426E-03 4.88347194816908E-03
-9.20442497435412E-04 -1.21109542924252E-02
6.25400624429551E-03 3.80851359217979E-03
-5.23587927156336E-03 -1.39598213820166E-04
4.33232858221697E-03 3.08327470076301E-03
-2.96242812696946E-03 6.73111110988424E-03
-2.48129991542146E-03 -6.66619385550363E-03
-4.37931621835287E-04 2.27297174467148E-03
-1.07976581582524E-03 4.40670379089163E-03
2.11985088713634E-03 -7.22552978602381E-04
1.38281987669966E-03 4.35867639049228E-03
-5.59489893275781E-03 -7.1787871780874E-05
2.74292788496426E-03 -1.67824679637927E-03
1.68433697862902E-03 -4.1615636982397E-04
-4.40638080130641E-03 -2.55856573691163E-05
-1.16271051050603E-03 8.24406900708522E-04
9.22923288446083E-04 -1.31186915831131E-03
2.40924099643656E-03 -1.0163536754147E-03
6.84122513281053E-03 -2.85506517088183E-04
-2.65027409489966E-03 4.00192098528363E-03
-2.84781074596721E-03 -5.94914556621124E-03
2.60594270782291E-03 -4.61173506604554E-03
1.22123184524568E-03 2.94590040259486E-03
-4.06073282742165E-04 -1.60501368541145E-03
-1.98658861135404E-03 -7.84533672135307E-04
1.3923134362943E-03 -4.05018981091638E-03
3.43238141647588E-03 -2.30311060706706E-03
8.84945939044779E-04 3.44002086764415E-03
-5.36585940670964E-03 2.31332105115974E-04
1.02455393482834E-03 1.37778290796145E-04
3.38199873469309E-04 8.96505732651101E-04
-2.35266294650968E-03 1.57674525544459E-03
9.06387631684151E-04 3.0895923886193E-03
-3.55070809897982E-03 7.70037154010495E-05
2.52285679530872E-03 -3.73275104901758E-03
1.38122564576455E-03 5.9074389857909E-03
-0.004270917112662 -5.2111173187789E-03
4.00500215005468E-03 6.87475633413482E-04
-8.09270513424754E-03 2.2938548014831E-03
1.09956107939249E-03 -8.72207606557389E-03
2.19804252857903E-03 4.59569882954844E-03
-3.78610539213871E-03 -3.02848669906115E-03
6.52602865115677E-03 2.3392724585982E-04
-3.42494259673339E-03 5.0412130714677E-03
-4.17581160399603E-03 -5.52437682072569E-03
5.60080810634776E-03 2.70373924047126E-03
-4.2120230325886E-03 1.1787840039898E-03
1.33549079992009E-03 6.33646062245984E-04
5.3858823831654E-05 1.29828981830279E-04
1.86962869308335E-03 -1.54751085242186E-03
1.90622957589547E-03 8.78170848185656E-04
-2.43457035730696E-03 -2.57764409798449E-03
-2.60926334651368E-03 1.25196314721054E-03
-2.14354866104564E-04 -2.87864679431538E-03
1.79971577091616E-03 6.13993895185914E-03
-3.93924096845133E-03 -6.49250593283592E-05
2.66163529713439E-03 -3.53499808799063E-03
2.4306242486567E-03 1.40127287998861E-03
-2.18143402508619E-03 -2.72208600897237E-03
2.74054715909373E-03 2.57838400770628E-03
-7.63722180192146E-04 1.80721577280798E-03
-2.57249535588099E-03 -3.38149858308844E-03
4.42501721316191E-03 1.24790466057739E-03
7.27147098047798E-04 -1.19175267747488E-03
-1.54391218638776E-03 -1.86577887081915E-04
4.63075560375341E-05 -0.001154937882581
-1.78223748840128E-03 7.01247133089571E-04
-1.79724660810493E-04 -1.16519232837841E-03
4.60906119481556E-03 -2.06459776570031E-03
-9.30694449527942E-04 3.07372986021125E-03
-8.88931585305882E-04 -1.59622237059063E-03
-7.93096933008389E-04 9.1931792858828E-04
-2.15391803143767E-03 1.6954029154714E-03
5.58823256569172E-04 -2.09639063616772E-03
4.0472414292741E-04 4.39389330619383E-03
-3.74761087863136E-03 -1.73131175812448E-03
2.80886652691063E-03 -4.43963115014076E-03
3.65503726478888E-03 5.92311484727465E-03
-4.4896814913675E-03 2.6314204939241E-03
2.79264894536905E-03 -1.9346457529213E-04
9.120693162808E-04 1.35526073361459E-03
-1.95013764063591E-03 -1.28343930450026E-03
2.40998179879853E-03 -1.1209688639588E-03
-2.75054153517618E-03 2.85355534456678E-03
3.03333991400112E-03 -5.6075181548709E-03
4.33635988613361E-03 2.84363527624011E-03
-6.03850335479964E-03 4.53705183138771E-03
8.53240097536767E-04 -3.53565524333844E-03
-8.7443137848948E-04 -7.95821126310891E-04
8.53208413538289E-04 1.79411787546403E-03
6.66281513855688E-04 -8.48770859263287E-04
-1.44159709349933E-03 2.91491333203663E-03
-3.12003608303519E-03 -1.54104622121047E-03
3.06471414291516E-03 -2.06017907519353E-03
8.3371399754191E-04 3.91039602871019E-03
-1.90072478672867E-03 -2.77147337673416E-03
4.20865897737176E-03 1.84348695296695E-03
-4.61944217192542E-03 1.33535748072119E-03
7.29834566657091E-04 -4.59638535973341E-03
3.13993816332264E-03 4.01396198022144E-03
-3.72640550409166E-03 -3.97018094308818E-04
3.62691647894282E-03 -2.26519021959727E-03
-1.42263597402788E-03 4.34234733954063E-03
-3.95179488673731E-03 -5.2443179907969E-03
4.04801740149819E-03 -5.60910123109833E-04
-2.41761761256985E-03 4.18924290245872E-03
-3.96658761227634E-03 -2.49487907394144E-03
5.1076851607663E-03 -1.7479327143853E-03
-4.22165138655988E-03 3.65728130281611E-03
1.41784859044595E-04 -1.61866554551029E-03
4.21297969011686E-03 -6.27066382369992E-04
-3.08186293472566E-03 2.22322398789933E-03
9.94363469831207E-04 -3.78526742150526E-03
1.92796303811671E-03 2.7538259146291E-03
-1.97769304286392E-03 1.71467168091096E-03
-3.22815976267061E-03 -4.92754934382955E-03
3.42738799110247E-03 -1.27420241426171E-03
1.25780388826296E-03 9.28808935514922E-04
-2.40866300480221E-04 1.38716483059864E-03
-8.07973852695029E-04 8.63280491921212E-04
-2.22945240626114E-03 -1.89388062390345E-03
4.57827905794787E-03 1.06848520322828E-03
