3.34528845777629E-05 -5.21878253715297E-05
-6.90160971473459E-06 2.25338659435656E-05
1.16358558151125E-08 1.58342434261723E-05
7.38374488929656E-07 -2.61667611425001E-06
-1.0138816393305E-05 1.94476007667589E-06
-3.683132079864E-06 -4.81482437017686E-06
5.72749744496067E-06 6.07387850843434E-07
-4.44025117649888E-06 -1.10887300838949E-05
1.08132868179406E-05 -1.00500007445355E-05
-1.86229260394308E-06 3.78248755319302E-05
4.62914394115214E-05 -1.03844502009119E-06
-1.72365445355614E-05 -4.44259203588412E-05
-2.05346763810124E-05 3.50384931617464E-05
-1.52296009010144E-05 8.6360239928297E-06
2.18602809723951E-05 2.87911168384415E-04
2.40304403337752E-04 -1.04915040544903E-04
-2.73429177239175E-04 -2.31434123234337E-04
-1.68765828232498E-04 -3.01764715437795E-04
2.20022769609878E-03 -4.64584414620763E-04
1.25986192523549E-03 9.4864049258318E-04
-3.5439978827421E-03 3.34206708636013E-03
5.59322108531426E-03 -4.59467712208281E-03
4.42871604351689E-03 -4.38713952453185E-03
-8.34299983066497E-03 2.73805334429652E-03
3.75656590094659E-03 6.40705493544995E-03
4.63899903783129E-03 5.82069428554102E-03
-1.21381150904908E-02 -3.23498267266497E-03
1.72364200542236E-03 -5.22334581815644E-03
8.40187701521783E-03 5.36640970996336E-03
-1.11036773665906E-02 1.07270057880857E-03
2.45997230688808E-03 -3.57142016120685E-03
-5.02438769095232E-03 4.26082543300443E-03
-6.53800198677358E-03 -9.95511746554832E-03
1.52132940922833E-02 -7.95813103122147E-03
-3.46075529988784E-03 2.10066953373073E-03
7.18547193867515E-03 -8.96331078984047E-03
-2.26745375648921E-03 7.7192188750614E-03
-4.52908958525166E-03 -4.63588805566361E-03
4.88860915358033E-03 7.64123326696705E-04
3.96323460441956E-03 -9.15429304919416E-04
2.10599797037776E-04 -7.39411766682556E-03
-5.6232553065591E-03 3.79276580864124E-04
-2.20476987725654E-03 -2.89155909753299E-03
2.28437193287096E-03 4.78863184089937E-03
7.3809517956413E-04 2.82685710188439E-03
9.49969537710327E-03 1.14032442449215E-04
-4.4508832671095E-03 0.010949248723152
-5.95751941970326E-03 -1.01246995762446E-02
4.48063246583633E-03 1.54416545556155E-03
-6.36135825630042E-03 1.8537048741693E-03
2.41025237874204E-03 -5.63258437335457E-03
2.17177000636041E-05 5.35738616815865E-03
-4.85520067576374E-03 -6.3364698972721E-03
7.57896356571271E-03 -1.63609434699272E-03
-3.39573390954192E-04 2.07602081414971E-03
-3.70755983478752E-03 -3.08650156111488E-03
-3.21064208324439E-03 6.35311140162683E-03
1.11411711312361E-03 4.47121634508825E-03
8.64660011463418E-03 1.51328494658106E-03
3.77477197355691E-03 -1.5270579008984E-03
-5.71432487370679E-03 -7.8248358797657E-03
-1.06584435856594E-03 -5.72905028019296E-03
-8.75399653485215E-04 -7.13303695237863E-03
2.63463370801465E-03 1.21281066903034E-03
6.77293686849782E-03 8.18653570978339E-03
-7.19320834136164E-03 7.61323568779282E-04
-5.98512772789623E-04 -1.08327724488929E-02
5.52857382934847E-03 -4.8489140290001E-03
-3.19630247983865E-03 -3.68586437016068E-03
1.22333457319537E-03 3.37340156816914E-03
-1.46383903501481E-03 6.16814493721209E-03
-5.29395854033295E-04 -2.62684646410986E-03
7.82843093971088E-03 -2.28338219844461E-03
7.13286827603445E-03 1.96949556808455E-03
-1.07462049644157E-02 2.39141063767651E-03
-6.20170203607145E-03 -5.46749034209722E-03
2.07280731197022E-03 3.04162431267676E-03
5.04880176487848E-03 1.86851256916006E-03
5.70365531435157E-03 1.19893808529619E-03
-0.005547577677045 -1.03396597468558E-03
-6.20139460907324E-04 -1.14330873321135E-02
5.93603746547523E-03 4.90094755691832E-03
-6.82199563312498E-03 4.58298816079986E-04
2.53223203451459E-03 2.39467976919391E-03
-3.13726337427087E-03 3.63836654560119E-03
-1.5501748139461E-03 -7.39940948594365E-03
5.00534138492171E-03 2.44472054123371E-03
-4.73469924096368E-03 2.26368497577654E-03
4.60708305603845E-03 -9.0648227730321E-04
3.5477745553154E-03 1.93098639096379E-03
-2.24620605736671E-03 -4.09400312658595E-03
6.44907554236883E-03 9.1096764267623E-04
-2.74158923048668E-03 8.56499059989745E-04
-6.31525596085684E-04 -2.46569980203246E-03
7.93111094084157E-04 2.024643540096E-04
4.8898766556554E-03 4.13051751677444E-04
3.35321829198045E-03 3.3579763171704E-03
-1.26872182667425E-03 -1.37419636125065E-03
-2.42263366678074E-03 2.99177285713313E-03
-2.28710104446504E-03 -4.61623520888067E-03
2.63763761881822E-03 -0.002215188759144
1.00359015080127E-03 3.36930232024479E-03
-4.17776740324438E-03 3.01549193604519E-03
-5.11907182428253E-03 -2.54777456685652E-03
1.41082644469491E-03 -4.93318088451779E-03
0.003067092527263 5.03385878151358E-03
3.2328007678149E-04 -1.4276888553825E-03
-4.06171478414252E-03 1.3796249325131E-03
1.27674065563832E-03 -2.77900878440751E-04
8.96535896984172E-04 -2.77932749008688E-03
9.93565182877666E-04 3.60171563897296E-03
-2.5065578933611E-03 9.93680426235984E-04
-1.88808958187166E-03 -1.44339947155662E-03
3.7029789567912E-03 -3.40539533061549E-03
-5.74740272791397E-04 3.3330349498478E-03
-4.6456323255024E-03 -1.10307666708744E-03
3.86378703453126E-03 -5.21783074435738E-04
-3.27749953325612E-03 3.91516214055872E-03
6.2343844689026E-04 -5.49072047434086E-03
4.32685716813755E-03 5.87268169291853E-03
-5.56101209695228E-03 -1.18404739594213E-03
5.57991933648605E-03 -4.1918567143452E-03
4.18893153238565E-04 4.71611406032505E-03
4.84753056954242E-04 -4.54840996414991E-03
3.46213730792621E-03 3.66979815369751E-03
-7.64067834931718E-03 -6.00044907064479E-04
2.4487169041572E-03 -9.46067980463384E-04
4.86440749034537E-04 2.61957171419006E-03
1.10621982946141E-03 -1.11772720875111E-03
1.87201317337966E-03 2.42452684459266E-03
-4.57091199788482E-03 -2.49630291959013E-03
-9.58134065491195E-05 -1.27890384028363E-03
-1.38258384603119E-04 1.82641835741309E-03
-9.91487628814048E-05 5.45094411547109E-03
-1.48094758693827E-03 -1.55421165174529E-03
2.05975096070439E-03 -6.77632497074714E-03
1.07039892486791E-03 -2.55941006656658E-04
-3.71630344760926E-03 -3.9877916509528E-03
3.8137260242675E-03 1.76312647595384E-03
-4.38166019553218E-03 6.15830649076382E-03
2.06069814209831E-04 -4.42127668966005E-03
0.005361127102462 1.50066504477041E-03
-6.54148094213189E-03 -1.29321657535753E-03
6.38464900998373E-04 -2.0217759731633E-03
1.12208358001554E-03 4.0786748722727E-03
-3.51900302595552E-03 3.63620539494842E-03
-8.01194298740463E-04 -3.48329281894947E-03
2.58678967035384E-03 -1.34059725941625E-03
-2.0064592828656E-03 2.17265328162715E-04
-3.20963767523805E-04 -1.75830462187655E-03
2.26294592487957E-03 3.12953411658485E-03
-2.20360986997759E-03 1.11653005527278E-03
-1.40021061309701E-03 -4.03151908806784E-03
-3.79463920894435E-04 1.18871508623265E-03
1.26669353853929E-03 -1.14909832869964E-03
2.51293994234219E-03 9.2244448817614E-05
-1.01863413218169E-03 1.46641714143451E-03
1.26277193114535E-03 -8.11977646552196E-04
2.57886412808309E-03 4.60028052770516E-04
-1.39803706034352E-03 -1.96999348937631E-03
8.04885998834003E-05 -6.39684143091437E-04
2.09246048109677E-03 2.09747281250978E-03
-7.02974081015322E-03 -3.52818517019701E-03
6.03041852273365E-03 -4.68362399486678E-03
9.82084017066112E-04 3.84500561121491E-03
-5.23281174680011E-03 -1.19578462184206E-03
2.51480518594137E-03 2.35863778419079E-03
-7.71423494604468E-04 1.72434695446276E-03
-3.68423893013717E-04 -4.4661320240893E-03
1.33619618003543E-03 -4.44735026334112E-04
-2.81495686997436E-03 1.77604697219941E-03
1.68339010395952E-03 -3.06110197863831E-03
4.69396546702279E-03 3.55660809458574E-03
-5.08779407967186E-03 2.10465771345022E-03
1.22097048399193E-04 -5.3178606585489E-03
4.00874702515415E-03 6.25917418402936E-04
-4.1814387598496E-03 9.8246376645291E-04
2.78233646008767E-03 -1.52573819119909E-03
1.13600601539366E-04 2.72074989423749E-03
-3.52577003524375E-03 -3.22798139948159E-03
4.80316270190856E-03 -9.99594754286399E-04
-1.20288061884959E-03 3.62572105201428E-03
-1.39030996575713E-03 -2.77054397673564E-04
7.23387282227687E-04 1.98784710218753E-03
-1.06977114997868E-03 1.24219607328846E-03
7.57381363220964E-04 -3.21634191978392E-03
3.10017636450846E-03 7.35160385863078E-04
-3.20063614543156E-03 6.62731669512666E-04
2.22847251275697E-03 2.17752128414632E-04
-7.94642706448406E-04 7.81433648953031E-04
-2.54711871009715E-03 -6.26457074199503E-03
4.2571648710274E-03 3.46936773326157E-03
-1.34546744517414E-03 8.45735525158415E-04
-1.99460594762019E-03 -1.87593415103486E-03
1.59688682572564E-03 4.21508230063237E-05
-4.68506762644475E-05 2.49942136195259E-03
-2.50129702795461E-03 -5.81307358963582E-04
3.07324246256754E-03 -2.69512098242591E-03
2.39579979062369E-04 4.15279625208536E-03
-1.87508012781261E-03 -3.70348852016416E-03
6.24933482786822E-03 1.58129782370689E-03
