3.37683833433964E-05 -4.98330974664806E-05
-6.03090805221634E-06 2.35941217260277E-05
2.32434276712358E-06 1.92578819523566E-05
3.57515054634783E-06 -4.3949327953954E-06
-8.27978626582542E-06 1.47605780199892E-06
-1.25911627799386E-06 -2.88702257989984E-06
2.3780760686765E-06 1.52995500696948E-06
-2.28867289190131E-06 -9.10366294452769E-06
1.52464821777327E-05 -4.5284488548884E-06
-8.00050521366515E-07 3.68570388936699E-05
4.0112835840945E-05 -6.50229478620138E-08
-1.37609598994481E-05 -4.63716359941879E-05
-2.32801170626503E-05 4.90286083763516E-05
-5.29729832193843E-06 -4.72900729399557E-06
5.32375770466052E-05 2.65408117042292E-04
2.44032924357894E-04 -2.10399287208472E-04
-3.18462737376837E-04 -1.14584798140291E-04
-6.79940667695022E-05 -2.84210847412427E-04
2.16238242727106E-03 2.26395643448955E-04
4.36697279576363E-05 -5.92227885231226E-04
-3.2451617385282E-03 4.52611324595353E-03
1.14587965593878E-02 -2.31159780079167E-03
2.06058145892297E-03 -3.94018102795591E-03
-8.76020247466389E-03 9.48037104406269E-03
8.27671276991792E-03 4.31124247620086E-03
-2.40487403295553E-03 2.36601756155721E-04
-1.03354513302866E-02 -5.15400337209698E-04
8.97449557248389E-03 -7.50894457125823E-03
1.27859060364398E-03 -1.53268971638258E-03
-4.45894827870075E-03 8.13220720335569E-03
7.04424861501036E-04 -3.60185270441073E-03
-3.08677603266518E-03 -1.61846012544592E-03
-7.13824081592632E-03 -6.34555111375042E-03
1.56445711536075E-02 -6.32454096025447E-03
-1.09656070959764E-03 9.15105935940274E-04
2.61978948789225E-03 -6.5843698574619E-03
-1.10167197557571E-03 3.75869144408286E-03
-4.08260956485873E-03 -1.85008661580347E-03
2.30329412992502E-03 -2.90659581780454E-03
3.45066039505772E-03 4.6587527152465E-03
2.52932276502923E-03 -1.04821051073428E-02
-8.21978458037149E-03 -4.8461896533145E-04
-3.1624504873182E-03 -9.53500009502575E-04
2.83813548976709E-03 5.35395458318513E-03
1.42497129937489E-04 2.40538277416931E-03
8.78711767902292E-03 2.29943412635669E-03
-1.66456083110381E-03 9.13450083143413E-03
-3.99555641328085E-03 -8.25580460448443E-03
2.88162777202287E-03 -2.46208255524387E-04
-1.91657581368533E-03 0.002944526953236
2.47113595123074E-03 -4.76621398937503E-03
-2.2538116355835E-03 2.61412284502239E-03
-3.93646103906061E-03 -7.91873826906746E-03
8.56941962837513E-03 1.66495875020854E-03
-4.39306967557152E-03 1.87692723893947E-03
-2.83821751887186E-03 -5.99319020044976E-03
-3.51808452066987E-03 5.80777741586964E-03
2.81636607011007E-04 3.55723294361443E-03
1.24660301751812E-02 1.66843398637278E-03
3.16900164850615E-03 -1.27430535813572E-03
-7.17058773904928E-03 -1.03299440080964E-02
-1.13863160599808E-03 -1.71771680450782E-03
-9.19561311156438E-04 -4.94501155088121E-03
5.25379772627994E-03 4.83908854631788E-04
5.25056758168989E-03 8.58973346742888E-03
-4.5980040225654E-03 6.10063785632605E-04
1.01427839207478E-03 -8.12293355610154E-03
3.68936244272361E-03 -1.28275153103272E-03
-4.4006715394486E-03 -1.67098732924042E-03
7.63890199968034E-04 1.69159229758827E-03
-3.91143682453737E-03 6.22377009084685E-03
4.30651236432244E-03 -2.08808230092704E-03
7.2274993254732E-03 1.90723656210296E-03
1.20451490116453E-03 2.49827410813851E-03
-4.65911208126738E-03 4.78859893021274E-05
-4.66669416983211E-03 -2.91061460364881E-03
-5.7916913111888E-05 2.72496400946835E-03
7.70055723596557E-03 4.3547548444042E-03
1.43910464432365E-03 3.48865095549817E-03
-4.87714102998554E-03 -6.34392765558523E-03
5.07235445860727E-04 -1.21941177961559E-02
5.51698794165455E-03 5.78101738984144E-03
-4.26428531375383E-03 3.36559243001395E-03
9.99178428397424E-04 2.91333618788517E-03
-4.44868084621522E-04 1.06070379425526E-04
1.89850614806462E-04 -5.96358426874916E-03
6.96635887510613E-03 6.48679014389475E-03
-8.05154631983379E-03 1.04485454244076E-03
1.76195280780951E-03 -2.28162037429904E-03
2.53156949087815E-03 1.19447560620329E-03
4.90917031409043E-04 -2.66177035681904E-03
4.4297821277834E-03 2.11133373729555E-03
-8.29353447859145E-03 7.09142343881307E-04
9.13713078844569E-04 -3.00168691045494E-03
-8.03284615307856E-04 -9.92059027991752E-04
2.03867796680982E-03 -2.08665365367001E-03
4.28958290551569E-03 5.02502159755928E-03
-7.47897331778423E-03 -1.48765169288316E-03
-1.21402380944648E-03 -3.11455439074221E-03
-3.06977265667146E-03 -2.47898707071293E-03
5.98705344065963E-04 4.47698677339138E-04
3.08157668393741E-03 1.27040115427279E-03
-5.28524658378286E-03 3.23992948733037E-03
-2.82758185878529E-04 -4.76427695003117E-03
4.37489541342537E-03 -2.31198414216696E-03
3.99981843219962E-04 7.08775543181126E-03
-8.83412138162659E-04 -2.63930110970073E-03
-1.8955161935342E-03 2.46851736625457E-03
2.56142888926171E-03 -8.495557261135E-04
3.09378743976045E-03 -1.28433687888052E-03
1.48308115541355E-03 5.95434167070038E-03
-1.38519312102207E-03 -7.1749511969227E-04
2.18662005129828E-03 -8.41929488473796E-04
3.42724422904903E-04 3.25122613349375E-03
1.77219180397092E-04 1.40981245542492E-03
-3.15096407817267E-03 -7.47316620950534E-05
1.56217950991077E-06 -3.57257644396939E-03
2.20373039808149E-03 3.24311827966883E-03
-2.15466850482682E-03 -9.04555008861864E-04
-3.27617053408523E-04 2.23210311919097E-03
-4.13497584566679E-03 -1.33096071074407E-03
3.29971506359167E-03 -3.94781757474065E-03
-9.99271769825784E-04 1.58157812414479E-03
3.83693168977303E-05 -3.13604225084204E-03
3.58660362173554E-03 2.95300668309999E-03
-5.33097657650151E-03 1.78068475790231E-04
3.10523047809239E-03 -2.6678343264376E-03
4.98722112229934E-04 2.81413341347763E-03
7.33118553637911E-04 -3.61140612043122E-03
4.49823522269932E-03 -8.26426125220455E-06
-3.64632054151135E-03 -9.97269503207665E-04
7.70177276316143E-04 -2.12591955425543E-03
-1.6006492298997E-03 1.59718089366959E-03
2.04845629986279E-03 -7.05555387533064E-04
-3.64036895532992E-03 2.46108706205165E-03
-1.31164273560395E-03 -4.26420815614052E-03
3.3793110050395E-03 6.33375068408252E-05
-6.73589540713506E-03 1.20643321208437E-03
5.56729473027826E-03 -1.39219940703533E-03
-2.43060924429029E-03 4.79558431180752E-03
8.74166128836662E-04 -1.83666167316094E-03
4.93398926779306E-03 5.09872958584125E-03
-4.37387312848705E-03 -4.75892895640311E-04
3.93552172489598E-03 -4.07812237899726E-03
-8.57024940293786E-04 4.09718522812838E-03
-2.18079827702569E-03 9.78453096150718E-04
1.01742601089288E-03 5.25230470258792E-04
-3.11523449313702E-03 1.80265025458679E-03
-1.98944008595318E-03 -2.79430438118366E-03
3.5539410860145E-03 -1.85514998122401E-03
-1.43837693716946E-03 3.51292492406937E-03
-2.15230319883254E-03 -2.73755263138357E-03
2.83110634642066E-03 2.87972759266994E-03
-1.1043485047121E-03 2.41521979890853E-03
-9.41000527290866E-04 -3.79524313408875E-03
3.62208517341537E-03 3.86000907629759E-04
-1.90941654424337E-03 1.30417882854441E-04
-6.82802844000003E-04 -2.73927675447211E-03
2.28949566445895E-03 2.56704893494919E-03
-2.4741170912195E-03 -1.42624467637582E-03
1.64699536098637E-03 -1.98378760762356E-03
-5.13961463790376E-05 2.51037361748298E-03
-5.51941239938713E-03 -2.45849863973995E-03
3.61241095345593E-03 -1.39174651763815E-04
-3.83211543350219E-03 3.53315633167458E-03
-2.69046026631646E-03 -5.22919630034189E-03
5.73524675734138E-03 2.16131701954214E-03
-2.95371891530242E-03 1.93677086308621E-03
1.52268570653981E-03 -2.3169015349172E-03
-7.74035218852968E-04 4.01867354254889E-03
-5.02263008887689E-03 -2.02225704947552E-03
4.0822768822502E-03 -4.12831777009597E-03
1.96297887797942E-03 6.25812845650035E-03
-5.04794295853834E-03 -6.22274113623401E-04
1.33031094180852E-03 -2.80410182957473E-03
-1.83927775824977E-03 2.04028553243588E-03
-2.31505381933383E-03 -2.43352898722016E-03
4.77724085142159E-03 2.09815370603986E-03
-2.06194231720627E-03 -1.50927567311232E-04
-7.14117605888314E-04 -3.42351535374253E-03
5.95233700867049E-03 3.73180041638477E-03
-2.11625311294661E-03 2.66341685832846E-03
-7.28315445103841E-04 -4.08302140771385E-03
5.93970254616649E-03 3.33605749904505E-03
-1.89212062586044E-03 1.84408529974615E-03
4.23576411572651E-04 -4.65284309867895E-03
2.33207304675641E-04 4.75506073825186E-03
-2.05597558433624E-03 -1.25012846201693E-03
2.59136511628847E-03 -2.94879089775243E-03
1.12727519523704E-03 2.38867619168889E-03
-5.52231777857665E-04 -2.92808984732599E-03
3.33328753014081E-04 1.77877941946532E-03
-9.76309573708544E-04 3.73625703338918E-04
-2.39385747764612E-04 3.26791257090554E-04
2.25647987089875E-03 1.12985031884958E-04
-1.16055840831093E-05 1.29030468351063E-03
-1.63185090633902E-03 3.68691540317776E-04
2.58074857693759E-04 -3.29340960167623E-03
1.32798334887774E-05 2.12501196859872E-03
1.43197752297237E-03 -3.43025667443977E-03
1.3299873847237E-03 4.80729137280383E-03
