3.05574328492023E-05 -5.38543165048365E-05
-4.66490318616174E-06 2.151791441946E-05
2.16179744825048E-06 1.65028650184046E-05
-1.65609399563978E-06 -3.05463675087047E-06
-9.79244769459268E-06 2.4427144744273E-07
-4.57094124739181E-06 -6.80367756368923E-06
1.48397226405452E-06 1.21446075441668E-06
-1.26764312893344E-06 -7.43470937732028E-06
1.05282836328453E-05 -4.73717164496603E-06
-6.20743500242399E-07 3.7055051222631E-05
4.15703549672127E-05 -1.31031790328429E-06
-1.39810083391403E-05 -5.2584299350867E-05
-2.77241182066506E-05 6.2350155854418E-05
1.14220358960702E-05 1.57983491112869E-06
6.65552635159159E-05 2.265982010325E-04
2.67827452727265E-04 -2.44936868325182E-04
-4.49701694136564E-04 -9.49746119687919E-05
2.54208443476675E-04 -1.9377519176894E-04
1.36773033328765E-03 2.63985749685377E-04
-3.57454179915382E-04 -1.5710166108761E-03
-1.69483824828418E-03 5.50685608152755E-03
0.011356234943395 -8.17588218451049E-04
-4.63192294830117E-04 -2.55892496659539E-03
-4.50054980909782E-03 1.29017906480368E-02
7.63734510153212E-03 -3.49066667008329E-03
-5.07506882301771E-03 6.10976456022794E-03
-3.89342848601534E-03 -4.04256883456506E-03
8.37585267803815E-03 -1.46092195012907E-02
1.70530915892248E-03 3.73596309056213E-03
-9.92446900038971E-04 1.36257881932767E-02
-0.000876292379474 -0.010211125914522
-3.02270807987233E-03 1.44804631114483E-03
-5.18805708277004E-03 -4.13909214449106E-03
1.26838390493048E-02 -6.65807326384749E-03
-2.05042274308464E-03 1.78752316316417E-03
-2.80332943619135E-03 -9.04874515552089E-03
3.00382413105769E-03 5.62788072031319E-03
-7.63522467674696E-03 -2.45547026596991E-03
3.81584450259067E-03 -3.04982899536528E-03
1.24515384910171E-03 5.87272666703556E-03
-2.99583938862859E-04 -7.68057168788793E-03
-8.55945670217592E-03 -8.13637049798267E-04
-1.99070498129593E-03 -0.001508705747355
2.25950709365373E-03 2.57762527275297E-03
-7.41421668432517E-04 4.6570308404335E-03
8.18675529223577E-03 2.03794498114051E-03
-2.33174474413077E-03 7.23980927235625E-03
-3.55624226348101E-03 -5.40975228623911E-03
3.75820086831593E-03 8.66560746993031E-04
-1.9389259718615E-03 3.86537461743107E-03
4.43180228149225E-05 -3.39355539193903E-03
-5.66134763391049E-03 5.18534559329909E-04
2.40323311239739E-03 -9.86625660735993E-03
0.011030538217839 5.17146715735357E-03
-7.17025436734356E-03 -2.29150603891299E-04
-1.5009069902963E-03 -5.45649813052447E-03
-2.29680768736204E-03 7.28465256483361E-03
-1.52002255933837E-03 -1.15825133684336E-03
1.45118593285256E-02 1.30637500198464E-03
5.51596287463457E-04 -7.74985513352281E-05
-3.30814483585707E-03 -1.31603647545596E-02
-3.34142164826518E-03 5.59735702384582E-04
-7.20865530021303E-03 1.73585682411614E-04
4.36105069402063E-03 4.45322695317808E-04
2.62525647243541E-03 8.64405506779884E-03
-1.88187327732244E-03 -1.45465708267611E-03
1.01806003266627E-03 -3.17462952456565E-03
-1.19502398267563E-03 1.69651144749176E-03
-7.44458580343007E-03 -5.52192230600579E-04
-8.29533800328655E-05 4.1604314231887E-03
-5.20612781219776E-03 1.72527450304786E-03
5.21593112271136E-03 -2.73248260849289E-03
6.32335195930005E-03 4.91888233175354E-03
-5.78961122953917E-03 -4.64719123943242E-03
1.64003848967302E-03 -2.28040103594906E-03
-1.1317748518626E-03 3.25517970246359E-03
-1.16174186168257E-03 -1.64971188906546E-04
7.62519428070574E-03 6.33305626416689E-03
-6.01778516140403E-03 2.42508842977137E-03
-4.09780451697407E-03 -9.29662726594013E-03
3.92422331429551E-03 -7.41714346517543E-03
4.94216963967815E-04 4.24384089836563E-03
-5.20775684853766E-03 2.39289791104198E-03
4.61340322000659E-04 4.02192737463309E-03
-1.71985184168255E-03 -1.3590101119019E-03
1.66738659967896E-03 -6.20901318723788E-03
7.47046764880185E-03 5.03019105296781E-03
-6.48194397433451E-03 -2.13636601975177E-04
2.37632383241595E-03 -4.66025904593787E-03
1.50807440479364E-03 1.07654754721865E-03
1.2811779775493E-03 -1.7459599265905E-03
1.19737080841698E-03 5.49916161159417E-04
-7.05547822907147E-03 -1.65282667058284E-03
2.03946296870971E-03 -3.03851697346255E-03
-4.11771881418044E-04 1.77595898325915E-03
7.51548480444648E-04 -1.23959936661159E-03
2.7519341510042E-03 3.91848632028037E-03
-4.74800773515096E-03 2.48965186571763E-03
2.70593883831814E-03 -3.25201809414119E-03
-1.00930159301737E-03 4.07217906646696E-03
-3.22328861224417E-03 2.10352038237763E-03
2.01759014361057E-03 1.24703007189567E-03
-4.6170314298893E-03 3.97066174988571E-03
2.61529093192081E-03 -4.67586370595605E-03
4.95173234485673E-03 5.92539987508507E-03
-1.62375967006606E-03 3.77898356927737E-03
-2.7491248627404E-03 -4.69428128423076E-03
-8.78751161889037E-04 4.66296650963095E-04
1.65225170570508E-03 -1.81953256527074E-03
4.54978042142334E-04 -1.35793536082316E-03
-1.53163988151117E-03 8.52657897913834E-04
-3.11365793745178E-03 -5.67512235500964E-03
4.68752342722032E-03 -1.9748798944084E-03
-4.71014088923721E-03 2.0829544134908E-03
8.23325263030997E-04 1.93925867091457E-03
-2.09165517125141E-03 1.76306057806372E-03
-6.68796103373316E-04 -3.69834453412654E-03
7.84499591690514E-03 1.53291656749769E-03
-4.74876925610116E-04 4.77510437247023E-03
-1.06444416756589E-03 -1.38166342108894E-03
1.82088687379211E-03 -1.09928673295791E-03
2.87612734856457E-04 -1.56350458607471E-04
1.47681566185727E-03 2.29465959127054E-04
-3.0977580462279E-03 -1.57748579155165E-03
7.54720775796517E-04 -1.50627490598691E-03
-2.58540935973571E-03 -1.11967157594552E-03
1.78158826088005E-03 -2.40049173612812E-03
-2.41917923688981E-03 5.75947659653411E-03
-3.91072986434704E-03 -3.72364428247343E-03
6.08157087839177E-04 -6.70818491590687E-04
-1.54964622019104E-03 -1.42215293168653E-04
4.37994308476421E-04 -1.97929325496539E-03
-2.13092383227045E-03 3.7583535018962E-03
1.85992798316954E-03 7.06085019869605E-04
4.90542035087622E-05 3.34606835166447E-03
-4.6271186656374E-04 -2.29313367559988E-03
5.17866126199141E-03 -6.57924771037884E-04
-5.80179633253333E-03 3.98080466598804E-04
2.90308616581787E-03 -3.96115022998599E-03
-2.4185249775036E-03 4.13912405002778E-03
3.85394694997974E-03 -4.26575314622469E-03
3.51374808379195E-03 1.69539945496393E-03
-4.8446057568056E-03 5.02901815013965E-06
1.85814672672666E-03 -4.25262162333225E-03
-4.43093142180668E-04 4.31517650087588E-03
-1.85771548112876E-03 -9.37693420253043E-04
8.83066814228951E-04 4.11500829306378E-04
-2.04060781028821E-04 2.36765631504947E-03
1.32396047695251E-03 -5.52021909619588E-03
2.47999307161014E-03 7.57931471491257E-03
-4.87420232643616E-03 -1.98749564080112E-03
4.55139921612614E-03 -5.81351900851914E-03
1.82215801074056E-03 5.93141374127275E-03
-3.56577255830501E-03 -1.12837714795312E-03
2.57475386121282E-03 -2.17601265691345E-03
-1.91604166484373E-04 2.97640281041597E-03
-3.6848780574605E-03 -1.55268930659116E-03
3.45012412068549E-03 -7.79213532642306E-04
-1.50599259019629E-03 4.15294071608599E-03
-3.75821128483479E-03 -3.10759065555277E-03
1.94026191584356E-03 -2.02498698160911E-03
1.86942781375072E-03 6.62460678263602E-03
-3.43462316678105E-03 -0.001576260881388
4.41706451745117E-03 1.09521894931996E-03
-6.3345918148462E-04 3.42622087334841E-03
-1.78196761017913E-03 -5.81610943514484E-03
9.60537060822788E-04 2.1524610213092E-03
1.12590640271211E-03 6.32962347293856E-04
6.55857095143815E-04 1.95723686022607E-03
1.86155793516847E-04 1.10220980532036E-03
-5.77433200180434E-04 -2.75686592671286E-03
-1.89034124309814E-04 1.9339447910526E-03
-1.92842861261718E-03 3.35381666033251E-03
-6.3156342221086E-04 -4.31613471410242E-03
4.4352663545498E-03 4.4073757706808E-04
-5.47932787897882E-04 2.33340429684006E-03
-3.88758617950574E-04 -2.3984979227736E-04
2.70974374623004E-04 1.35866965024167E-03
-1.61935419255352E-03 -8.52021226677823E-04
2.39102865501221E-04 -2.76899539478006E-03
4.67443005277482E-03 1.41037684664532E-03
-4.35160227880215E-03 1.96293433854015E-03
6.66690913761025E-04 -4.90550211219949E-03
2.89147457638086E-03 1.90955893133015E-04
-3.3385424344072E-03 2.60705975600947E-03
1.96981295443418E-03 -5.91504148531737E-03
-2.54737285277933E-04 5.06225698059667E-03
-3.34344432950448E-03 -4.48683817163921E-03
3.44793236836486E-03 -2.22801291354713E-04
-2.6826318738982E-03 6.04169393566754E-03
9.91691559046568E-04 -5.8203555923116E-03
1.85949392411304E-03 2.63383699964422E-03
-2.19563040910282E-03 2.13229908815932E-03
-1.03071989303136E-03 -3.71258929114929E-03
5.16050336002496E-03 3.85934183250781E-03
-2.56282582030266E-03 7.24597714244747E-04
-9.36934748469552E-04 -3.80653290058023E-03
5.50447019580553E-03 2.74031761867306E-03
-3.31024733481024E-03 3.87368430293254E-04
5.86119755682733E-04 -1.07513258626866E-03
4.63348266918367E-04 1.67045978869421E-03
