3.29726540022205E-05 -5.34063880346273E-05
-7.13065568573354E-06 2.43282654299341E-05
1.92155300540883E-06 1.99717369330072E-05
-3.38531920594837E-06 -4.50292293141336E-06
-1.11497002431858E-05 -1.45470091656495E-06
-6.97039711061576E-06 -6.88806183438498E-06
7.6431182268077E-09 5.08687098842521E-07
-4.47854915900216E-07 -1.15543434662891E-05
1.34561451265072E-05 -5.16807532852367E-06
-3.65900880223934E-06 3.6998517376244E-05
4.52147500750246E-05 3.38721787867437E-06
-1.59041848113597E-05 -5.59569197884683E-05
-4.27432682625719E-05 6.74728047167276E-05
3.36823767745805E-05 1.83427716804138E-05
9.17603381814855E-05 1.8420624687318E-04
2.8336061456854E-04 -1.82476783878921E-04
-5.48663795058932E-04 -2.02931970454618E-04
3.74242645192702E-04 1.43115905796214E-04
1.17873668809687E-04 -7.06798000408628E-05
4.96525302146664E-04 -2.14653148345552E-03
-1.11584643272279E-03 5.9297316939886E-03
6.41865464110166E-03 -1.36043216699622E-03
1.76239156631686E-03 6.10020237358476E-04
-1.65586494684431E-03 7.78992056139509E-03
4.02109190943077E-03 -3.25450324215655E-03
-7.75671710128724E-04 9.19353308863338E-03
-1.09130004094303E-03 -9.84400934114553E-03
6.31095280093813E-03 -1.67415582896512E-02
8.20619161263924E-03 1.48900678357958E-02
-5.90751871215478E-03 5.66773265483176E-03
1.64780727152515E-03 -3.53284806075051E-03
-3.98785635152512E-03 2.60317468231805E-03
-3.74702032064012E-03 -5.07263075561525E-03
7.41819194969063E-03 -8.23647981747496E-03
-2.2740407536296E-03 1.50957806183499E-03
-6.06833809351113E-04 -8.53269688066666E-03
-4.13733972033356E-04 4.7240851668784E-03
-5.30494063771612E-03 -2.49554485723558E-03
4.04174938499908E-03 -1.94628800279839E-03
8.94841959394899E-05 8.18312486904207E-03
-4.7725068737598E-03 -5.29713034097732E-03
-4.65734014731717E-03 -4.65235482711694E-03
-7.51519640989671E-03 2.89101793407804E-04
6.22877219266423E-03 4.36802520411385E-03
1.37912142815969E-03 2.61284454080583E-03
1.78617683001616E-03 2.39039438540238E-04
-7.81882558995003E-04 5.12146515846518E-03
-1.07574602448075E-03 -2.51773263748144E-03
5.33329989552359E-04 -9.65511493466554E-04
-6.66988782793338E-04 5.4586156297482E-03
-3.97400674867843E-03 -1.45701693554564E-04
-4.47670573614946E-03 -2.48721676615664E-03
4.30580289181666E-03 -7.7418617293213E-03
1.27404649686971E-02 9.35803768515772E-03
-4.47271595009583E-03 1.07175081052617E-03
-7.3338988071997E-04 -7.40423940244386E-03
-3.62841508519156E-03 7.11589097735435E-03
-4.44456623721734E-04 -1.35215944759763E-03
1.31963283596659E-02 1.79796361229401E-03
-1.99742729721444E-03 -2.25339433400161E-03
-2.34128007707582E-03 -1.38995579545875E-02
-3.53971804251274E-03 -8.86487649707631E-04
-1.19709784809953E-02 2.24302481702517E-03
2.45838980403193E-03 3.36849449915981E-03
-8.54558985703361E-04 6.84846961582958E-03
-7.9525765409746E-04 -6.31691136491255E-03
5.52759494821416E-03 -1.50809774418925E-03
-5.00970434524718E-03 3.47872374686958E-03
-6.60543598714735E-03 -2.66377962274849E-03
-3.30883106716238E-03 3.5343047292895E-03
-1.65747612745413E-03 -1.28211668292109E-03
8.28481139579403E-03 -2.89303503070488E-03
4.76134199661231E-03 6.85398211225063E-03
-6.04962159950615E-03 -8.88138902408041E-03
4.31143032903162E-03 -3.63171165804704E-03
-2.32987786846038E-04 4.99634814743157E-03
-6.98054609164009E-05 6.1480781429538E-04
0.008628154782741 8.80086695925035E-03
-9.3193835787171E-03 -6.13347105371268E-04
-3.60771364755283E-03 -1.20704659061499E-02
4.2162611564589E-03 -5.01292078918246E-04
-1.14019989840018E-03 7.94556228279875E-04
-3.71053844287385E-03 2.12756061513968E-03
-2.66116265453013E-05 1.19105170169801E-03
4.50180842486256E-04 -4.24501018155447E-03
7.1495724053452E-03 -2.04595189044294E-03
1.56052578363437E-03 3.56520705759269E-03
-5.46630036121507E-03 1.65575581994482E-04
3.04648969650822E-03 -5.40178527973029E-03
-8.199531969417E-04 1.22000173310054E-03
3.68131601790909E-03 1.86282367491981E-04
-9.88648829063046E-04 2.12223743781046E-03
-4.05975576555692E-03 4.02140378430877E-05
5.11823332985212E-03 -3.2192865526821E-03
-3.77114241496627E-03 4.53178348510176E-03
-1.00418075435837E-03 9.52526669605534E-05
-1.05817636100735E-03 -9.02989080128418E-04
-3.19476330134431E-03 1.48795420741342E-03
4.19352607536427E-03 -6.05731203236416E-03
7.31681537914773E-04 9.10816993338649E-03
-4.73572932224298E-03 -3.9763344678255E-04
-5.89755288751019E-04 -1.47742798214973E-03
-2.05867119936683E-03 7.43362340279174E-04
3.70806807157039E-03 -6.7116832324688E-03
3.42784493802582E-03 5.11858232532937E-03
7.56042834945242E-05 -2.03427374599981E-03
-6.92785691984402E-04 -2.17258905297392E-03
5.41617822922801E-04 3.19899284852272E-04
1.98479814157572E-03 -1.54361719810872E-03
1.13622572431326E-03 3.61519241644904E-03
-3.46759958015884E-03 8.76288748887609E-04
-3.07072120473266E-03 -4.87409036602365E-03
5.81135045526678E-03 2.63046357713495E-03
-3.38709887763065E-03 3.8410554790292E-03
-7.56781062036343E-04 -6.43208603490789E-04
-1.26469713879576E-03 -8.94138491205487E-04
-1.28892480060651E-03 -8.71005285657074E-04
4.0870889815731E-03 2.49932328990956E-05
-1.63146459248202E-03 3.59162796404936E-04
-3.11114972801964E-03 -2.5409243280483E-03
5.1990003542886E-04 -1.2091628069116E-03
-4.33688335324126E-03 -1.36737067879949E-03
2.1316552535029E-03 2.74350046394041E-03
-3.79755644611238E-03 3.8986535060672E-03
2.84674874005664E-04 -2.90752944405282E-03
1.62265642899411E-03 -1.15269492438089E-04
-4.1918238947828E-04 -2.62406445086843E-03
1.44099534459148E-03 4.30535472440006E-03
-9.01260245132847E-04 -1.00299927957629E-03
3.22674480186458E-04 1.73609146507987E-03
5.18610484171905E-04 9.99427415552443E-06
2.18605450576254E-03 -2.53219116174859E-03
-4.23313048634119E-04 1.12068348248854E-03
-2.8061205059386E-04 -2.56635656192726E-04
9.04046605073991E-04 6.61090348168358E-04
5.12651504643284E-04 -1.38189701548687E-03
9.16753035950769E-04 1.29629355344265E-03
-3.97528903019904E-03 -7.70857693332376E-04
1.97973851820428E-04 -2.27243426373538E-04
-2.11655264035559E-03 2.29796644396234E-03
7.71049078492339E-04 -2.69488340727486E-03
3.75825346091875E-03 3.6361317743717E-03
-1.44911276583081E-03 1.92604059026668E-04
3.08765968533646E-03 -4.27521399091687E-03
-1.84408183615518E-05 6.48913104361883E-03
-4.28373873390497E-03 -3.0380492617375E-03
2.80483498523657E-03 -2.39960771964013E-03
-8.19916155094312E-04 4.13566012927231E-03
1.60100941989973E-03 -6.2338226826035E-03
3.15183090210325E-03 2.3160508238689E-03
-4.63644892442678E-03 -1.92297949888654E-03
-4.16192523112009E-04 -2.46857519920452E-03
-7.8662044880717E-04 2.81878471170359E-03
-1.64893087038355E-03 -1.02878288530274E-03
5.01492977580278E-04 1.10436569825224E-03
-2.68903632627483E-03 -1.17593168172467E-03
3.90234298314051E-03 -2.04249414218132E-03
4.6959854225905E-04 2.48676848978353E-03
-3.95725378055259E-03 2.22659053717701E-03
2.18803060074293E-03 -9.62392223684462E-04
9.22732253263136E-04 -2.4072071946202E-04
-5.50683737181698E-04 2.04046759392084E-03
2.28558341113309E-03 -3.43632491206816E-03
1.60089359568454E-03 2.09513415402598E-03
-1.13747284250172E-03 -1.833531697792E-04
1.8631855427062E-03 -1.1171115928497E-03
-2.30333444349372E-04 4.44849256765061E-03
-2.56829564563454E-03 -3.26913565052421E-03
1.19645923131494E-03 -3.44714970645354E-03
3.11770103633748E-03 9.80522100056173E-04
-1.94057282206002E-03 -1.77629791181807E-03
3.34057606417354E-04 1.32157814950203E-03
-2.0433900878527E-03 2.01784281214305E-03
2.66091076065256E-04 -2.39745745193801E-03
4.17489588119763E-03 -1.58742381821107E-03
-2.5557780181899E-03 2.43755085497394E-03
-4.60461548974016E-05 -3.94553925148785E-05
-1.23226706938391E-03 -6.75365410978904E-04
1.07751463033731E-03 -8.37781235604544E-04
-1.62488517121231E-04 -1.62620667897777E-03
-5.15837209660023E-04 5.89677005317968E-04
-2.60758851944078E-03 1.31866289525711E-03
-8.94712780261856E-04 -3.38031947590899E-03
3.9125521618523E-03 3.27640877233526E-03
-5.49633012770597E-03 2.52941127184176E-03
2.06139467372609E-03 -6.04271657065357E-03
-1.5928860205831E-03 3.62881044399699E-03
-6.57950817936633E-04 -1.19071754503257E-03
5.20914796463625E-03 9.03382627960604E-04
-3.86977735771208E-03 4.88700380878863E-03
2.12000234050645E-05 -3.4414003891149E-03
3.18492383145776E-03 -1.5168230455871E-04
-1.19213256274981E-03 2.09921752240512E-03
-7.41961423459651E-06 -3.04527460830194E-03
7.09458542407913E-04 5.86859819118971E-03
-1.3848031297436E-03 -3.70014291800448E-03
2.82252065686405E-03 -1.1729355626678E-03
9.21837154280845E-05 5.06295917921705E-03
-2.68157242345954E-03 -4.41848287132614E-03
3.7076855790195E-03 0.001175218635537
-2.85346337858013E-03 1.31354585690528E-03
