3.61747212730618E-05 -5.30779526193368E-05
-5.2814520308035E-06 2.46891865432115E-05
1.01085902387735E-06 1.74543062064071E-05
-3.0219403571639E-06 -3.72773395049662E-06
-4.52789803052232E-06 -1.26631164820726E-06
-3.14982707878292E-06 3.00084108572629E-07
7.26105963654388E-06 -2.74112639748925E-06
-5.10008626408251E-06 -1.00882046761726E-05
5.28054514771362E-06 -2.24094695191232E-06
2.45224201760594E-06 3.89398246687334E-05
3.93302985911719E-05 1.50563890769936E-05
1.11393643883954E-05 -7.32391327337479E-05
-7.41648001795419E-05 1.05703196023921E-05
5.13754223777137E-05 -1.47211323349875E-05
1.44576379062505E-04 1.37958991414255E-04
-1.81130255780746E-05 -1.40548879119595E-04
-1.42559431962648E-04 -6.80708833070292E-04
6.21856480154547E-04 2.71603857621226E-04
-8.56049334997343E-04 2.40278882684886E-04
4.55095106294177E-03 2.91140488164839E-04
-6.13924789405102E-03 5.4457199272423E-03
-8.04752350438897E-04 1.60739588021974E-03
7.74759022972296E-04 -1.09644669078708E-02
2.9694166020878E-03 -2.21083320812084E-03
-4.69049201852302E-03 9.15342066607837E-03
-1.50806661969885E-03 2.35191213009035E-03
1.53456180068179E-03 -3.81700025823134E-03
-6.21435955553361E-03 -3.77756024973279E-03
-7.34719444656569E-04 -9.35091830730193E-03
4.99770456940367E-03 1.04178690478619E-03
6.19226700562386E-03 2.97820725813047E-03
2.69855683759998E-04 1.18599453442436E-03
-3.8846142897615E-03 -9.30969473304287E-06
6.93226036344441E-03 6.05663617118294E-03
-4.24113629307482E-03 -2.98556158618854E-03
6.98177729037657E-03 -1.34216580154229E-02
8.24520498252041E-04 7.42429783651751E-03
-8.27884990068352E-03 -1.99137103336935E-04
-1.74937144635022E-04 3.12197527001595E-03
4.28815284634335E-03 4.12605325160175E-03
1.56249759412903E-03 -4.7147483259942E-03
1.32656691113785E-03 2.55226769665497E-03
-1.15292223570701E-02 2.40058541523007E-03
-4.86997594319559E-05 -4.09645158420118E-03
5.63431112447528E-03 1.57036177726756E-03
7.1628211952887E-03 2.71898984998976E-03
-4.01301913181107E-03 -2.04328447424638E-03
-3.34628720173238E-03 -2.6568770753643E-03
6.60497855442785E-04 -3.59200403822869E-03
8.17468112977933E-04 2.19618275368195E-03
3.17949189741646E-03 6.45564935069605E-04
2.65032418402834E-03 4.22669664386959E-03
1.13683310429202E-03 1.92317459117596E-03
1.04950452197446E-03 5.54524800082392E-04
-6.54423132367841E-03 -4.93311457694082E-03
2.6886603339955E-03 -1.18252258930915E-02
-5.01917865465297E-03 4.88357104398999E-03
2.28089939191645E-03 6.80372309360453E-03
1.74381358861164E-03 6.92139581085308E-03
3.71986929882616E-03 -4.14773281578254E-03
6.05385038676614E-04 -1.18448644449589E-03
-4.50610952241727E-03 -5.93913700494206E-03
2.49755284211243E-06 3.30366955253209E-03
-3.73686464820542E-03 3.86817064413521E-04
1.18674836802336E-03 -2.14171869367338E-03
9.26731574929932E-03 -1.02750298208514E-03
-2.79125267413379E-03 4.55595305532691E-03
-2.07393830938558E-03 -5.70820602716499E-03
-1.19556133698553E-03 -3.04822650292565E-03
-2.72989469044996E-03 4.12265683424649E-03
6.96131535896271E-03 3.7390769438677E-03
-2.62820491296985E-03 5.76313546516341E-03
-7.22301565891006E-04 4.09070908770524E-04
4.39344931078877E-03 -7.50043468321151E-03
-3.99376321715941E-03 2.79047983924687E-03
-3.0112812205304E-04 -9.25001794285651E-03
-5.0467650615807E-04 3.88121149758095E-03
-1.07427134524783E-03 5.63942008235513E-03
2.15851190766333E-03 -5.60511213978457E-03
2.30719807014743E-03 -4.20280292331098E-03
8.42997468914241E-04 -3.84233139855212E-03
-5.33965764586934E-03 4.66820601227419E-03
-4.52210234090101E-03 5.15031670387089E-03
-2.24511620118471E-03 -5.83378338903079E-03
5.00324288647234E-03 -6.28509745666891E-04
-3.19101743661369E-04 1.19090823634273E-03
-2.75323440043909E-03 3.69350672702899E-04
1.70122680291535E-04 -1.3870553569003E-03
3.05128829322371E-05 1.41074087864915E-03
5.56445347075028E-03 8.4016639469285E-04
-1.26204306968619E-03 3.18729446501985E-03
-2.72849776320353E-04 -2.42288250617328E-03
-1.20252065774554E-03 1.41667288753486E-04
-4.79898756975813E-04 -2.09257105071418E-03
-4.22849061193252E-04 5.60705049336662E-03
-3.42764503766308E-03 2.23995142540738E-03
2.93959860941633E-03 -4.36595463766192E-03
2.83596629618775E-04 4.08130353932668E-03
-0.004330295954546 -5.36454183507824E-03
6.47774605755553E-03 6.40073168903515E-05
-1.43071961043887E-03 5.40831853046218E-03
-1.31117771543194E-03 -3.44302031177161E-03
9.24415746635954E-04 4.48257372897709E-04
-2.22884354364882E-04 -1.29479040175745E-03
1.50336816670484E-03 2.4154708815031E-03
2.03575808252739E-03 1.56687932177049E-03
-8.5460510678226E-04 -5.2870506284134E-04
4.3506425797656E-04 5.45219285883224E-03
2.46453856252174E-03 -5.33737061582404E-03
2.94516604250303E-03 3.49422324126097E-03
-3.71041462765942E-03 -1.2407785861762E-03
-1.53535624059849E-04 -3.38297664327643E-03
-5.04183015241363E-04 3.05414135441972E-03
1.4490790976756E-03 -2.66210918862625E-03
-2.37350788648646E-03 2.27821161217537E-03
-4.7748152421257E-05 -5.68953626187321E-04
1.28872033609298E-03 -1.48623785546083E-03
8.02344226145435E-04 5.6426807584151E-03
-2.39586668693935E-04 -1.55661775952369E-03
-2.18332519017518E-03 -1.23349477128456E-03
1.04419892259769E-03 1.62766313784532E-03
-2.02121983531119E-03 3.62840890883923E-03
-2.38681519006632E-04 -1.23428683340914E-03
5.63728511020828E-03 -1.37364577024348E-03
-3.41888544102231E-03 1.5534409145457E-03
1.28356999290234E-03 -2.41326844889204E-03
-1.07774846577349E-03 -1.74145337004138E-03
3.13737374197162E-03 3.29196187870163E-03
3.76819962249131E-04 1.19854548252738E-03
-3.00967099755315E-03 2.22585899892522E-04
2.02235920905033E-03 -2.00021898573693E-03
-1.92257787262139E-03 -2.15637644905324E-03
1.12256761090267E-03 4.72417859456547E-03
-2.85576626973034E-03 3.36340783661971E-04
9.47933789465354E-04 -1.07079514597661E-03
2.61074648090244E-03 2.08478520259779E-03
-1.6793572839898E-03 -2.28436563168667E-03
1.75168816279236E-03 2.21667139459474E-03
-3.51320359228752E-03 -2.22047896259429E-03
3.08935942381632E-03 1.5884713458812E-04
8.28430037150431E-04 2.93160922977471E-03
-3.51548350215314E-03 -3.99085890821804E-03
2.31682612063044E-03 1.10956563833026E-04
-6.92820613767602E-04 -3.85596104116406E-03
-6.6722760363814E-04 8.34128215620153E-04
7.88185569190853E-04 2.30373720733786E-03
-1.2532895636518E-03 8.56514690593143E-04
-3.03276192128894E-03 2.64982767069292E-04
1.63906085666349E-03 -3.79122468715111E-03
-9.44777073938074E-04 1.78371021981093E-03
-1.07719551130923E-03 -7.46715665397216E-04
1.69857068250535E-03 -2.05892439207085E-03
1.51689254449251E-03 4.76505506628059E-03
-2.21194113871936E-03 -2.86305961816308E-03
9.86778805736968E-04 -6.254727455178E-04
-6.01811392267697E-05 2.12217913477624E-04
-8.00946647560572E-04 4.30748845234211E-05
-2.79646853986247E-04 2.14148485224426E-03
-1.3276249947887E-03 -0.00290180109188
2.23276967568922E-03 1.06585543704524E-03
-2.69792392880572E-03 3.1773942822988E-04
-2.60718170009067E-03 -3.30825449896041E-03
2.5010326554523E-03 3.76280165929122E-04
-1.60575029875899E-03 -1.05735052329041E-03
-8.62745015456075E-04 8.82193521977917E-04
-3.2277392984149E-03 -7.48661222563912E-04
-1.33396675353011E-04 -1.37803003128286E-03
5.88067693472266E-04 2.65210801959272E-03
-1.09018016254292E-03 -1.34609535581433E-03
1.0179325470575E-03 -2.31766680382813E-05
-2.79306849769763E-03 3.94885603919432E-04
2.27528841279478E-04 -3.71185325104084E-03
2.24955963020978E-03 3.35581165562062E-03
1.14154067563411E-04 -1.58958256680277E-03
1.65335802271775E-03 3.43697952832878E-04
-2.21432501541291E-03 2.50488462608744E-03
-9.06640364560098E-04 -3.3698868235203E-03
2.09896996639686E-03 1.65560263571612E-03
1.12056967516529E-03 -1.18996097455942E-03
5.21375435250728E-04 -1.10927330398445E-03
-2.10758208144149E-03 1.02718607673619E-03
-7.43342944937319E-06 -5.12088777930163E-03
3.1303130660798E-03 3.23454657860469E-03
-2.9002511390089E-03 7.12590853569062E-04
4.98218806958342E-04 -1.30352934091102E-03
-3.65711432313902E-04 1.93485032272985E-03
-9.86391412150491E-04 -2.31095520790598E-03
2.74555687927973E-03 1.43366458540839E-03
-1.90791923102202E-03 1.50683474119269E-03
1.5289116216669E-03 -1.92611442249237E-03
7.66351725162633E-04 9.63395703190643E-04
7.95167787047383E-04 -1.02743777739017E-03
8.3949279528249E-04 2.32545096264634E-03
-1.86663982982938E-03 -1.2709608126601E-04
2.14606220851281E-03 7.60373276500272E-04
-1.20940944633218E-03 9.01092865449307E-04
2.07244217898579E-03 -3.21564450360777E-03
1.40145177476765E-03 0.002582906940409
-2.58861662816998E-03 -1.38501436325586E-03
2.57646294854858E-03 -2.96413910339573E-04
-2.45391098238159E-03 1.90009175352942E-03
