3.13649214945212E-05 -5.24379860467461E-05
-7.792720468951E-06 2.43985396657034E-05
-1.82328469812424E-06 1.63170875986646E-05
-2.47143096984915E-06 -1.2181462973052E-06
-5.92123293847196E-06 2.33717168316817E-06
-7.31346669640338E-06 -1.88946949501435E-06
6.70696293780849E-06 -1.23179633525581E-06
-2.87880165011755E-06 -1.16908456628621E-05
4.81023689091374E-06 -1.0665691328713E-06
1.29980310982068E-07 3.64917177433533E-05
3.76477694870661E-05 1.72662506165854E-05
4.83225127819798E-06 -7.34464334488201E-05
-6.84969362734062E-05 1.87042828637962E-05
5.23588043716521E-05 -3.37257908608969E-05
1.05151084775221E-04 1.49523105727069E-04
8.67379472291889E-05 -2.39345343145361E-04
-8.19440890874955E-05 -6.0147747109481E-04
6.02232521939478E-04 5.33066785101014E-04
-4.74304336186961E-04 -3.82612138831195E-04
4.23266802051339E-03 -7.07064831082014E-04
-8.30215791146082E-03 8.01995395850004E-03
1.03379160551366E-03 -1.36036491513158E-03
1.53011281600671E-03 -1.48402672969953E-02
-6.20750571640414E-04 -2.00650165847074E-03
-5.12068828998535E-03 1.28320807560567E-02
-5.39155173967165E-03 -1.66708975014314E-03
3.99988140414579E-03 -1.03772026152301E-02
-8.10803591397366E-03 1.62091442317594E-04
5.46883955402556E-03 -5.8400989205167E-03
1.00665824964911E-02 4.23045091123021E-03
-1.48981160290257E-03 -3.4040416745017E-03
-8.180317598383E-04 4.19058839996731E-03
-3.77417584894219E-03 1.4943180633823E-03
8.2060927320589E-03 3.37650059561429E-03
-4.43722001928709E-03 -8.84237088516788E-03
5.26877052969597E-03 -9.03327294392704E-03
-1.29930443901951E-03 9.4041189812151E-03
-3.74580067443735E-03 -2.4161301736397E-03
4.15429866420826E-03 -2.57341819502975E-04
1.0341910387616E-03 6.94021799914859E-03
2.02889914218307E-03 -4.9014517573172E-03
1.6338781552837E-03 1.33737797089635E-03
-1.46762476183375E-02 1.28314345272598E-03
5.71359796308333E-05 -6.84042227295143E-03
5.48619037415378E-03 5.07843148100078E-03
7.48694227568756E-03 -1.37615516805805E-03
-2.94603202994048E-03 -5.79354795094507E-04
-3.31758045116858E-03 3.44821754464581E-03
-2.63921960077285E-03 -4.51358238870026E-03
3.54502292624894E-03 2.62862584544348E-03
2.34575727893622E-03 -5.79474453304611E-04
1.83644368996951E-03 6.12098358985584E-03
-1.16517871784025E-03 4.12578502309645E-03
2.84795214367231E-03 -2.91186275909992E-03
-6.08726111107082E-04 -1.23714977472539E-03
3.83498146247457E-03 -0.011999322309901
-3.41518418722216E-03 8.84297287791296E-03
-2.38865015199424E-03 7.78211865845168E-03
4.52583663982664E-03 3.12813576030602E-03
5.70820945875109E-03 -3.71299695526973E-03
-1.63854151063554E-03 -1.51424604973641E-03
-3.75103419756919E-03 -4.89964911562145E-03
-1.04876848354188E-03 3.00177548726773E-03
-0.002429546184472 -5.58630717083489E-04
5.58928794146247E-03 -2.1475509247216E-04
7.71028994411786E-03 1.31923083350614E-03
-5.6442304969022E-03 5.00537151040485E-03
-2.14668838690577E-03 -7.93627851584492E-03
1.83870134953948E-04 -5.05089005077569E-03
-1.80307712668664E-03 1.00754276271075E-02
-5.90843150150263E-04 6.82409422271107E-03
-1.62229521526849E-03 1.93503284532353E-03
1.10025668746058E-03 6.86056454847308E-04
4.94299564087296E-03 -6.92840466808827E-03
-1.84835580790275E-03 4.84154911839889E-03
-5.3120433010738E-03 -5.54545862701768E-03
1.85615201697698E-03 5.46585782983843E-03
-4.86720391358838E-03 4.41981512111652E-03
3.68503386682482E-03 -6.61955973918914E-03
4.82079983674795E-03 -1.78912776879711E-03
-2.7626882629475E-03 -2.85127777889825E-03
-1.23902541015814E-03 -1.46656058453484E-03
-1.35667370668883E-03 5.75466316299317E-03
-3.40288848977711E-03 -3.10323910823856E-03
5.47700552795923E-03 -5.72866083187321E-04
-2.23072475531064E-03 -1.88063290478178E-03
-4.91417915591548E-03 -2.92338960757137E-03
1.07732170787134E-03 -3.02187354694413E-03
-2.01775047145328E-03 1.92672229726122E-03
4.91408241331965E-03 3.33961262218395E-03
-3.56004982998743E-03 3.07424482235532E-03
-1.54493434293376E-03 -3.74443987611369E-03
2.70182365592848E-03 -2.46944102175042E-03
4.84014105531367E-05 1.32560928634794E-03
-3.02522957989943E-03 4.89861822484932E-03
-5.66868951385101E-03 -2.52750334953627E-03
2.78599644892131E-03 -5.07678543827818E-03
2.08436267849161E-03 3.62995075305343E-03
-5.73638395586924E-03 -2.76444218872194E-03
3.43312473971413E-03 1.78696748986013E-03
-2.13328344439939E-03 3.05813785190713E-03
4.65505353678493E-04 -6.24406342860137E-03
4.77681286835309E-03 5.94561541048835E-04
1.56175717305419E-05 -1.23706770453847E-03
1.33275218151963E-03 1.80477215611244E-03
-2.36699472051295E-03 -1.22299121624908E-03
0.001370150428937 -5.5903458935352E-03
4.63771660971059E-03 4.46142700524822E-03
-1.05918730962507E-03 -2.2691329273443E-03
4.55331144930322E-04 5.52614952747951E-03
-5.41205705970632E-03 -4.27391893223388E-03
3.95362101832436E-03 -3.10222672902181E-03
6.98345324030922E-04 4.75567941413541E-03
-8.76468967504743E-04 -2.15354154870329E-03
-1.14777629674049E-03 4.9274594184356E-03
5.28954569339669E-04 -2.65180676849602E-03
5.44857539279166E-03 -2.07977184451507E-03
-2.62811562395095E-04 6.8490231547745E-03
-3.4080855961362E-03 -3.55277236716781E-03
9.27757187049913E-04 1.61442393684531E-03
2.80586471684715E-04 -1.52746344187258E-03
2.87392324919646E-03 2.24664685500281E-03
-2.07972298819419E-03 1.86356000159134E-03
2.55715783344252E-03 -6.37487329878264E-03
-1.87757122344651E-03 4.94408374363018E-03
5.79448465319329E-04 -5.13516257213379E-03
-2.8549608719037E-03 -2.38889932390771E-03
2.30931145970594E-03 1.37994542675756E-03
-9.4700377994131E-04 6.62832933671591E-04
-2.29994908291227E-03 2.12219621529848E-03
7.58479443359382E-04 -4.28720884163154E-03
2.16222363078044E-05 1.34555046883484E-03
1.15616667368634E-03 3.7517245185261E-03
-2.82890935596924E-03 -2.52860229149295E-03
1.47237509893693E-03 3.02333837976744E-03
1.21534710101965E-03 -7.60889600710374E-04
5.55438268151705E-04 -2.58204072832112E-03
-1.07372500597923E-04 2.52232319945903E-03
-2.26275601592931E-03 -2.54500264969469E-03
3.59384722220704E-03 3.01627258366585E-03
1.55867696629438E-03 6.44264210277793E-04
-9.51043368454625E-04 -4.11343081624711E-04
-1.21170592998151E-03 -2.33968281912964E-04
-5.80477016869013E-04 -5.14065442069837E-03
1.63910263965838E-03 3.89491147640707E-03
-2.55396244565991E-03 4.25138295180974E-04
7.48868821736475E-04 -3.72730316594928E-04
-3.00643050154967E-04 3.04842528308627E-03
4.99500779499528E-04 -3.65581054427446E-04
1.15425506530152E-03 4.24236771133108E-03
-4.32482745573188E-03 -2.65185117541208E-03
3.82848624414156E-03 -2.25943162900161E-03
-1.95045616437169E-04 4.93156064991808E-03
-3.43325267902078E-03 -2.97401319965332E-03
2.23497229369119E-03 1.80602066076639E-03
-2.47558023507327E-03 -1.53967435598145E-03
1.07572757337246E-03 -9.2703358620821E-04
5.95975723146962E-04 3.68276881827578E-03
-2.39356926192454E-03 -7.60530668722858E-04
9.89678185928594E-04 1.80018471811762E-03
-3.45495297255518E-03 3.29163506686452E-04
1.27083851987299E-04 -9.31068460432772E-04
-5.87568067039652E-04 2.23729443729651E-03
-7.86012717478757E-04 -2.26162359777865E-03
-1.37104572603272E-03 1.89931957405371E-03
-2.19423777716863E-03 -2.71610949123827E-03
2.20314303843481E-03 -4.14636104724896E-04
1.0388090667783E-03 3.28971676081791E-03
-4.90392822938051E-04 -2.38361892107458E-03
-7.30821978858495E-04 3.12545615431721E-03
-1.49811798380866E-03 -2.30551452475495E-03
4.32862939429178E-03 -4.34598606703197E-04
-2.70743825425279E-03 3.38459725487533E-03
-3.96139306533835E-04 -3.95186882146489E-03
1.97206938501352E-03 3.245068989658E-04
4.50565060562806E-04 -1.48479830670324E-03
-7.90266386491917E-04 3.29521278824688E-04
-7.67391372382597E-04 8.49356684731685E-04
-8.16366998203349E-04 -1.2533809665682E-03
3.49643930434051E-04 -1.38437128739416E-03
2.80749196486891E-04 -1.04895674357329E-03
6.57562654677675E-04 -5.88463277785342E-04
-2.58657207465862E-04 2.70447291729164E-03
-1.36157355608071E-03 -1.92669664448883E-03
2.42001689838857E-03 7.96244460043321E-05
-1.19713263938823E-03 -1.67012565781157E-03
2.31123716023359E-03 -1.8371464355142E-04
-2.53854775326007E-03 2.84531750330933E-03
-1.18785588389068E-03 -3.2127816466034E-03
3.18239591770769E-03 -1.81136294436902E-03
6.65956246658874E-04 1.38909856272871E-03
-5.47982197398921E-04 1.49175497862038E-03
-2.98796641924305E-04 5.72267395815858E-04
-8.63492673380687E-04 -2.80842628807786E-03
3.48984373574493E-03 4.73033277923436E-04
-6.92355917786579E-04 2.16428656206153E-03
-9.76613395394562E-04 -3.06781700253951E-03
1.23220921482877E-03 -1.53517500687443E-04
1.41051335933539E-05 -2.69640868042399E-03
1.8125886309932E-03 2.74941281023512E-04
-1.81900849842222E-03 1.96272929951681E-03
