3.36717662021946E-05 -5.31406436644748E-05
-1.14193391136649E-05 2.17617623533235E-05
1.09371178189165E-06 1.94020892580343E-05
1.09108957714321E-06 8.45863571957452E-07
-1.05158471697249E-05 2.06422109524466E-06
-5.37930714042574E-06 -2.92581344078726E-06
6.25114815102078E-06 -1.69956069870736E-06
-3.92866340835668E-06 -7.35923719554875E-06
1.21375761969588E-05 -3.05229957348196E-07
-2.5251715291219E-06 3.16169240749517E-05
4.76285773403921E-05 1.18073150750428E-05
-1.53131597084283E-05 -7.13366279801051E-05
-3.73427229781138E-05 6.67607514805836E-05
1.08873899863806E-05 1.88060846161218E-05
1.03740615353524E-04 1.42043703875564E-04
1.30452497144085E-04 -2.2028940013208E-04
-1.16746392974614E-05 -3.80279802899969E-04
-6.48367769498108E-05 3.66780739868158E-04
-5.52220202371836E-04 3.25219887193276E-04
2.11415686416524E-03 -2.69620346968625E-03
-2.66318533009401E-03 5.54319546346834E-03
-9.95229131989095E-04 -8.46751662513575E-04
4.08526131059422E-03 -9.48258488665354E-04
-4.93625713283231E-03 -6.8151901435929E-03
6.67058471992512E-03 1.06749961236974E-02
2.04025031249862E-04 4.43229151177048E-04
1.34622565257266E-03 -1.25214131909648E-03
-1.36320679419477E-04 -2.23222440874781E-03
6.42965377490184E-03 5.33078359800637E-03
-8.09574083505941E-03 8.20172419575468E-03
-9.58039991696171E-03 -5.5949001846628E-04
1.06945842000508E-02 -6.10688991853121E-03
-7.11056929202928E-04 9.40141515103819E-03
1.47752296465152E-03 -2.40842264256766E-03
8.20504721589335E-03 2.5970513731734E-03
-1.51636769733903E-02 8.1286931600482E-03
-1.07187193109063E-02 -1.16286630525851E-02
8.47282378956788E-03 1.64070434148942E-04
1.6372212972299E-03 -3.29266385591674E-03
4.21786068055604E-03 -1.42966024296213E-03
-3.83483093808203E-04 -6.40327383801214E-03
-4.34822873486438E-03 -5.42193589910333E-03
-5.06657921026827E-03 2.07001441895263E-03
7.66771946676262E-03 2.22718850447133E-03
-2.19221460085226E-03 1.03256739303321E-02
-1.93045644079078E-03 -2.70386558093261E-03
4.33302724762574E-03 -7.62648132833484E-04
-1.7071343217809E-03 1.00644060590168E-03
-1.13397256276305E-03 -3.95765384033773E-03
3.09091320312225E-03 8.60371629226026E-03
-1.10922948967111E-02 -6.61927567636254E-04
9.75137371510847E-03 -8.69069013146136E-03
7.78521328959029E-03 8.84652936726814E-03
3.83050400756655E-03 3.52616690668331E-03
1.7229733423291E-03 1.57459348708199E-03
-1.37986402805533E-02 -3.83319818175821E-04
-1.7658988870323E-04 -5.66782878426672E-03
6.4608871840727E-03 1.30210379290436E-02
-2.0429745840027E-03 3.63813432913101E-03
-1.33934375512216E-03 -7.05808865774519E-03
3.91956046803101E-03 -3.22035041033263E-04
-2.31793362514603E-03 2.50224632165989E-03
-2.51255063314341E-03 6.16180493677291E-03
-4.31336444699082E-03 4.92569785452655E-03
2.2634650667054E-03 -5.19521520952639E-03
7.16236811218077E-03 -3.54084753846641E-03
-5.12394508728727E-04 -3.67875259152641E-03
-7.1460621065819E-03 -2.18838808719895E-04
-3.84363686656325E-03 -3.45854520932854E-03
-4.05701421780276E-03 -1.35549354932775E-03
8.83530714133771E-04 6.01448605763534E-04
3.20563790837533E-03 3.09070927773386E-03
-1.8951739136711E-03 2.60040610721486E-03
-9.59127857072933E-04 -7.40441521548144E-03
1.20307467493586E-03 -9.74250860631269E-04
-2.21557829126472E-03 3.67458680095875E-03
-5.3492476713149E-03 3.75959010444691E-03
-1.71796951662426E-04 4.38425135703088E-03
4.04776508576861E-03 -4.12458602735557E-03
3.26872107903676E-03 -1.23723629244504E-03
-1.82142946866805E-03 5.58479227886856E-03
-6.45578053288104E-03 6.72206701224586E-04
1.4863366626479E-03 -3.73140568435488E-03
4.80404982982224E-03 -1.41358465186381E-03
6.23647487096802E-03 2.05546237569256E-03
-1.96045527221879E-03 5.45997921481156E-03
-2.13234161981388E-03 -4.8806378156284E-03
-3.25309838629573E-03 5.33658529007811E-04
2.23518669176977E-03 -4.14779819699429E-03
3.6457278729084E-03 4.61470810541982E-03
-5.3269956932471E-03 4.41132546517117E-03
2.55885521336875E-04 -6.49772446354662E-03
4.1025330761146E-03 3.46057217183846E-03
-2.36938510308362E-03 6.90700510645536E-04
-1.03102419909145E-03 -1.72376850848083E-03
6.62506015782321E-04 1.53327010570409E-03
4.95084256073895E-03 -8.14977407353758E-03
4.66104820076455E-03 4.84800887030367E-03
-5.46092424247753E-03 -3.28072464972899E-03
3.64105470867785E-03 -1.90700162906598E-03
-2.78939908111548E-04 9.20814211623167E-04
7.96803603486024E-04 -5.01222403172983E-03
5.79449099706373E-03 6.62659751463844E-03
-4.48552844294675E-03 7.83010705202225E-04
-1.18367243936909E-03 -2.67628828788773E-03
1.90324099080517E-04 -9.67141420545392E-04
1.01955047201249E-03 2.54181571463264E-03
-1.7910738506139E-03 5.50530659305503E-03
-5.07933112541062E-03 -2.31644964712773E-03
2.2292938609265E-03 1.82268656003332E-03
-1.23819569454763E-03 -1.50285089192655E-03
1.87935512421536E-03 3.99135396604466E-04
-1.21129148554859E-03 7.02023166608927E-03
-6.76251882775955E-03 -1.41013752417907E-03
4.90645592405404E-03 -1.88833492128508E-03
-1.05709097234825E-03 3.21687304439879E-03
6.72688564051226E-04 4.01892624709929E-04
2.81797432503447E-03 9.2378220706702E-04
6.2361741697379E-04 -2.23408765399896E-03
5.11202570113016E-03 -9.6372081384356E-04
-1.13873510645243E-04 3.60709016329337E-03
-1.22288916926863E-03 -7.37540116100992E-05
-2.42390719775444E-03 -5.31282846128454E-03
-1.69244303895048E-03 1.38628050552454E-03
4.7319192036257E-03 -1.74017342018986E-03
-2.70739348609502E-03 3.04406709474088E-03
-3.49359695434599E-03 3.22963920196458E-04
4.03964540440706E-03 -3.89654708193155E-03
-3.33804393516533E-04 7.9094077529284E-03
-1.97173834145309E-03 -1.99883851234462E-03
6.87463801579922E-04 -1.18014515805624E-04
-6.93064073853812E-05 1.80481250617266E-03
-7.91232385005483E-04 -1.14112815154348E-03
4.79058234025576E-03 6.91317813760323E-04
-1.20466910702975E-03 1.01647439792507E-03
1.36195476701418E-03 -6.98094994733829E-03
3.16759297871573E-03 -2.03896227816963E-03
-2.13813268515239E-03 -6.73754424786943E-04
4.24988052720809E-06 1.03899822119073E-03
6.62578936179839E-04 1.52172681435511E-03
-3.52330209461103E-03 -1.24522281922268E-03
6.31197077325253E-04 -3.59923427248084E-03
-3.52662050989692E-04 3.11954923922185E-03
-3.80010088849875E-03 -2.37421393773023E-04
2.94630357929776E-03 -1.08972762497714E-03
-3.12055883920085E-03 5.76674221068725E-03
-9.42711057928226E-04 -6.63711581568975E-04
2.21866063307585E-03 2.29064613383538E-03
-5.01023063825703E-03 2.39990340207371E-03
5.11881576282295E-03 -6.48544191824152E-03
3.72705727003735E-03 6.06231397762283E-03
-2.04293584155257E-03 1.30792491498759E-03
1.63736917011253E-03 -5.11273734332578E-03
1.22126570016041E-03 3.98755426141588E-03
-1.81837403474342E-03 -3.14935923372794E-03
2.70409789826344E-03 1.4629932125292E-03
-5.14944177426941E-04 5.77063220138597E-04
-2.15145802121571E-03 -4.86667238346637E-03
3.99430385826761E-03 -4.02989008486107E-04
-4.25887472069083E-03 5.21465118060787E-03
-3.2366404913873E-03 -3.37495035240002E-03
8.66079568600761E-04 -9.3543447089201E-04
-3.73992709753939E-04 2.18942978356958E-03
2.00732299208053E-03 -2.02391671980899E-03
-9.7460135065806E-04 -3.40563535909474E-04
-8.032484662782E-04 -8.72832710988035E-04
1.52127135727096E-03 1.01646887790168E-03
-8.51616090740518E-04 2.08620635955526E-03
-3.40686600713841E-05 -1.99647958824381E-03
1.98956428366812E-03 3.73060505531543E-04
-1.24290181219937E-03 -1.79242994319304E-04
3.96193277664298E-05 -3.10663476355052E-03
8.62560157993694E-05 2.49048182899268E-05
-4.13181417161094E-03 -2.53761538415853E-04
1.06286637755059E-03 -1.08530774192676E-03
3.64810892832304E-04 -1.83290699154455E-03
-2.42750154922124E-04 -4.68255941599773E-04
-8.72447140850485E-04 -5.1490906751633E-04
-1.58546433027951E-03 2.24450727790352E-03
-1.13437942231035E-03 1.01554893323696E-03
1.07101531248164E-03 -3.83954895061922E-04
5.94741244857117E-04 3.62767638749124E-03
-6.54480892767798E-04 -1.50623668139877E-03
1.30173828510967E-03 -1.93607098773483E-03
3.1549478017861E-03 1.03190827639246E-03
-1.88075578509152E-04 4.44429659501957E-03
1.78429564036101E-03 -2.14522310649424E-03
-1.72179972664429E-03 -9.81534127380461E-05
2.16060237365432E-03 -9.45284669559095E-04
1.59953358595964E-03 -4.52144055770933E-04
-1.55754977723982E-03 2.16313094297409E-03
-1.05322510175302E-03 -4.98238604703023E-04
-2.17433158188671E-05 -2.20938642281293E-04
2.22784604646489E-03 -1.52795090273708E-04
-1.98388443916961E-03 -2.5146971047086E-03
1.40608591530098E-03 9.40838938090394E-04
9.63705036114395E-04 -2.17013021169453E-03
1.48568000626551E-03 5.5478174471146E-05
2.31054166223482E-03 6.94624953350089E-04
-2.38845294747173E-03 1.22524824434671E-03
9.65196471440288E-04 -3.00868013472625E-03
