3.44442383499714E-05 -5.33291655512558E-05
-7.06273808973621E-06 2.35769808149477E-05
1.01159334134275E-06 1.81301860131363E-05
5.67749221348707E-06 3.35595526922173E-06
-8.70892155407359E-06 8.82567596328785E-07
-5.28270870332954E-06 -3.11266418034609E-06
4.90676710255645E-06 -1.7668665119645E-06
-5.52722810436603E-06 -1.13952091180552E-05
5.61551934305151E-06 -3.70697440330264E-07
1.30878380633676E-06 3.82880214462019E-05
4.61641425269111E-05 9.75061698486117E-06
-5.22311380915565E-07 -6.90034246635674E-05
-4.6134269340411E-05 3.31169824166277E-05
3.82144145536132E-05 -3.23991699312025E-05
6.51220749462251E-05 1.27382434335726E-04
2.22850909208208E-04 -1.51303081131605E-04
-1.36395901595627E-04 -5.12520194572174E-04
4.13458915093813E-04 7.6125055056485E-04
3.13940710845231E-04 -1.12445822236272E-03
3.13478787504425E-03 -3.94809974615855E-04
-8.05726427626254E-03 8.64531945530992E-03
3.28472931092355E-03 -4.27612402221214E-03
1.09003746454711E-03 -1.57882615512956E-02
-3.71705899468886E-04 -3.94781892494163E-04
-4.68349656550525E-03 0.010616928922258
-3.54709687672879E-03 -1.14633271413858E-02
-1.57931127472213E-04 -4.22913324451464E-03
-3.08741271216672E-03 5.33821313837145E-04
8.84408583053863E-03 -6.89324366688533E-03
1.17436266065849E-03 4.73390115232738E-03
-2.69080579576395E-03 -1.78041444702486E-03
2.17832552585625E-04 1.41662016209025E-03
-2.81658573185473E-03 -1.14920255893357E-03
5.74657963047418E-03 9.85468130893714E-04
-9.14374196894992E-04 -3.81941848347262E-03
3.44733768495876E-03 -9.8405530375053E-03
-2.1246013130197E-03 8.07622246539211E-03
-6.26729685469805E-03 -6.71627868397564E-04
9.45424517506189E-03 -6.14382596924005E-04
-2.05021992771139E-03 7.34356790144733E-03
6.43453682080637E-03 -7.87538266014958E-03
6.04048418207042E-04 2.01716760421829E-03
-1.64963955561425E-02 2.82050011763388E-03
7.15255031393862E-04 -1.03890714233442E-02
7.10857730497351E-03 5.21100116326283E-03
5.78957230808262E-03 -6.0442595721266E-04
-7.99171861496556E-04 1.09896085431503E-03
-7.40361351883146E-03 3.82901595595904E-03
-2.72085919577267E-03 -6.08107897582384E-03
2.84415530747796E-03 4.48464512047628E-03
1.54631291816714E-03 3.21799489855564E-03
-8.27760459402485E-04 1.96056554432879E-03
-4.3521528685601E-04 2.41995528986349E-03
2.04314235987442E-03 -2.98276681142328E-03
-4.59186722452573E-04 3.14781602343933E-03
2.25272967367283E-03 -8.46596759242992E-03
-2.45645814582062E-03 7.65553173428973E-03
-5.31779642405574E-03 7.03932780037324E-03
6.07231060023909E-03 -9.66431824584185E-05
6.84777547818368E-03 2.04565359944601E-03
-1.40615842010324E-03 -2.47078094923162E-03
-4.43410616980197E-03 -3.18983160846303E-03
-3.34538415754189E-03 4.90212759839371E-03
-3.58518388246529E-03 -2.61377962713094E-03
8.15575382615765E-03 6.47689395853219E-03
3.88656540467654E-03 4.05727060400097E-03
-5.04701328687388E-03 -1.83854370888352E-03
-2.34500051976288E-03 -4.70513200082086E-03
-4.25863139162554E-04 -6.67298251462149E-03
2.29446097295379E-03 1.27646146384342E-02
-6.77387294323879E-03 8.43204202315626E-03
-1.85444079644076E-03 -3.33919334815905E-03
5.14716933767921E-03 6.57520169070853E-04
2.36256681896809E-03 -3.67785144642113E-03
1.43111652314948E-04 4.75650771354481E-03
-1.00133453167383E-02 -2.97458929230428E-03
-2.89487508985758E-04 4.95700772437917E-03
-2.15895663336988E-03 1.69322437444478E-03
5.09790273688139E-03 -3.32338076116635E-03
4.13993033248804E-03 1.96532523418943E-03
-7.27396914088893E-03 -9.81360592579702E-04
8.07844760867434E-04 -1.46034455503441E-03
2.00418731234109E-03 5.97698523111675E-03
-3.64974282616441E-03 -3.33260185069205E-03
4.8177691197861E-03 3.58762664596384E-03
-4.13082557988058E-03 3.53498233697943E-04
-1.88182373801258E-03 -6.10230955252117E-03
6.60190522285191E-03 2.66225552543009E-04
-2.31802118009467E-03 3.30668272533617E-03
1.41477616182989E-03 4.04974982498453E-03
-1.21459565967831E-03 1.1581424050897E-03
-1.12409375876273E-03 -5.76908222821019E-03
6.95167286669594E-03 2.72516960845798E-03
-3.35121619905246E-03 3.04506235969171E-03
-3.56961648902976E-03 2.3197239552413E-03
1.56392456982495E-03 -1.68555950564717E-03
1.12886885104265E-03 -1.01163661972409E-03
5.76008724110484E-03 1.9482322942644E-03
-6.61848722694217E-03 -6.90581962261404E-04
1.12492504534303E-03 -1.2809000026487E-03
-2.17782310145173E-03 -1.3105831090412E-03
3.30472231326031E-04 -2.27483953403531E-03
3.64061472542788E-03 5.04888830225924E-03
-5.35832732863712E-03 -9.98448939513088E-04
2.54075198237613E-03 1.74062445449638E-03
-3.79361586654529E-03 1.00495952113422E-05
1.23720298264309E-03 -4.11998819476904E-03
7.78504212576188E-03 5.69739114687008E-03
-4.02370733401825E-03 -2.69864254005541E-03
1.53091403217598E-03 2.08805846717042E-03
-6.51418764244008E-03 -4.05083089611354E-03
3.03132687653486E-03 -4.02378806598912E-03
1.12226363928229E-03 6.26280889592715E-03
-3.70420175175293E-03 -1.74963541401686E-03
1.28182597727105E-03 1.95990415376736E-03
-3.80727253236958E-04 -1.95645725671421E-03
2.47313215627263E-03 -7.11461927283228E-04
2.28848828939946E-03 5.01431492043646E-03
-4.71017395275487E-03 -5.01223360310735E-03
2.42019263226911E-03 7.74219813668093E-04
-1.03926661229147E-03 -3.33153619943933E-03
1.65253999858731E-03 5.91935899342057E-03
-4.73065641416514E-03 -3.82789368591621E-04
2.91032629964696E-03 -6.55370896432366E-03
1.75368149267101E-03 5.7395347173147E-03
-4.97963915694032E-03 -4.03698538733984E-03
-1.62968775771052E-03 8.65553167472107E-04
2.81589729086217E-03 2.06601189920526E-03
6.24204077262367E-04 -4.57031054207834E-04
4.08231014918859E-04 4.60883511051064E-03
-4.10366010902318E-03 -4.17248142870878E-03
2.85124154466501E-03 1.5189670605364E-03
-8.83266517888259E-04 4.37056190893355E-03
-2.13781997398225E-03 -3.10018012754155E-03
4.00644097802227E-03 2.65670678135928E-03
-2.93973875893872E-03 -1.97222653797669E-04
-2.49776647394635E-03 -3.1828030008512E-03
2.94410181762185E-03 2.0825214156587E-04
-2.04330376673646E-03 0.001747310380031
2.76686433182278E-03 1.44778356440224E-03
2.87357736386953E-04 3.2363095103299E-04
-2.64451567076759E-03 -1.69629349263578E-03
1.48917425273703E-03 -1.21142364552194E-03
-1.11869855313425E-03 -1.34146746776152E-03
1.08293498071692E-03 2.46098914095269E-03
-3.6729290641247E-03 -3.34852641560276E-03
4.84757330188726E-03 -1.12726243345952E-03
5.61596423455871E-04 4.82664466352384E-03
-2.20267869949003E-03 -3.64896624634053E-03
4.01262490061018E-03 2.68489412571401E-03
-5.74309921563547E-03 -3.19186818714083E-03
1.99417301108802E-03 -2.11993633677172E-03
1.32521930940782E-03 7.02768976506491E-03
-4.42739915599071E-03 -4.01633452042638E-03
5.37078916693665E-03 2.30371683398993E-03
-4.99093262347921E-03 -9.38161580361273E-05
1.62625431917911E-03 -3.67860047713875E-03
2.23659920475144E-03 5.12186341256569E-03
-2.95882999387227E-03 -3.02540230344811E-03
5.69457014452815E-03 3.42655173819005E-03
-2.39580924993553E-03 5.43216133997887E-04
-5.57507594984868E-04 -1.9789968224412E-03
1.50100676332825E-03 2.59170577539838E-03
-1.77665447193106E-03 -1.17447783619338E-03
4.71645305467673E-04 1.42546916145942E-03
-1.27065924983645E-03 -2.05372562541032E-03
2.4235719843381E-03 2.11343393249395E-03
-1.02092569424353E-03 1.24775610477081E-03
-1.44715671360986E-03 -2.70499768626548E-03
1.06809886474886E-03 1.76816021729437E-03
-2.05396708138756E-03 -1.20982165828859E-03
4.28843939195206E-03 2.32352566271856E-03
-3.0155031101341E-03 2.29997304649011E-03
-1.17258381928645E-03 -4.20868213350184E-03
4.19626290723651E-03 9.53125186204972E-04
-2.20599356757875E-03 5.17695457778812E-04
-9.30175120284404E-04 3.3369943307297E-04
-2.23851127807557E-03 -1.61694148017276E-04
1.28451600362117E-04 -6.30909763528876E-04
1.65683526732889E-03 -1.36693031096083E-04
-1.78043457080293E-03 1.02130684380085E-03
1.2708375239297E-04 -1.79911460990049E-03
2.14743925247127E-04 4.15652272332025E-04
3.26703923232398E-05 -8.43949511625599E-04
1.29442860382593E-03 1.37590747980838E-03
-1.64459062294163E-03 -1.09826076417837E-03
7.24357600757933E-05 -2.36956651234956E-03
-2.23590499504385E-03 8.37809048965957E-04
1.31841878718356E-03 -4.01193303936472E-03
1.62827843899469E-03 2.56480921386105E-03
-3.05277524849927E-03 -9.84083191398512E-04
2.37346712020004E-03 -3.79393052380684E-03
1.25778160551481E-03 2.18179953999342E-03
3.34259116395347E-04 -2.49573757423849E-03
9.50519888423712E-04 2.18232350319261E-03
-2.77491011965541E-03 -3.24332538748428E-04
1.97882173264797E-04 -3.65880596277771E-03
1.52017177917067E-03 1.29780232166564E-03
-7.19631208219032E-04 -5.45688378454926E-04
3.55961038737734E-05 1.77844244893004E-03
-2.73789844690265E-03 -5.8043276822459E-04
