3.48864504485817E-05 -4.99311201663375E-05
-9.44924209413489E-06 2.17920482142838E-05
-9.7298486985143E-07 1.42672048266584E-05
6.05943583097209E-07 -4.78807935508965E-06
-7.40329731928941E-06 1.88566831800599E-06
-1.97997180230253E-06 1.65024346250984E-06
5.7584034288843E-06 -9.32443005583767E-08
-5.03396194725752E-06 -1.11016026594263E-05
1.59806761972341E-06 -3.70976035837716E-06
5.24599685921226E-06 3.53069878369477E-05
4.02042150234661E-05 8.97831315524014E-06
-7.77254988253982E-06 -6.44010597528409E-05
-3.2380443999131E-05 3.22593883717705E-05
3.12722377998607E-05 -3.21072048206513E-05
2.22312083177498E-05 1.09302414837671E-04
3.50497337253788E-04 -4.67770074667615E-05
-2.65323476825622E-04 -4.0512328980992E-04
1.234404621306E-04 9.17500920034205E-04
9.21990444668077E-04 -1.57413260675331E-03
2.66501615806161E-03 4.8701638423689E-04
-5.2482400627442E-03 8.52269363555844E-03
1.49573789436866E-03 -6.46973647364106E-03
2.22058887937848E-03 -1.50307252801883E-02
4.35638339103919E-03 2.89904529669184E-03
-4.56956150214758E-03 2.26368829117803E-03
-2.60652834469821E-03 -7.69900159312727E-03
-2.16151083414514E-03 5.95433956515644E-03
3.76702616478364E-03 -7.21228405777804E-03
-2.53229884341208E-03 -6.49816599471392E-03
3.00146153867916E-03 6.62538923856953E-03
-3.12097880365106E-03 8.93587951051719E-04
3.16149227722615E-03 -4.13491589389648E-03
-1.73833677290485E-03 1.19255524476207E-03
4.67123406095289E-03 1.34984163528709E-03
-5.9290311989476E-05 -8.91878957721115E-05
6.87141125818754E-03 -1.08801550059988E-02
-5.1094448819752E-03 6.75611570319763E-03
-8.69762457436281E-03 -4.66898180365654E-04
1.10504207584114E-02 1.86060331712068E-03
1.84555179999052E-03 6.19101072810268E-03
7.45166009424212E-03 -9.91966692833769E-03
-2.7184993666578E-04 3.96357711096708E-03
-0.015741788885503 3.61723833540371E-03
3.40733421105202E-03 -1.15720501535985E-02
7.70652515611996E-03 7.3655508504829E-03
4.89830421228081E-04 -1.42729095415471E-03
2.93615694061984E-03 -9.33491321223085E-04
-6.68401807392983E-03 3.7009850392895E-03
-4.72625764830274E-03 -7.92935420227724E-03
5.45106406817691E-03 8.10562544385669E-03
-4.85181010745711E-03 2.13153886728877E-03
1.18108317989053E-05 -3.48731495006869E-03
1.61590153805678E-03 4.57071835003105E-03
-5.95124009691757E-04 -2.8058544190115E-03
2.04773361354813E-03 -1.30565876529437E-03
-3.83874272641717E-03 -6.07680081633869E-03
-4.18008649377055E-03 2.82699024129396E-03
-3.93088802348674E-03 7.18062911929496E-03
8.01787901970217E-03 -9.85579929313456E-05
5.6242987904061E-03 2.53816843113713E-03
-3.6823947313225E-03 -5.59913576016638E-03
-6.18535100086239E-03 -7.65836704289567E-06
-3.7468931747203E-03 4.33284287500438E-03
-1.77406334196773E-03 -5.16262925788709E-03
8.30217842532501E-03 8.76922929046102E-03
-6.30778058343807E-03 2.62508439005174E-03
-3.7715480562806E-04 -6.77027779979373E-03
1.4124574659286E-03 -1.12175922555754E-03
-2.47777005666776E-03 -5.4034526157934E-03
0.005586577140411 1.25962771020297E-02
-8.87341728229006E-03 9.74688259711679E-03
-1.49307752842568E-03 -4.31679010049023E-03
1.12723784510458E-02 -9.67326686240537E-04
-1.60188955494468E-03 -6.90437768758764E-04
1.87249428144525E-03 4.03003229241577E-03
-1.06305211113602E-02 -6.84443203129453E-04
-2.39918906003119E-03 4.25018815482453E-03
2.8556551321947E-03 1.10397856459391E-03
2.88283666840868E-03 -1.1376553173956E-03
8.30978572217144E-04 -1.87838482161779E-03
-3.63879778110201E-03 -2.96363284482805E-03
2.00665779104171E-03 1.39551489802392E-04
1.94064045388093E-05 3.63089341924681E-03
-3.60203546514114E-03 -1.76747507106889E-04
1.46331260855847E-03 3.61585132217348E-03
-6.31406111234344E-03 -1.17065565520101E-03
-1.7012183186099E-03 -6.55247475367269E-03
1.8156320947804E-03 1.43268705619625E-03
-4.75351342227392E-03 3.75188888266932E-03
-2.84474177721724E-04 6.89587917060538E-04
-1.2923967809938E-03 1.46996774291353E-03
6.28989419936592E-04 -7.34036243744389E-03
5.12304113687861E-03 5.36447956046809E-03
-7.92360451995073E-03 2.61294293461774E-03
-3.80264499714994E-03 -3.34200936415782E-03
3.77526989561444E-03 -9.99511580080429E-04
-1.83891509980778E-03 2.27937601572679E-03
4.97609121602383E-03 3.18652857383263E-04
-7.17394225290004E-03 3.11984027207525E-03
-5.25708764026936E-04 -4.82223287669753E-03
3.27070187205377E-03 -2.26407183481143E-03
-1.04694689915296E-03 -8.31993351676773E-05
2.58293457984152E-03 1.5204009248518E-03
-2.10503677341062E-03 -4.26333058715248E-03
4.79809078741372E-03 -2.60290646662858E-03
1.48205077932344E-03 1.70910617532041E-04
-2.40075557018773E-03 3.85230695845592E-07
1.84776648225691E-03 -6.04596397282575E-04
-3.7822554439157E-03 -2.57078383846741E-03
3.98671236163706E-03 2.05144512944435E-03
-4.55348547345151E-03 -2.70665052676682E-03
4.03521954142841E-03 -1.35336411607062E-03
1.04906811656771E-03 5.50891209817945E-03
-3.91232659052119E-03 -1.33443167041775E-03
5.52914463782911E-03 8.91063150589158E-04
7.84362010851574E-04 6.77443820726808E-04
-1.24522009715071E-03 -1.4201446975688E-03
1.17958414226709E-04 1.0219857568823E-03
-5.6719292060464E-03 -1.93949022021778E-03
4.09107150296388E-03 1.15333329837607E-03
-1.57347988553472E-03 2.69935891120659E-04
-1.03535716490082E-03 4.61654979162943E-03
-8.6122149000107E-04 -3.50367266789254E-03
1.8955557771063E-03 -3.32183536288793E-03
1.57478006203042E-03 4.19107548912179E-03
-4.87161976306185E-03 -5.31604157200091E-03
-7.85220750592551E-04 2.95132541229027E-03
-1.81389533914426E-03 -3.11708953076641E-03
4.16871320162967E-03 -3.07926629642184E-04
-7.70128700083224E-04 7.59744275705246E-03
-6.4391677842203E-03 -6.10012540962511E-03
5.94045025005353E-03 1.98899048696061E-03
-2.17664991299654E-03 4.97361649326141E-04
-1.77117399669772E-03 -4.51720275985629E-03
6.30043689970115E-03 1.8458107094299E-03
-2.91676285876581E-03 2.86027781392127E-03
-1.74887786624348E-03 -1.79937361087138E-03
3.05826449049747E-03 -6.09683930099309E-04
-2.61970621251495E-03 1.44445129547049E-03
4.17062360950476E-03 1.52410141382471E-05
-1.09345649752594E-03 1.25451534331577E-03
9.42309362351388E-04 -2.40211675684934E-03
6.96703134586973E-04 -3.64837945502348E-03
-3.04065934802803E-03 1.28683935858414E-03
1.43524928717854E-03 2.45773519431846E-03
-3.19252351087798E-03 2.06424293556846E-04
2.47201381267712E-03 -6.03275153729004E-04
0.00150261384301 5.36818430864396E-04
-1.36661775238587E-03 -9.99896834474994E-04
3.7291091842961E-03 8.41570213779253E-04
-4.88698599825986E-03 -1.28709006350134E-03
3.56808012517574E-03 6.659434200281E-04
-2.24467016125391E-03 3.73603796749108E-03
-1.25382893343611E-03 -5.29681722558963E-03
6.40184107937252E-03 2.40622004115608E-03
-6.2131579900012E-03 3.20046948242434E-03
3.49799717467242E-03 -4.58511394375325E-03
-1.30054355545523E-03 4.36763983218587E-03
-1.98907164173359E-03 -5.37008707099401E-03
6.54498644777678E-03 7.11491233712339E-04
-1.8773777561014E-03 2.56220162773869E-03
6.42809492092839E-04 -2.06922842419574E-03
1.14979579090021E-03 -3.85503695402309E-04
-7.05960217373832E-04 -1.83790549383215E-03
2.2533141006037E-03 2.39037260356542E-04
-2.39220819802535E-03 2.98452457653822E-03
-3.21017431558607E-04 -1.65493217651902E-03
6.05312435387301E-04 -9.4094034272457E-04
1.49399369206176E-03 -1.49752704068974E-03
-1.20188948466703E-03 2.2905030033114E-03
-4.91964362345837E-04 -1.07839234890835E-03
1.7727571758047E-03 1.80909542826468E-03
-2.72873786856807E-03 -1.09458649648965E-03
2.57204877546512E-03 -2.30985728435504E-03
2.11845668357294E-03 5.01260949495181E-03
-6.37788086683816E-03 -9.68031377567794E-04
0.001580860805884 -2.35918198441158E-03
-2.85881354993054E-04 2.69099307558053E-03
1.3140193079543E-03 -2.05525766671489E-03
1.51195948545499E-03 3.30284490782695E-03
-4.09104789722849E-03 1.74999611111293E-04
2.09452234916028E-03 -4.63774177817561E-03
-6.9418310372374E-04 2.19569081240349E-03
1.55977419123936E-04 -2.0113848318728E-03
2.6025956841573E-04 2.34509093835806E-03
-3.48664750749093E-03 -2.01874303695151E-03
7.91525333306796E-04 -2.40242751768064E-03
-4.14559430863846E-05 3.85096109553115E-03
-2.67405006509877E-03 -1.44532349661193E-03
1.18508425546445E-03 -8.29718182703211E-04
5.61455625471146E-04 -3.98126781233298E-04
0.000765249706942 -1.32632244829828E-04
-2.40902274645139E-06 9.04205520659077E-04
8.85615775646146E-04 -1.91339324744198E-03
1.12021356821538E-03 3.28951243293173E-03
-3.17854800447507E-03 -2.55451203229201E-03
2.31741328234491E-03 -1.89475541194688E-03
-1.41818936754969E-03 2.66773519029493E-03
-4.40043861195338E-04 -1.2846630480086E-03
1.3685025953377E-03 3.46727310752957E-04
-1.98236189497366E-03 1.49500005485783E-03
