3.34502404731444E-05 -5.42772792457362E-05
-7.46209219161257E-06 2.06898261968794E-05
1.77327994954308E-06 1.62390115559413E-05
3.07394637241346E-06 -2.19498716170573E-06
-7.72006168053435E-06 -1.28470212634626E-06
-3.17101231378857E-06 -8.32924933634344E-06
7.74649222936362E-06 -3.54685106529574E-06
-4.60462095094787E-06 -1.26760038267448E-05
3.43555292466442E-06 -4.21188688240313E-06
2.06223251269575E-07 3.90199807370236E-05
4.21043052528843E-05 1.30578227637591E-06
-1.73707188163998E-05 -6.26374645011083E-05
-8.6804673434012E-06 2.94997708950535E-05
7.06995115170167E-06 -2.88859583868523E-05
3.7707691026961E-06 1.28430741610905E-04
4.04671241034303E-04 -2.29634312255267E-05
-4.48792731623385E-04 -1.99392571385772E-04
-1.90450131196922E-05 5.80600787603534E-04
1.17842563666804E-03 -1.41325463443518E-03
2.39127757146544E-03 7.88898673556504E-04
-1.96599601522065E-03 8.38599527991239E-03
-3.10618028771037E-03 -7.68986372787986E-03
5.6977281293451E-03 -1.13258859992369E-02
9.00777957644545E-03 1.72298274447385E-03
-5.52646434456716E-03 1.15097751289133E-03
-2.48174570313695E-03 7.63236759453406E-03
-3.11816411184269E-03 8.35781691482562E-04
9.65076056904784E-04 -9.27925329949604E-03
-3.93271277565016E-03 -5.28836871542824E-03
8.7934655216339E-03 1.06134956093417E-02
-4.89423475591535E-03 -3.33891489606275E-03
3.55096678243847E-03 -5.70987020228277E-03
-6.547459699488E-04 5.47733876234329E-03
7.78759562751931E-03 4.5686356596582E-04
-1.68167867436731E-03 -1.18070795985169E-03
1.28074351559068E-03 -7.16089930708937E-03
-1.96954620369754E-03 1.20312688899099E-03
-6.50247804163316E-03 2.0213148523619E-03
1.03217553067403E-02 -7.98855123416143E-04
2.65481272806021E-03 9.23525973949529E-03
8.18622675646992E-03 -9.20642848634157E-03
4.98775465143439E-05 3.28508993709184E-03
-1.66790093830387E-02 3.06687137190294E-03
2.85138787950311E-03 -5.91967453791543E-03
8.73034335965607E-03 7.6482364062209E-03
-4.26099559059871E-03 -5.50292604795574E-03
4.11676745695792E-03 3.15354261016114E-06
-5.73597692756137E-03 5.86675044485042E-03
-4.09402249287991E-04 -1.18973581308341E-02
5.1625645950204E-03 1.07989216495007E-02
-9.27954656544089E-03 1.79363692528185E-03
1.06266508159988E-03 -5.93847054024635E-03
6.68827230268258E-03 3.42987381823492E-03
-8.8019730884571E-04 -4.09542169045359E-03
5.44274959900241E-03 -3.55730914888962E-03
-6.77913094673461E-03 -3.92450543449957E-03
-6.45378479241574E-03 -1.01433775376098E-03
-1.61296395742656E-05 2.77429491095249E-03
7.47277214034337E-03 1.56900002551968E-03
3.76176707108761E-03 -4.36033816674126E-04
-2.33650748434427E-04 -6.00904185174549E-03
-7.16935564856634E-03 -4.38055999732318E-04
-5.96095212062011E-03 1.25436870980248E-03
3.18288789169135E-03 -4.32006885854489E-03
6.95732481891139E-03 0.010888402720137
-1.00120784695686E-02 -2.73124909664101E-03
6.41625657328847E-03 -1.02001453050573E-02
1.71618417428951E-03 2.77083601780913E-03
-6.66829152362272E-03 -2.88696526442723E-03
6.20160902886577E-03 9.30491741988365E-03
-4.8668019318863E-03 8.71878557823618E-03
-3.93466578955099E-04 -5.7113694759068E-03
1.39251739447156E-02 2.04299151596051E-03
-4.7354391601294E-03 1.5801229915514E-03
1.03592808633767E-03 5.47674797846354E-04
-6.76488126311757E-03 2.93243190043656E-03
-3.89460826489095E-03 -3.25800853283499E-04
5.38463393325473E-03 3.44430761569803E-03
1.70261438109002E-04 4.22406790165364E-03
-5.41530527301295E-04 -5.11030822433534E-03
3.52094728072305E-03 -3.3836202347707E-03
2.03413786372168E-03 5.31721999450962E-03
-2.78398704544008E-03 2.25558351045247E-03
-3.79009863560706E-03 -5.91067429119018E-04
2.94987351263829E-03 1.92893340953562E-03
-2.1415652485581E-03 -3.85864318158319E-03
2.55135266477439E-03 -1.77355784344473E-03
2.3088302386713E-03 1.91038352861691E-03
-6.15664014166987E-03 1.83965861682198E-03
5.03511995914703E-03 -2.31648869355452E-03
2.24230028709793E-03 2.60333027776427E-03
2.96045743582343E-03 -3.84830873697017E-03
4.79330787414593E-03 3.78373210676997E-03
-6.6293028231775E-03 2.79285526886027E-03
1.18404290787035E-03 -1.28525206664015E-03
4.64456082937147E-03 -7.90084222474821E-04
1.65874907590436E-03 3.41296892859267E-03
1.65652748553996E-03 -2.12200512722145E-03
-7.47761992432332E-03 3.49722489814657E-03
-1.51058502273136E-04 -7.63793189703912E-03
3.41391304033271E-03 3.9984564778135E-03
-6.20448736980407E-03 3.41560579390368E-03
-4.10877162795175E-04 -2.42105755071828E-03
1.88248819037372E-03 -1.68101892434262E-04
2.77912743397629E-03 -2.02810326101057E-03
3.35694733940397E-03 1.16371104546253E-03
-2.90270486752163E-03 8.42041401085781E-03
-2.82266585081099E-03 -6.95931299465677E-03
5.31944942386385E-04 -1.81545741395386E-03
9.8195454743832E-04 2.54746931924603E-03
-3.29487140900384E-03 -1.31266313089879E-03
1.92167046687861E-03 4.19961169068707E-04
-2.62697811538638E-03 1.9474996441317E-03
-1.76519198880821E-03 -8.15790394681597E-04
5.34573757136382E-03 -8.1845790514002E-04
-2.82958347348571E-03 1.93449069351688E-03
1.66790949475445E-03 8.75157946126363E-04
7.90429861217958E-04 -2.15127783983688E-03
-3.10269538849056E-03 -1.04165157299009E-03
5.71301682550877E-03 2.29113438315581E-04
-4.27041039462062E-03 1.22111182845918E-03
-7.36989169442268E-05 -5.02125901770204E-05
2.15277436610304E-05 -1.56432527175359E-03
0.001801766590507 -1.9436879437645E-03
4.92556589515176E-04 5.63295332971793E-04
-6.84448754368135E-03 2.37161308163295E-04
-2.42386270884228E-03 4.84037951036782E-03
-1.79250102494166E-03 -3.46560921606526E-03
6.28705561114939E-03 2.85033938250972E-03
-1.42190390372707E-03 4.01704468147185E-03
-1.99912482341789E-03 -6.81567453389347E-03
5.71182786948737E-03 2.97726998428247E-03
-7.88423225909484E-03 -2.62388488091077E-05
1.49672578120087E-03 -3.75701524103304E-03
5.64860888733918E-03 -1.82456860137564E-03
-3.21244211317415E-03 -1.49683360408622E-03
2.20481640691528E-03 2.01137870687002E-03
-3.62707552883255E-03 7.9130272086026E-04
-1.52343533502755E-03 -1.89134306469092E-03
4.95198007032658E-03 1.04514298316436E-03
-2.18907530175798E-03 1.16746617811213E-03
-1.92864774021933E-04 -2.88700794425536E-03
-1.26511004755559E-03 -7.8186272781627E-04
-3.97980666729832E-03 -1.29050234611327E-04
3.19483121955507E-03 -1.58302448841895E-04
-2.53298782438312E-03 3.28028907744716E-03
8.70015270602474E-04 -3.07766110204309E-03
1.65979247954005E-03 1.17616442247982E-03
-1.00899439117316E-03 -9.93998739659653E-04
3.03924567519763E-03 -1.3396470097137E-03
4.09142713393158E-04 -1.59456512332315E-04
-6.59709934162526E-04 2.82213265987654E-03
-4.55164514560714E-03 -1.98219878761786E-04
1.18077308806282E-03 -4.73172604534993E-03
4.85709147448987E-03 3.70288023035276E-03
-4.94097526161442E-03 2.07942346050053E-03
2.03485549377662E-03 -3.60196401568573E-03
-1.89443905606938E-03 8.9230009807342E-04
-3.86250635966876E-04 -4.04022834890177E-03
4.42180485142175E-03 4.00183160668965E-04
-3.08130212975869E-03 1.67768153987138E-03
1.06449895419683E-03 -3.3445817985635E-03
-9.10266057392017E-04 -3.99628906245982E-04
-2.03040465822078E-03 1.00913741500243E-04
1.90337149299732E-05 -1.98926247802317E-05
-2.66334107856069E-03 -4.07550805998268E-04
4.38834811393458E-03 -9.95696616506848E-05
-6.49104838570516E-05 2.98066689054698E-03
-1.39864435705128E-03 -1.89946186745545E-03
1.73451054468985E-03 1.16195397945992E-03
1.47896846741891E-04 2.43748799238073E-04
6.08291277763261E-04 1.19779223077238E-04
-2.31876472091571E-03 3.07445843247816E-03
-1.97682214173171E-04 -2.60165476294885E-03
3.25511190401336E-03 8.23155167173376E-04
-1.55873254833169E-03 -9.66313933379892E-04
2.83257919430635E-03 2.78864781542117E-03
-2.8594404325855E-03 1.80366257372217E-03
2.51212046112211E-04 -2.57537915087107E-03
6.66493396199884E-04 1.91389136027893E-03
-1.8792976664135E-03 -4.0688679094165E-03
2.44661478634164E-03 5.02477205710943E-04
-2.94175235762124E-03 1.93426583854691E-03
-1.62720346262023E-03 -1.62375041749032E-04
-3.74577796251897E-04 -2.20061283037047E-03
-4.69455103620548E-04 1.3799773708785E-03
3.69399615377161E-03 3.22763566741094E-03
-5.11848759407252E-03 1.71824497125734E-03
7.81764711251227E-04 -4.32647152563643E-03
2.7936459848225E-03 4.62056157247023E-04
-2.73659434663596E-03 -2.83380639774181E-05
5.0032632184762E-03 -9.25765393015331E-04
-4.00141676477539E-03 2.90764303162413E-03
-2.32482274752399E-04 -2.56501963091421E-03
3.06517788810755E-03 -1.40853320130987E-03
4.45522253504429E-04 1.40444529868282E-03
1.73140303035035E-03 2.06676132540387E-04
-3.21900436827591E-03 1.77268167867098E-03
3.82046975621767E-04 -2.48508019769478E-03
8.74921479721596E-04 9.13139739353856E-04
-7.25881987261062E-04 3.17938671597839E-04
