3.35634529660245E-05 -5.24008391912407E-05
-6.41642497131901E-06 2.48411546270929E-05
3.54392832455823E-06 1.70333548382196E-05
5.68509911287846E-07 -2.60592002628463E-06
-9.06179120462321E-06 1.98382409129587E-06
-1.41085523518278E-05 -6.3268534487507E-06
6.34837024125363E-06 -2.68857482019416E-06
-4.3305934482399E-06 -1.10408994406973E-05
7.1014198142372E-06 -6.5469425559325E-06
5.02560189204396E-07 3.98844787455215E-05
4.03811595086276E-05 -6.39443953352194E-07
-2.16693055483462E-05 -5.75378786909741E-05
-1.09197865899218E-06 3.71560942004375E-05
-4.56362941205016E-06 -3.88108319054882E-05
-2.14166742538453E-05 1.69960268324239E-04
4.00113845974356E-04 -1.14360263449835E-04
-6.20446449610172E-04 -1.23745856838068E-04
8.27447127457662E-05 3.21263720131306E-04
8.49102082242076E-04 -7.86761157354703E-04
2.91479119372533E-03 -3.49891816354204E-04
-2.14234962903102E-03 8.2355825713791E-03
-4.64600466732582E-03 -6.80611242321143E-03
8.63500750259421E-03 -8.45456981153995E-03
6.93037979166565E-03 -1.12370857810544E-03
-4.83773553741886E-03 1.12461274492748E-02
-6.81373277049517E-03 9.1202873403306E-03
-2.92442454211244E-03 -6.22590071624704E-03
-7.0131351326689E-03 -7.4415200537117E-03
4.9696433554908E-03 1.63151788825443E-04
4.50157913143982E-03 8.48767980932153E-03
-8.53408782613058E-03 -3.35327456509802E-03
2.12700962374249E-03 -6.26551054199359E-03
3.32192205859237E-03 5.54582265084556E-03
8.59362219712433E-03 -2.71175993571818E-03
-1.30807414988747E-03 3.81415376968761E-03
-4.08027057260024E-03 -9.45458698194934E-03
2.87399073677745E-03 -1.78672371740605E-03
-7.75488515635821E-03 1.94914083867347E-03
9.03656817729102E-03 -8.80494970146298E-04
3.0652594118392E-03 6.49543155962954E-03
4.42835198413503E-03 -7.50236999443918E-03
-5.60353784566388E-04 3.0476443639749E-03
-1.39968445286001E-02 1.8543056133162E-03
4.40850926281204E-04 -4.66890595667704E-03
6.87022152813313E-03 7.7924876918552E-03
-4.37117357837813E-03 -3.7879715180421E-03
4.35784326827625E-03 -1.5391227354233E-03
-3.41534092232799E-03 4.30076511067903E-03
-1.17534434154158E-03 -7.54826039133919E-03
7.89489094708762E-03 1.44206072856201E-02
-1.41714568828098E-02 2.3023272232338E-03
4.63284765419004E-03 -1.00701258628524E-02
8.02711475150045E-03 6.25032577896848E-03
-1.68843574882186E-03 4.59688521665481E-05
8.36719527369047E-03 -5.27047752086224E-03
-7.25528879937771E-03 -2.00700483421788E-03
-1.13725965301488E-02 -2.23213532450142E-03
2.04500581339966E-03 3.21282120590817E-03
1.04915217724441E-02 3.19352675693441E-03
5.43913898964264E-03 -0.001820699236593
-1.77036599499937E-03 -7.50910221865594E-03
-5.20072484300084E-03 2.47205858632764E-03
-3.78756662152228E-03 -1.93331485049758E-03
5.64791464451137E-03 1.05816185678657E-03
3.1866025448656E-03 9.48764596312784E-03
-9.42952118893404E-03 -7.8011347141317E-03
0.013333260813885 -8.99931835567184E-03
-3.6226140848615E-04 4.10095523127019E-03
-7.6892877975779E-03 -1.62578507950024E-03
5.58010588994182E-03 5.59530399497703E-03
-7.09149122761892E-04 7.61823792196476E-03
2.07710226278129E-03 -6.19704756489372E-03
1.19962619554984E-02 2.23064784808613E-03
-5.6690031523689E-03 1.40719815718845E-03
-6.21924834112667E-04 -4.94787016070526E-03
-2.81016330602865E-03 3.70616014316727E-03
3.86217169806685E-04 7.46276913108939E-04
3.10934089985101E-03 5.0459535793391E-03
-6.40445104520942E-03 2.87474668437725E-03
2.31128314717043E-04 -8.2696252986166E-03
5.53016248040339E-03 -1.96118866815542E-03
-3.81968305665367E-04 4.07953519042868E-03
-3.41415109915902E-03 1.0144054029214E-03
-4.35543653527161E-03 1.05265972498556E-03
1.48234357999142E-03 2.13005138342297E-03
2.06536437923851E-03 -4.25032817913861E-03
-1.21410398209906E-03 2.71010590275603E-03
-1.81577610749196E-03 2.98384683206259E-03
-4.63618293051172E-03 -1.49419878083305E-03
2.7982754330205E-03 -2.01496968300318E-03
6.39970963910018E-04 1.45311687171455E-03
3.79715911669142E-03 1.8232958318755E-03
1.01541437095277E-03 4.34575034168491E-03
-9.34419458692723E-03 -7.80793441577046E-04
2.58951447758376E-03 6.23975172301968E-04
1.30335661956173E-03 1.38837446101207E-03
1.16815056701878E-03 3.20254635809157E-03
-2.21310305973931E-03 -3.55150010214683E-03
-3.68025684274942E-03 -9.37649572913042E-05
1.38775860093452E-03 -4.78987526817547E-03
1.18170894010091E-03 3.87206646069729E-03
-6.76628149334591E-03 3.28814156577615E-03
9.51945203426911E-05 -9.33213867282083E-03
3.94149019915581E-03 1.84656241658738E-05
8.56095835894998E-04 -2.80402785467124E-03
3.24971891458559E-03 -2.79510194520539E-03
-9.06990119414631E-04 7.7304137519901E-03
-3.64475016594005E-03 -5.89693324078395E-03
2.33892610223759E-03 4.34782398639133E-03
-9.86130342544353E-05 2.49264583282689E-04
-3.75425165098574E-04 1.18339177635372E-03
2.86454632794683E-03 2.04623448128765E-03
-1.18969708619351E-03 -4.79194287652708E-04
2.08625979298033E-03 2.26220873746035E-03
3.89019780585793E-03 -2.10620555945849E-04
-1.37551380029906E-03 -2.56490882693255E-03
3.67557295686738E-03 1.25359197939132E-03
-2.44345546675299E-03 -2.30005901845041E-03
1.4391261885301E-03 1.24831756710078E-03
1.45895124715853E-03 5.93180539223949E-04
-3.51293976339864E-03 2.60292554099092E-03
2.39615872511637E-03 -1.34652799428905E-03
-1.18445621631112E-04 1.0308877934939E-03
4.03333627832013E-04 -2.75330068026656E-05
2.15176004396656E-03 -1.02562619753006E-03
-3.03017958999243E-03 1.33665863470339E-03
1.55676006601832E-03 5.25812651930595E-04
-2.06178218441251E-03 1.67591202762572E-03
1.97780654672238E-03 1.87646164810853E-03
1.33306649384858E-03 -2.08987323189621E-03
8.40999117206763E-05 -2.87713477576154E-03
4.98223436418479E-03 2.59264059168333E-03
-7.1741903690999E-03 2.82077722006527E-04
-4.8155131861504E-05 -4.35420666985751E-05
2.37613025500567E-04 -6.37510694810044E-05
-7.06058954142019E-04 -3.94702974151344E-03
7.05459999608508E-03 3.12975567324259E-03
-6.11903824774056E-03 2.84495478290481E-03
-1.8922239517256E-03 -5.61900970235017E-03
5.0123426471483E-03 2.26341187010323E-03
-4.15275115078855E-03 5.55878882347904E-03
-6.1487441647235E-05 -6.62416496616921E-03
8.77548659683564E-04 1.07028426349014E-03
-3.16077288042409E-03 -7.55477145647994E-04
-3.04175252474413E-04 1.09850251301849E-03
-1.93363514305148E-03 2.73066599224184E-03
1.50746500939042E-03 -2.07312410530947E-03
8.35676461453889E-04 2.09114151650868E-03
-1.25845122963997E-03 -1.01384831867872E-03
-2.88874369954582E-04 -2.09246743771708E-03
2.53216377649451E-03 1.79167083403856E-03
-7.64884896234124E-04 1.34795452516112E-03
-3.26633307168107E-03 2.24190280275316E-04
2.43882450815242E-03 -2.21717231631207E-03
-1.35860797192525E-03 2.95113592074774E-03
-2.74606829200087E-03 -2.5866116041178E-04
3.14836597287963E-03 -1.97169464263101E-03
-7.92060007161425E-05 1.17260286009375E-03
-3.57162710221753E-04 1.97989394417864E-03
9.81845685187333E-04 5.83440956929421E-04
-4.50888629532852E-03 7.93433827639883E-04
1.40240296079556E-03 -1.41172422205219E-03
2.70430304184239E-03 2.83766260751051E-03
-3.53713253296628E-03 8.87314924438113E-04
-7.57584790501683E-04 -2.8358902637585E-04
-7.16218494755182E-04 2.07063819514099E-04
3.83675961254029E-03 3.30384559943757E-04
-1.10957902642846E-03 3.89177987526064E-03
7.28246767660746E-04 -1.64454290655076E-03
5.97762272318988E-04 -5.4879480082384E-04
-8.4747271284314E-04 -1.71373325249641E-03
1.85127371377284E-03 3.73377712134756E-04
-0.001715081449585 3.99164257540443E-03
1.18363915835331E-03 -4.67542337800208E-03
1.07275219711204E-03 2.42869468811461E-03
-8.81953850536649E-04 -1.98047174662512E-03
1.77477970862717E-03 -2.97651938760761E-03
4.0764095250268E-04 2.32615165026218E-03
-8.64585791002771E-04 -1.1318617253914E-03
1.61358647621685E-03 4.31045015575283E-04
-2.29312594667629E-03 -1.22440122048071E-03
-5.27996697348557E-04 -1.15901975996706E-03
-1.33590813807607E-03 2.94789128572968E-03
-8.59600129911433E-04 -1.89027025794097E-03
1.31758488323164E-03 1.02650771450134E-03
-3.68764110008512E-04 1.85539895673553E-03
-8.83324561681114E-05 -3.77314914892958E-05
6.71384518018805E-04 1.84769602813623E-03
-2.26323935872941E-03 -1.66319456685086E-03
2.10334976938606E-03 -4.04183957616879E-04
-5.18515840712562E-04 1.03559774285098E-03
-3.05794454434773E-04 -8.33656284956834E-04
-2.87459232297408E-03 -1.18284402062591E-03
3.93847327934213E-03 -2.32514807583156E-03
2.47147195136869E-04 5.11018397829858E-03
-4.02824297667761E-03 -2.11526882833158E-03
2.96651408992707E-03 -2.6911926674822E-03
6.7317849050135E-05 2.34781052806006E-03
4.41718794212604E-04 -1.37657744153168E-03
-1.37068424208829E-04 3.85076306171764E-03
-2.23363002776882E-03 -3.43840171100609E-03
