3.4284390156005E-05 -5.01989762428832E-05
-7.61350199679879E-06 2.18772701931684E-05
3.24178412792753E-06 1.68347850351487E-05
1.22470943558523E-06 8.98954692193882E-08
-8.13281547330144E-06 1.62249600565509E-06
-1.4388016394613E-06 -7.60528287851406E-06
5.70039269343066E-06 1.81565567755073E-06
-8.8903543032868E-06 -1.04803567678007E-05
1.01031300425394E-05 -7.07191630916426E-06
1.57098812091418E-07 3.96499770536772E-05
3.89227865894502E-05 6.85686128333729E-06
-2.0527112941893E-05 -5.28877373275961E-05
-5.84874831180595E-06 4.37017382314375E-05
-1.09007262640338E-06 -4.55549348429741E-05
-7.77979928349533E-06 2.13178091656588E-04
3.59728478104669E-04 -1.98743646358445E-04
-6.33833392391054E-04 -2.56670526928203E-04
2.49025050430668E-04 3.49377921875793E-04
5.5643208634817E-04 3.203170212046E-04
3.31068519806388E-03 -2.81683827453601E-03
-3.20617050657238E-03 8.91455111616285E-03
-8.50086615021136E-06 -4.20942263750233E-03
4.43000101331273E-03 -9.79466825602734E-03
4.80168154512431E-03 1.30144060271931E-03
-6.95444209053921E-03 1.88835855924098E-02
-7.05921371351413E-03 -3.13529871765529E-03
-7.43689296232333E-03 -3.95351229495028E-03
-5.78082270444877E-03 -5.12892909240669E-03
8.95466524247456E-03 -1.41558302669785E-03
-7.69683834665773E-03 7.09619362970881E-03
-8.44808951764629E-03 2.83234104000702E-03
3.33052312015726E-03 -0.010731891898075
3.79280533684763E-03 5.32634444353226E-03
7.9635087990424E-03 -1.76356868281455E-03
1.3978230487282E-04 5.80280339839726E-03
-2.14005577378548E-03 -7.50698410063157E-03
-8.42495817895386E-05 -6.92492341477518E-03
-2.9870652969137E-03 3.58885944330984E-04
4.56476335593035E-03 -9.52304590303475E-04
0.008566452078139 2.68450640774841E-03
-6.88098539030974E-06 -6.83918080254843E-03
1.43163102069897E-04 6.70804921039349E-04
-1.23162608453761E-02 3.25718277391087E-05
2.17474480253105E-04 -1.50548027454401E-03
7.31492277809785E-03 7.40226964889783E-03
-5.53752365643791E-03 -5.67340893589788E-03
4.30163628700529E-03 -2.45259053656354E-03
-2.89862676769795E-03 5.80930144693508E-03
-9.45170291295275E-04 -7.49006479578082E-03
6.97772465278166E-03 1.34600964418364E-02
-1.70768634817018E-02 1.77859535557449E-03
4.63114036433205E-03 -6.73750350698295E-03
1.08145479535262E-02 6.93120365996962E-03
-7.11109277500237E-03 -4.86564548553149E-04
7.96062671192683E-03 -3.66707172982329E-03
-8.7765369194961E-03 1.02055606103546E-03
-1.16601985535595E-02 -2.96978166024755E-03
2.64294668394878E-03 2.64068852810768E-03
6.84042176147128E-03 5.40839139590856E-03
4.56771102095599E-03 -1.80406140196511E-03
-1.51322722168819E-03 -5.95918160600843E-03
-3.81271046518341E-03 6.10931043528763E-03
-4.81789452070274E-03 -2.83365899647157E-03
4.73682553532325E-03 4.82211465641835E-03
6.93997647019025E-04 6.04960655463971E-03
-3.0939240182008E-03 -9.11998495152185E-03
1.43817871507485E-02 -5.27049967367868E-03
-1.77624842778129E-03 3.06525142154039E-03
-6.00150792154391E-03 -1.95005050874941E-03
3.22598352070807E-03 5.02646921571906E-03
-7.65845838275093E-04 9.12330740841428E-04
7.15251914724276E-03 -5.8418926645268E-03
8.03444643864714E-03 2.70382724268657E-03
-5.45371081028752E-03 8.30606146052247E-04
2.92186910875752E-03 -7.81660217857637E-03
-1.9092698175346E-03 3.37583630638585E-03
2.38302136983246E-03 9.59590071155217E-04
3.0429258444939E-03 6.94124966915779E-03
-9.42708198835684E-03 -6.66341961167345E-04
1.04572455465021E-03 -1.28716860866567E-02
5.90818478782887E-03 -1.44766084483952E-04
-2.58494086042107E-03 4.62647150171044E-03
-0.007055716630372 5.90062855205671E-04
-3.11910905606825E-03 -4.40798366181153E-04
3.34992907709476E-03 -9.604622821359E-04
3.65940752104958E-03 -1.28118649296953E-03
1.24468222510326E-04 9.769735177419E-04
-6.2101656765946E-03 2.78406494011091E-03
2.05121947244886E-03 -2.74384715681592E-03
4.19738644714693E-03 -2.41159071719754E-03
-8.37438594028714E-04 -1.91220619239272E-03
4.30560273146564E-03 7.31285658299963E-04
1.04939337098985E-04 2.63896330478293E-03
-3.76983502142091E-03 -3.02422416200874E-03
5.81820995869169E-03 9.92952291844218E-04
9.90647608761363E-04 3.64716073006598E-03
7.42218361389661E-04 6.62103857958674E-04
-6.49370149363903E-03 -2.23857248656876E-03
3.24354152332168E-03 -1.55302544083625E-03
6.19561769013978E-04 2.91821534354939E-03
-1.48125200307828E-03 3.45499559947177E-03
-2.14281187515549E-03 4.33038951355291E-03
-3.96920005438782E-03 -5.1903497702247E-03
5.76307115609765E-03 3.52916551570804E-04
6.29650123832229E-04 8.53231784642776E-04
8.5037377333551E-04 -7.89613636477822E-04
1.85980403309555E-03 -7.92419976431463E-04
2.77324591252303E-04 -3.55677578563163E-03
2.45684113051223E-03 7.6692787842715E-03
-4.6740913170006E-03 -3.25351597736631E-04
1.95696559617207E-05 -2.70745138138118E-03
2.48315341604293E-03 9.61520967537629E-04
-5.4959613258843E-05 -1.3119163508104E-03
3.71864674194405E-03 1.99075797011139E-03
-1.80227989764382E-03 -1.27636304474439E-03
1.98109960567744E-03 -1.20893290633927E-03
3.49881263444034E-03 1.38142383592135E-03
-3.22059157899193E-03 -1.8467829665511E-03
1.82062663937342E-03 5.87007673335159E-04
-1.14619133330554E-03 -4.17242024474673E-04
-8.00002297212721E-04 2.33723697062068E-03
1.92637146768585E-03 -2.35166952570088E-03
1.29880627339925E-03 2.89808200680849E-03
-1.25294190888435E-03 -5.16778283044599E-04
-1.70262878528276E-03 -2.37552620445693E-03
-2.74163127041893E-03 2.81403793344008E-03
3.45236478774983E-03 2.29415439735334E-04
-2.41055102429681E-03 7.02600904297461E-03
-3.24199363699316E-05 7.16401383831017E-04
1.34100834601814E-03 -3.45269715971297E-03
2.04912784783593E-03 -2.61193489265906E-03
5.78603930584979E-04 -2.38978826364742E-03
-9.62368081700046E-04 4.24721852135238E-03
7.4442299175454E-04 7.01890287688436E-04
1.42166571941791E-03 -1.19324162672837E-03
-1.31093555614376E-03 -2.1613161219817E-03
2.73806712930368E-03 -5.68307509193979E-04
-4.29842199328441E-03 1.70288042615007E-03
1.66670609930983E-04 -4.86021753481136E-03
3.67771102030637E-03 7.02421994981561E-03
-4.89118626929859E-03 3.57054845958835E-03
-7.00729687660192E-04 -6.58574255979358E-03
9.8039541915758E-04 4.49374878810407E-03
-1.09100295251587E-03 -1.5137106122311E-03
-1.10799420280068E-03 3.53531728014261E-03
1.24364928700238E-03 2.60074188405866E-03
-1.43882835509908E-04 -3.52192342491526E-03
3.15873680542153E-03 1.28458288478917E-03
2.41250534639068E-04 1.95511671501374E-03
-2.52997068359568E-03 1.98858757359001E-03
1.85898181948535E-03 -2.34020971579998E-03
1.29872451557873E-03 -8.6594579206912E-04
-2.05139128981665E-05 1.07570589585045E-03
-1.30271827523187E-03 -3.98181689999072E-04
-6.87459057626744E-04 1.58414035449196E-03
1.29839993077552E-03 -2.52637356907771E-03
9.80927523257994E-04 -5.33921808758033E-04
2.3252734381495E-03 1.09186424415262E-04
-3.17826849247439E-03 7.72701077080939E-04
3.38664987218179E-04 1.32460579000236E-03
-1.94126744255139E-03 7.16825922032737E-04
3.07693248681139E-03 -7.74616196066375E-04
4.11503380925435E-03 3.70156859357962E-03
-1.46476944041127E-03 -1.60495231368556E-03
1.44732499346001E-03 5.84954925999717E-04
8.67933045796523E-04 1.95703696779476E-04
-8.260172243926E-04 -1.42843816541378E-04
2.01856059656704E-03 4.37115149684433E-04
-7.36782044795118E-04 -1.96006080258843E-03
2.5916149826149E-05 -1.40889318967928E-03
4.06158893012637E-04 1.41647048208398E-03
-2.97516339546452E-03 4.84133022100644E-04
-1.92671061509868E-04 -2.09784574682627E-03
3.53218304930254E-03 -2.20721163568483E-03
-5.6020463874423E-04 2.91256571222878E-03
-1.02406243232812E-03 -9.55731614458011E-04
-7.99545629409466E-04 -1.46210091763412E-04
-1.52246806724427E-03 7.34118501961962E-05
2.63576660399619E-03 -3.45037988826982E-03
6.22797118808617E-04 3.32439658426227E-03
-4.11796246320609E-03 -3.85415850973806E-05
1.00856891168929E-03 -2.35957325375901E-03
2.46588069081276E-03 2.69681677441326E-03
-1.97150713607556E-03 -1.75725557773483E-03
3.47812104834567E-03 6.96603071815138E-04
-9.18268861467543E-04 -1.45758806550126E-06
-3.65685433121862E-03 -4.37311227799426E-04
1.94099112961365E-03 -4.68593379292192E-04
6.89671923059499E-04 1.45233747985424E-04
1.39757562302484E-03 3.95470029932313E-03
-4.03578134583341E-03 -3.00846059685911E-03
-9.99968288618349E-04 7.67523179272361E-04
-3.86192845681519E-04 -1.73929968152688E-03
-4.46445151081301E-04 2.54337881351045E-03
8.58036789626433E-04 1.13977529705499E-03
-9.78585599798692E-04 -1.40554760624096E-03
0.002768568165445 1.16990974836069E-03
-1.38691409442488E-03 -2.0232305517057E-03
1.65308197620303E-03 1.77221756780797E-03
-2.13508812177976E-03 1.16881827591385E-04
-1.19637669477346E-03 -3.67148246982019E-03
