3.53055914077901E-05 -5.11099084948801E-05
-7.60079710766814E-06 2.24018604014866E-05
4.25943170279959E-07 1.54313987289056E-05
-5.96232281248521E-07 -5.05408728493467E-06
-1.22859818836108E-05 2.82369448725096E-08
-1.70121941465816E-05 -6.00194186799917E-06
3.64385294797875E-06 -4.26334161585834E-06
-8.43665436289814E-06 -9.46920599941612E-06
1.45302514129665E-05 -3.02933917953169E-06
-1.30465978057497E-06 3.89941358924768E-05
3.64208415510612E-05 2.57175141214345E-06
-1.41492321177553E-05 -5.35813311848045E-05
-1.99860678842856E-05 5.30204323517594E-05
1.85044309631713E-06 -4.36716233301217E-05
1.1542702574752E-05 2.30427279912521E-04
3.12973840965512E-04 -2.81906383707673E-04
-5.70834854194585E-04 -4.31388390053877E-04
5.7027837003331E-04 4.28031869161615E-04
3.9665052066225E-04 8.5545521556798E-04
2.42644194281797E-03 -4.25811614210286E-03
-2.58854137712564E-03 9.66947414099052E-03
5.12932469544457E-03 9.85730787908984E-04
-2.3789304220225E-03 -0.011562905006631
2.41181511296714E-03 7.05245036132016E-03
-5.11338002870485E-03 1.32512074012848E-02
-6.25862241397508E-03 -1.01442997080653E-02
-7.21024086614723E-03 6.13566399919079E-03
3.81719268639463E-04 -1.00722014801772E-02
1.64727360641048E-03 -4.69742032944655E-03
-7.81237680874439E-03 1.16235097828519E-02
-6.7196896975681E-03 1.07007686869298E-03
4.26129379502173E-03 -1.28051592125836E-02
3.52405256924621E-03 7.24264180559149E-03
8.23856243275652E-03 2.15370440658483E-03
0.001362241131048 4.34884273178755E-03
-1.21000010708552E-02 -2.89836995671474E-03
1.3169143676508E-03 -1.28181444684762E-02
3.54273191823424E-03 1.24473653938778E-03
9.26509102632728E-04 -3.25458039795619E-03
9.63201831173496E-03 4.13423032007643E-03
2.68905072258845E-03 -8.20670066853935E-03
-8.23558128531488E-04 1.14812371643221E-04
-9.00116751870497E-03 4.51617211143552E-04
8.69769140579192E-04 -6.61287044007681E-04
1.30317030104542E-03 9.35561151160503E-03
-3.76214738266924E-03 -7.60021761205762E-03
5.09120274662816E-03 -1.44429817912544E-03
-1.30254429533981E-03 1.6528331390806E-03
-1.68391237848906E-03 -7.6544359118194E-03
8.17482046363492E-03 1.31568300660227E-02
-0.014867270318339 1.78858129332623E-03
2.4517720618488E-03 -8.89225505516436E-03
8.70998750300387E-03 6.03504753375883E-03
-6.08337365567786E-03 -6.12122774021085E-04
4.3383467251325E-03 -2.5266810395997E-03
-1.01706446763419E-02 -1.72204762382348E-03
-7.82695159050663E-03 -5.67946866901385E-03
2.43938152458236E-03 9.34497941330361E-03
1.18580033083377E-03 2.48158349424827E-03
7.1881505221412E-03 -6.14985175188843E-03
-4.02987156080184E-03 -5.29142745593195E-03
-4.62335700619683E-03 7.12477420767469E-03
-3.92320720698532E-03 -1.9972371588727E-03
3.23554830394752E-03 6.31250181327313E-03
-2.30829883113821E-03 8.95249694468716E-04
2.8254818549295E-03 -6.31580578104426E-03
1.12809433592431E-02 -1.75496092620406E-03
-5.31690807491257E-03 0.002707517739542
-4.34403733973755E-03 -3.77465576626152E-04
2.1241605056567E-03 2.09255099513428E-03
-2.75927637903296E-03 -3.71833953764181E-03
1.13975312516243E-02 -2.5025439763877E-03
4.45967178019795E-03 4.4694364129324E-03
-9.3741711755777E-03 -6.71610595469308E-04
3.82802567350077E-03 -8.87531563719506E-03
7.1401241861756E-04 1.49633691314947E-03
-7.61514501732751E-05 1.2980583684792E-03
3.72561348276924E-03 5.92372216077872E-03
-5.62444410984026E-03 5.55473375930846E-04
3.29578547594746E-03 -0.012619755895417
2.45487272542029E-03 1.31081960611024E-03
-5.46887910221243E-03 4.18595913320562E-03
-4.18097231375797E-03 1.89950240429713E-03
-1.27687381408162E-03 3.96013310867099E-04
6.91838511254703E-03 -3.02956659759614E-03
2.18115495960423E-03 3.38872974753871E-03
-8.97415296806101E-04 2.05406035377684E-03
-7.22128487140511E-03 7.13859903443775E-04
5.56738055543694E-04 1.10883391583262E-03
2.56524931678456E-03 7.29783177120422E-04
-1.76184363874393E-03 -2.3941616745368E-03
4.79468301587361E-03 -6.61072721483712E-06
-1.65520047702027E-03 1.30888884297557E-04
7.49558902692091E-04 -1.74001816053991E-03
4.32465172238209E-03 2.09487858623636E-03
-4.2633634587156E-03 4.77706411144206E-03
3.07783114345984E-03 -2.16915358693682E-03
-9.2346887176594E-03 -1.90212080523975E-03
5.08534641701785E-03 -4.53319695622849E-03
7.3482302769639E-04 4.27052515106888E-03
-8.00059972208722E-03 1.91645667372269E-03
3.82944926367733E-03 -2.20522320213922E-03
-5.42975585103382E-03 -1.12113502839313E-04
3.70124511928101E-03 -2.47675609994589E-03
-3.11377265350689E-04 2.16604159773497E-03
-4.83551150246748E-03 -1.52568362016357E-03
3.59933807011172E-03 -7.18137304044678E-03
3.65200206934221E-03 3.84033787441895E-04
3.76724842642568E-03 4.73564514714169E-03
-2.78703790322999E-03 2.12954398914177E-03
7.93503259626025E-04 -2.06566143135311E-03
3.36411111111091E-03 -1.06886019377262E-03
1.07845044383068E-03 9.73482204130183E-05
5.24560453437869E-03 6.40815996810943E-04
-3.30436051203672E-03 -2.99204768008077E-03
3.17357839767752E-03 -2.18625128648258E-03
-3.91183546884498E-04 -1.04835905923404E-03
-2.68182880067103E-03 1.55571342124047E-03
5.86133026392912E-04 -1.99443103017063E-03
-1.85682684138279E-03 -5.11006422338595E-04
-6.08111537322819E-05 3.95363848487683E-03
1.41149822403047E-04 -3.56758317474729E-03
6.11100989345184E-04 2.18271539312016E-03
1.19501560283061E-03 1.06177861175745E-03
-1.77119459066887E-04 -2.34417859881641E-03
2.45637444193907E-03 1.30270405462459E-03
-3.31153745115598E-04 -1.17486265550815E-03
-4.04570553018401E-06 4.36677884417995E-03
-1.17094348786365E-03 -2.19264191579299E-03
1.71836009950468E-03 -3.91977494315349E-03
-3.1458944835975E-04 -3.1042149576471E-04
-2.34515894399703E-03 -2.67322805217528E-03
-8.74758288442964E-04 -1.2164306325107E-05
-9.08700004261664E-04 -1.34288767161086E-03
1.92748662356974E-03 4.20569768005304E-03
-2.40032976107071E-03 1.95165911110238E-03
-6.23962336445147E-04 -2.22496246556881E-03
4.42601321450969E-04 3.70985233839869E-03
-3.66886408999598E-04 -4.53052551740387E-03
3.54927973362274E-03 3.36584820820717E-03
-0.00105297294003 4.95140812952428E-03
-1.80307841735019E-04 -1.13675384877865E-03
5.85992246171859E-04 -1.63810833162744E-03
1.4596254502704E-03 -5.71654505028933E-04
-1.87851020961949E-03 2.46521298000189E-03
5.43939994617439E-04 -1.6267688612611E-03
2.00476433991949E-03 -7.09671866881452E-04
2.39477753573697E-03 3.57337968906131E-03
-8.44440607610561E-04 6.80711782144398E-05
-2.37603097178716E-03 -2.9978225978214E-03
3.11196432204721E-03 -4.18477853430689E-04
-1.31817077243587E-03 1.27271994756908E-03
5.51904682581701E-04 -1.84327170584641E-03
2.57612532429162E-03 -8.52848475317959E-04
-1.76939121203517E-03 1.68488580039207E-03
-1.20717607644501E-03 -3.75270580397924E-03
5.30523399601373E-04 9.92349767092908E-04
-2.04775449916546E-03 1.2355831301047E-04
5.83579561326903E-04 -4.00292170883928E-03
2.95690010233889E-03 2.15854515630983E-03
-2.68898684378921E-03 -6.57760244221583E-05
-1.26295321143791E-03 -8.46227901950013E-04
1.25130446056707E-03 1.7373014964941E-03
-1.00287543151359E-03 -2.20921712760452E-03
2.09467508113981E-03 -1.46323425266035E-03
-6.91429856693142E-04 1.19313447704288E-03
-1.10467722922228E-03 1.78384136850361E-04
-1.69951370058664E-04 3.05586826763561E-04
-1.52318848370884E-03 -2.02123938209484E-03
2.99563161198275E-03 -8.30036564662381E-04
-2.88671142203916E-04 2.44710915916118E-03
-3.9818407167567E-03 5.20074967850981E-04
-2.55723207090092E-03 -2.12970025815442E-03
3.6095524891727E-03 2.0124685662243E-03
-0.001709082651544 5.24140161078595E-04
-1.93458031150881E-03 -1.02573787929263E-04
7.18474520861751E-04 2.8202127070134E-05
-1.13105126223915E-04 1.21019051348265E-03
6.1214977327909E-04 3.80753707128067E-04
2.79274313715225E-04 1.34358688336595E-04
-2.10882317569332E-03 -3.67791436621823E-04
3.83769643318083E-03 -1.78562006350807E-03
-8.41252089147976E-04 3.03296994097558E-03
-3.78813530909331E-04 -2.58693625907777E-03
-2.41503596530277E-04 1.10913814728942E-04
-1.26184683733532E-03 -3.95650736112004E-04
9.35161019823289E-04 -7.39287791692668E-04
-9.20438681281132E-04 1.53474157731728E-03
1.24534097230957E-04 -4.55348260928778E-04
-1.24614178343409E-04 4.67559655155545E-04
1.49790711264874E-03 -7.2448398902641E-04
-1.25422925022851E-04 2.09365637610222E-03
-1.51871254180725E-03 6.52311724034608E-04
5.54223109052354E-04 4.90870310112511E-04
-6.52485280340342E-04 6.006685344714E-04
-5.46743569100778E-05 -4.13143686688185E-03
4.34358722428814E-03 2.51265703460383E-03
-2.3599052450264E-03 -2.09385092363082E-04
-1.26507381826866E-03 -9.89688650422749E-04
6.51720942980212E-04 -2.69385429689599E-03
2.23943494342167E-03 -7.15195815780887E-04
