3.46220020907337E-05 -5.32069152028195E-05
-9.92031441298009E-06 2.4973175725637E-05
-5.91675429949654E-07 1.58400932718706E-05
2.36504150337871E-06 -2.41605204522662E-06
-7.7233284088743E-06 -2.79500415472367E-06
-1.11984063608019E-05 -7.54628798922692E-06
4.79432944879785E-06 -1.81884275478042E-06
-3.64372606363344E-06 -8.02440078739999E-06
1.15147503155221E-05 -5.56093444920011E-06
-1.57157629099381E-06 4.34070001940056E-05
2.82657672657024E-05 3.09165012274464E-06
-1.13203413400604E-05 -6.2411564190396E-05
-3.35897405025613E-05 6.01402495621112E-05
6.60194632165298E-06 -1.80686451989574E-05
3.56937314895291E-05 2.16923446731358E-04
2.49269768243451E-04 -3.02977547842953E-04
-3.94251469782291E-04 -5.27483716125428E-04
7.04799256400225E-04 6.14013399039511E-04
-1.25196161034931E-05 6.30437007846269E-04
1.67920841550113E-03 -4.05449273422673E-03
-8.59116282426601E-04 9.28435381920489E-03
4.94539151918029E-03 4.19871278608385E-03
-5.24348468648023E-03 -1.10743626512707E-02
1.35043909923299E-03 9.31482556618725E-03
-1.20747573020771E-03 2.80802244424357E-04
-4.96824169440602E-03 -4.52211256626373E-04
-1.02252740545541E-03 5.08148766520955E-03
-2.18113533124137E-04 -1.35472156852567E-02
1.48680733541388E-03 -9.93756559172309E-04
-3.61564094607977E-03 1.60219237100965E-02
-7.94974277066591E-03 -6.86273053450711E-03
4.01960192249357E-03 -6.62700569536642E-03
3.15534703057585E-03 7.08753405024891E-03
7.46165088205015E-03 2.20874660310252E-03
2.25844594695213E-06 4.85363205250448E-03
-0.015094409979773 -2.61526173686063E-03
5.34897034705056E-04 -7.71958610272165E-03
6.6617412913414E-03 -1.89550124424821E-03
7.39321268018273E-04 -1.70060290499633E-03
8.52021927605289E-03 -1.24322753459959E-03
2.73688649680759E-04 -5.89276785066918E-03
-8.73565920797282E-04 1.62204304768579E-03
-4.88360537988537E-03 -2.96454691089676E-04
6.92977066764856E-04 7.49849676767967E-04
-3.02472000413366E-03 8.7303907107663E-03
-2.03149798300999E-04 -5.33577865622456E-03
3.57725030324689E-03 -2.28436764494024E-03
-5.51965210077668E-04 1.82987586324054E-03
-2.4463111092429E-04 -7.17940162094273E-03
7.16366948232463E-03 1.21175069175303E-02
-1.27825507446576E-02 -5.88128925457047E-04
4.50443330317572E-03 -8.68830733559687E-03
1.09875296524697E-02 2.92299838998579E-03
-1.90903269774615E-03 -2.02898512619344E-03
1.9564714928942E-03 -3.31579211846492E-03
-1.10382529563442E-02 -5.71079206997672E-04
-2.40734969058514E-03 -5.62599555098839E-03
3.75092576742857E-03 1.04577497903916E-02
-2.3868966872194E-03 2.45178274569501E-03
6.08794283988774E-03 -8.0896755248889E-03
7.7673030675276E-04 -3.21805478434444E-03
-1.79189412227998E-03 6.01106569398448E-03
-2.80840373442001E-03 2.47508321324143E-03
-1.55485068289461E-04 6.34181322141625E-03
-1.23874531609398E-03 -2.69403240570999E-03
5.27434612917319E-03 -4.61381117786432E-03
4.73298703617999E-03 -2.79588824089483E-03
-7.09575469715268E-03 -4.6087656068695E-04
-6.26566852833858E-03 -2.62406307464931E-04
-4.64274688056932E-04 2.70530177652852E-03
-2.94697194715762E-03 -7.42836478112811E-03
8.2185999052938E-03 4.19109148786008E-04
1.12743284640653E-03 3.94570684768108E-03
-7.79433326304878E-03 -6.97764808596883E-03
1.88609415732069E-03 -8.52225475714032E-03
2.37102260191641E-03 3.76962130186441E-03
-3.21405004086914E-03 1.3737601342499E-03
2.22400018104103E-03 3.35759106512339E-03
-4.59279570969405E-03 6.6012174454346E-04
2.18846558534336E-03 -8.83826707577545E-03
1.74423197611835E-03 2.49104258939007E-03
-7.01934034012868E-03 4.45172758978833E-03
-4.8158738536957E-03 2.0071336848404E-03
2.85677727802385E-03 9.24505040948924E-04
7.78763257490046E-03 -9.28689014158616E-04
-1.62443146025022E-03 3.3199145944277E-03
-6.19448387676686E-04 1.22505216154356E-03
-1.83816297400953E-03 -2.15147804909163E-03
-3.14135406316523E-04 -1.86223876181679E-03
1.88956144787652E-03 3.38301319216896E-03
-6.69888070816608E-03 3.49065614749043E-04
1.24889787236391E-03 -2.42837753367706E-03
-1.09751348545373E-03 -3.54532467212065E-03
1.45771811717098E-03 -2.59763936219897E-03
4.77975238201839E-03 2.15841137338534E-03
-4.87085382625729E-03 3.03663267423434E-03
5.59712758343491E-03 -2.74520274992773E-03
-1.39430778938233E-03 1.13105713990657E-03
3.22581646437793E-03 -8.77447933689574E-04
2.26880598949792E-03 3.78352863815322E-03
-6.92791957530961E-03 6.61037683722722E-04
6.61208344184775E-03 -4.57302408215387E-03
-2.83559729632599E-04 5.84179319714207E-03
2.2122647074758E-03 -2.21894152615751E-03
1.80279209073474E-03 5.87302771017773E-03
-5.99696136042218E-03 -3.32031679624524E-03
2.39852527603296E-03 -7.11745220440331E-03
1.18242552466768E-03 2.47008669105628E-03
7.16858783432513E-04 5.78627395180967E-04
-1.55787849213812E-04 1.83708890587086E-03
-1.12066989451044E-03 -1.67007278966564E-03
2.15281062468226E-03 -1.35358012271949E-03
-1.88607729736205E-03 2.90287040950524E-03
-2.85595494675852E-03 -3.97701492526887E-03
-2.01919585179144E-03 -2.92028931853736E-03
2.99489379721766E-03 -1.16089803963053E-03
-1.32960527963237E-03 1.05849942091935E-04
-2.77717391812173E-03 1.95264090609446E-03
7.64550126873708E-04 6.35653410295458E-05
-3.75107031471841E-04 -1.34814618216871E-03
1.32990034457181E-03 0.002986480137622
-4.16385217935218E-04 -1.06544096444196E-03
1.07897963688205E-03 -2.52633698988678E-03
-5.88512505211398E-04 3.50437186969719E-04
-6.28779809019538E-04 3.2449149266286E-05
1.45476851817698E-03 9.52782883024492E-04
-2.16343141925629E-03 1.45614468560047E-03
1.59687775185718E-03 6.44803913462534E-04
-3.29339144755672E-03 -7.88918458533224E-04
3.96870976668832E-03 -2.57252751591537E-03
-5.56196910004098E-04 -4.53878124326266E-04
-4.0796454460369E-03 1.76532419321842E-03
-1.00127241745516E-03 7.62739384078235E-05
2.2572419564967E-03 -7.75231056087068E-04
3.4475785268709E-03 3.76343520521747E-03
-1.34569253817373E-03 -3.7860505215356E-04
1.83282515845473E-03 -1.35663295959661E-03
-1.09761946788181E-03 1.13297318787606E-03
-2.10874273562656E-03 -3.56281660087641E-03
4.6916421094708E-03 2.54001516717886E-03
-4.55903270600227E-03 1.33418490284573E-03
1.25465444796272E-03 -3.29629514170769E-03
2.56350017925519E-03 5.65371562645501E-04
-1.6541420130848E-03 1.16846731904322E-03
-9.08160600824824E-05 -1.47676236115093E-03
1.2336022171402E-03 -6.38434307706624E-04
8.69499721657317E-04 4.68804825694972E-04
5.90509991657843E-04 1.84673792151762E-04
-2.92338935461825E-03 5.2597606423044E-04
9.82402538604497E-04 -3.33638315978262E-03
9.01044378126322E-05 2.33643617517471E-03
-7.92969792644784E-04 -3.12521281904735E-04
-1.04030915748965E-03 -3.43953848286847E-03
-7.70943175448441E-05 -2.88871039166084E-04
-1.85696064646716E-03 1.90717656858795E-03
9.31991734650078E-04 -2.90656805233413E-03
6.3255509031863E-04 3.32544267469674E-03
-1.65869886328244E-03 1.76913530771949E-03
1.86536825352275E-03 -2.48744829793329E-03
-8.50760014236469E-04 4.29276710763486E-03
-4.13048397085988E-03 5.3876528314925E-04
2.74166602059941E-03 2.12461400865701E-04
-8.91013328693246E-04 4.01759738954278E-03
-2.96457595673808E-03 -3.21670179597931E-03
1.11718788964401E-03 1.48857574193721E-04
-2.98478112689087E-03 1.64515826607347E-03
-1.42503604732838E-03 8.56777236367504E-04
1.9546511994541E-03 -6.51949183558166E-04
1.83805213852233E-03 -6.14943860930299E-05
1.21455780067154E-03 -1.10800122987353E-05
-1.43807463523529E-03 3.5340664782999E-04
-1.29910234998632E-03 4.02298328695146E-05
1.92028733526232E-03 6.40496004868367E-04
6.46506488677812E-04 4.06513330760503E-03
3.26486586357092E-05 -2.25056076639839E-03
-8.214767292611E-04 -3.65507780312136E-04
2.27240840057535E-03 5.52253775738982E-04
2.72497318075394E-04 2.7116631875133E-03
1.33500284853415E-03 8.50745999820762E-04
1.37568326696899E-03 -1.50401792477333E-03
-1.61563799974598E-03 -2.98078843422839E-03
4.23625837754646E-03 -1.0429754122469E-03
-4.43781960692222E-04 3.26061059612681E-03
-8.31212302078965E-04 -1.06301652109397E-03
-1.37574551875641E-03 9.66606157499196E-04
2.90921832177141E-04 -2.84550037937114E-03
1.8012432862872E-04 -2.05552711145828E-03
-0.003304023110836 1.72860328916007E-03
1.36247598801309E-03 -2.91047228476517E-03
3.91098117084915E-05 2.47812222922274E-03
1.27005846662107E-03 -1.87709282568951E-03
3.82079342067677E-04 3.27792541809087E-04
7.10495131096932E-04 2.39304718428119E-03
-3.1488128099957E-03 -2.23096682640399E-03
-9.09965785948881E-04 1.8673180443937E-03
2.52132863946443E-03 -1.40762546225745E-03
-2.01994929815884E-03 3.84233401770274E-04
-3.18616537809133E-04 -1.00408615937941E-03
-2.08926228386674E-03 -7.77353090642609E-05
-4.76410731019552E-05 1.49264001123165E-03
-7.10340296025584E-04 -2.21170719541463E-03
