3.23065449525354E-05 -5.21596164017182E-05
-8.28488726943592E-06 2.18924636258571E-05
-1.88985668876721E-06 2.00588788892248E-05
3.04057236248491E-06 -6.45956315550868E-06
-7.73922576173296E-06 3.27294659978922E-07
-6.76598586069477E-06 -5.6093679674067E-06
3.17118322591873E-06 -1.89549962056462E-06
-4.23738783540343E-06 -1.20086315048857E-05
1.24972189729365E-05 -3.87049696781152E-06
-5.63826876506816E-06 4.03343744517897E-05
3.6474542791137E-05 9.54465424600048E-06
-1.41961577859514E-05 -6.67346520668601E-05
-4.4343967703878E-05 6.4854162945797E-05
1.59964686081957E-05 6.06383721007434E-07
7.18794755412834E-05 1.72657001728693E-04
1.68157150220446E-04 -2.66133381943787E-04
-1.75043752748999E-04 -5.53519922668382E-04
3.88477746760545E-04 7.89835475388765E-04
-6.33444743088617E-04 2.60994052091055E-04
1.78404709005446E-03 -3.34879049118348E-03
4.79112475236834E-05 7.99987778585822E-03
1.39692275327573E-03 2.61196445018783E-03
-1.58974792469065E-03 -5.80104046542339E-03
-7.24063023389945E-04 4.31595239832056E-04
3.38409820740085E-03 -3.65768248324133E-04
-3.99524306729524E-03 6.55506257984812E-03
5.29525160845425E-03 -1.17136455213266E-03
-5.48510682739403E-03 -9.99379834101313E-03
1.03198054849581E-02 7.31140596482981E-03
-6.03533523775383E-03 9.85850861173837E-03
-7.93523634901003E-03 -4.67325247183486E-03
6.31762277254731E-03 -3.61553097296245E-03
1.04667115081889E-03 6.39395527975883E-03
4.48929422081448E-03 -9.0940281536557E-04
2.73414178763741E-03 1.95386502140409E-03
-9.12616500776876E-03 3.04198618802005E-03
-9.85478208796796E-03 -6.42229416586976E-03
1.07308238990288E-02 -2.29203460426908E-03
8.7754937940185E-05 -2.83488792457815E-03
7.78328431295484E-03 -2.50667018297066E-03
-8.37051990666069E-04 -3.97876481574798E-03
-2.10421423310363E-03 -2.74869266198824E-03
-6.76091930459634E-03 2.05299731556094E-03
2.64302924000441E-03 2.78774342152379E-03
6.79580980787114E-05 6.40486872259857E-03
-3.54982852338156E-03 -3.0830001025946E-03
3.89616448998887E-03 8.14231748767969E-04
-1.53948161981056E-04 -1.18896290298642E-04
-1.50718696057826E-03 -6.47974348207475E-03
5.09337287182216E-03 0.010215716810719
-1.12506853645939E-02 7.81875507527158E-04
9.6251071671012E-03 -9.39566956680341E-03
8.81052247294442E-03 4.56953327574373E-03
3.37412596811717E-03 -3.42229345897353E-04
3.0918993149401E-03 -1.27543348817931E-04
-1.38067375261306E-02 -1.74505127854833E-03
-1.23733275679825E-03 -6.57701445811126E-03
6.53146344045652E-03 1.26296539487972E-02
-2.57288276224967E-03 4.14272782522058E-03
2.46636352701631E-03 -9.48316395993619E-03
3.70132982445389E-03 6.75581618874472E-04
-2.62254606841073E-03 6.33783463598623E-03
-1.13128796730985E-03 5.49058243251171E-03
-1.47843819242226E-03 6.39606228403345E-03
7.77644954492842E-04 -5.19409662278491E-03
5.81671196142526E-03 -4.05792383910738E-03
2.62715234975911E-03 -4.5116382781652E-03
-6.86336718445894E-03 -2.1315260542932E-03
-5.62409430056909E-03 -1.56558678698898E-03
-4.00685169608325E-03 6.49562576121871E-04
-8.55726497072793E-04 -5.94524278237732E-03
6.25903285564006E-03 1.28966563233238E-03
-2.29255942677361E-03 2.9293017838944E-03
-1.58919520005117E-03 -9.89853690108246E-03
2.19560374248476E-03 -6.1420094850351E-03
-1.03256564831235E-03 3.92144870638264E-03
-4.77685258939012E-03 1.78142131350576E-03
2.4703649809137E-03 2.64553844783891E-03
-2.57291160151994E-04 -2.2101322313105E-03
2.03381546197049E-03 -4.71836610496476E-03
-3.64986721163371E-04 5.74303809740546E-03
-8.06298066097907E-03 3.75444091365955E-03
-3.58702928624922E-03 -3.78598814302083E-04
4.32952487954475E-03 -3.5824739377124E-03
9.06041755995824E-03 1.96919868214626E-03
-3.79884030598087E-03 4.44211352001195E-03
-1.92545918283959E-03 -2.41538586581068E-03
9.14179361208175E-04 -6.84573341170492E-05
9.74236981072565E-04 -4.50954220789729E-03
2.80086780050785E-03 1.5017669859639E-03
-6.36901757844901E-03 2.66962812643397E-03
6.38531163987644E-04 -6.17668527309806E-03
3.61278802928196E-03 -9.87227270936675E-04
6.13395652526276E-04 -1.4565704846358E-03
-1.14759152674726E-04 1.97102149245113E-03
-2.47328785275392E-03 2.46332626784956E-03
0.001440136612899 -4.06199537258244E-03
1.49979531948527E-03 2.73083798476835E-03
-5.97296134248609E-04 -1.36882417446704E-03
3.47558299709179E-04 4.91262126083396E-03
-6.07609602757372E-03 -6.95873726869481E-04
2.62623145298949E-03 -5.49873002732805E-03
2.83070134525962E-03 7.69170731463156E-03
-2.92297145102702E-03 -4.57657394598663E-03
7.17528195113737E-04 2.81511457221272E-03
-3.50850916931233E-03 -3.11248807612483E-03
2.25974146155279E-03 -3.46019195309911E-03
-4.3352137896105E-04 3.02484168747074E-03
-3.35330355972196E-03 -2.67480994961913E-03
2.4900673220009E-03 1.4664979151196E-03
1.99352498589461E-04 -4.46233120407585E-03
5.08846229279793E-03 -1.96209816635996E-04
-1.10538151531248E-03 8.22892984381394E-03
-7.19853661397549E-03 -5.39856983036381E-03
1.78810453063104E-03 -2.58352344017041E-03
-5.43864711360656E-04 1.41036441916338E-03
-7.15281462571647E-04 1.37451440100175E-03
1.41031049770845E-03 2.25955275796111E-03
-2.17464809716363E-03 9.40462199082772E-04
1.47083425575118E-03 -7.7380842386551E-04
1.81965006507846E-03 2.80891282253451E-03
-4.41244353811643E-03 1.61959547380174E-03
2.29169375772372E-03 -6.44491335999548E-03
1.91682865920065E-03 2.5657894780192E-03
3.63681821546558E-03 1.18780876620517E-04
-1.50668229268967E-03 -2.40180398481322E-03
-1.44443479261672E-03 9.33267421262543E-04
3.87644451172022E-03 -2.70989123567306E-03
-1.47794697272796E-03 1.21405294626052E-03
-1.6667313259932E-04 -2.66103150939905E-03
9.14130419809877E-04 -2.04060811871934E-03
-5.6336623391591E-04 5.21704102939445E-05
-2.06967698567618E-03 1.50141492430245E-04
-6.76449501674755E-05 1.1866402490093E-03
4.21933311849338E-03 3.09283030085645E-03
-1.38053685556954E-03 -3.87332717646581E-03
5.17151124107824E-03 3.01094585618264E-05
-1.24757483044317E-03 2.10147903194297E-03
-6.46201595330563E-04 -8.26197162724052E-04
4.15536921340049E-04 3.81413167488598E-03
-4.98141529436177E-03 1.81570537635551E-03
5.84156764893943E-03 -6.06079134628426E-03
2.14933860285884E-03 4.97853941497222E-04
-3.66476387254128E-03 5.76959560475768E-04
3.49912228232965E-03 -5.63666965299612E-03
-3.21194601507221E-03 0.002797796282007
-9.36339484029953E-04 -1.84158872471919E-03
1.86568663263717E-03 2.34987646488762E-04
-2.43943532300278E-03 2.26799991472968E-03
-4.10986513894398E-04 -5.73977341373979E-03
2.30788321023517E-03 6.50555814356898E-03
-2.03438079334126E-03 2.12475540684714E-03
-3.24636887011913E-03 -2.65850581637167E-03
2.54114857295742E-03 4.56549403191117E-04
6.63778657469957E-04 -6.56658121618034E-04
1.82345715758092E-03 2.32127461637256E-03
1.05140454327454E-03 -2.44541304945515E-03
-3.23234301116669E-04 2.66257764657945E-03
2.44253818204069E-03 -4.62381614161848E-04
-1.80692397810277E-03 3.13327633475618E-03
-2.56666496661495E-03 2.83134188301775E-04
5.97934228913968E-04 -2.51839401262965E-03
1.42967470700058E-03 2.1834805055949E-04
3.19986047233124E-03 -1.02851254608902E-03
-3.15453895152783E-03 3.48801887884517E-03
-2.80941399323174E-04 -3.03591331838195E-04
3.21863744435132E-03 -9.12743596738301E-04
-1.05070508857036E-03 2.59326425237678E-03
-1.34028922861444E-03 1.82779636380918E-04
1.00496307372744E-03 -9.13785315575425E-04
-8.61898036959666E-04 1.55169502449604E-03
-3.01044587248437E-04 -3.82121575690761E-03
3.33712156548039E-03 6.23045823854334E-04
-1.4223144518866E-03 2.23717447729567E-03
-3.30119034948238E-05 -4.6695257509704E-03
1.84849089409795E-03 4.80009963155933E-04
3.66964028361796E-04 -4.28581037106259E-04
1.03819914148366E-03 -4.68671987251477E-04
7.46718204664974E-04 1.94040083145971E-04
-2.9538011199349E-03 -2.34324259039595E-03
-7.91558408833106E-04 -9.93951270025439E-04
3.0566358956578E-03 7.8413019404439E-06
-5.52789334628184E-04 3.55779312822586E-03
1.20892785927954E-03 -7.8268610439379E-04
-9.55719977966378E-04 -2.87506027749077E-04
1.03100932463763E-03 0.001684185885733
-3.43283484291807E-03 -1.11777437063362E-03
-2.92568772656684E-03 1.02999410357563E-03
3.72234701047249E-03 -1.20992444612019E-03
-1.65990758946339E-04 2.94297319419299E-04
7.12196649372449E-04 2.21255148545044E-03
-1.00705146763722E-03 -2.11905735024237E-04
-2.76422607353078E-03 -6.03155537558496E-04
3.09704684543222E-03 -2.90639492190355E-03
9.06296917549324E-04 3.53486108655084E-03
2.14836437672927E-03 9.91944658707256E-04
-5.58515332973543E-04 -1.54475034178723E-04
-1.68704227973312E-03 5.82905493266126E-04
8.24322237762765E-04 -2.37297620223712E-03
9.26826525305667E-04 3.41979829518903E-03
-7.72475010317517E-04 9.52289312741972E-04
