3.3360438546744E-05 -5.02584967261266E-05
-7.74993999122884E-06 2.03796710400547E-05
-7.03087613738374E-07 1.4607608316667E-05
1.34020319428154E-06 -2.66345876412124E-06
-3.81908049867534E-06 -2.55994412473871E-06
-1.55918684742619E-06 -5.48776801672825E-06
8.45823352377896E-06 -1.20546744767163E-07
-4.85533602903846E-06 -1.21559501167216E-05
6.67507939240495E-06 -5.719658381744E-06
-1.37847563626181E-06 3.69720254245173E-05
5.09810397594839E-05 1.70492071713756E-05
-1.62135805898966E-05 -6.70457970892062E-05
-4.70352327787837E-05 1.49337737070356E-05
3.729856521712E-05 2.02318566654181E-05
1.19709509334827E-05 -7.55184992512248E-05
8.71496851129218E-05 -1.8618752240011E-04
-1.38116910692554E-04 -4.26150122208852E-04
8.76600393180916E-04 -1.89654348761186E-04
7.73594752636235E-04 3.29231523009224E-03
-3.19847290829459E-04 -6.8524632150908E-04
4.10648899792808E-03 3.15638583156795E-03
3.39962174921874E-03 1.08972447058575E-02
1.21126843963996E-03 -6.86499029124812E-03
-3.86447343144799E-03 -4.24020591596457E-04
2.6865639804588E-03 2.49671002878101E-03
4.19635782111667E-03 4.78345047299199E-03
4.78439633819694E-04 -9.97948652249291E-03
4.9311641037914E-03 -9.59658197413675E-03
9.35143486491609E-05 -3.28693603679097E-03
1.05024722783423E-02 7.36392582724221E-03
-9.89586184152451E-03 4.52579327975621E-03
7.76523298585812E-04 -7.62646158692687E-03
-6.33332770074346E-03 3.78389137169286E-03
-1.07306886216224E-03 6.24616764535869E-03
-2.05348551185441E-03 -6.54988335896722E-03
8.33682476396116E-03 -2.73696004484598E-03
-5.28419120670393E-03 6.71913998350578E-04
-4.45121010441485E-03 5.1357195246737E-03
9.05865629632493E-04 1.65589118242746E-03
-1.39131297011467E-03 -5.08027703140284E-03
1.76004226954305E-03 -4.3969751853512E-03
-8.50674778777477E-03 -2.79037788441195E-03
-1.99254392223284E-03 2.79760359527289E-03
-1.31029953675919E-03 -3.28310248078619E-03
8.05878178628789E-03 3.52724523527876E-03
-5.24109055580373E-03 -3.91196340861711E-04
1.42695550329211E-03 -1.27221987316044E-02
2.37749020224904E-03 4.15177424868166E-03
-4.7076482138718E-03 -9.35601236524567E-03
5.9134989229853E-03 6.35448677118179E-03
-4.32831787169276E-03 6.29840646892721E-03
-1.64072252552794E-03 -1.18258965022688E-03
1.57316826176969E-03 1.90726481699886E-03
-3.35030699008098E-03 -4.3486115431504E-03
-7.92269152591706E-04 -4.60105271717311E-03
-2.55410120439527E-03 -1.26237936513829E-02
-4.1754767907529E-04 2.96984021180115E-03
-2.60595239606922E-03 1.23520511236345E-02
-9.44034807188798E-04 -6.92129993396244E-03
1.39438305978627E-02 -0.001661789788571
-5.94933676651526E-03 -3.31064310830687E-03
6.17770325166426E-05 -3.66185080537082E-03
-8.52932049426175E-03 1.26126026722898E-02
-4.53909575836566E-03 -3.07936929418326E-03
1.20694343020462E-02 2.96618959419198E-04
-2.55073997986486E-03 5.81542782591143E-03
-4.16311690228477E-03 -5.89227689268672E-03
1.96461298549327E-03 -7.4025640965289E-04
-6.44336375486136E-03 -4.60940881975192E-03
4.05844543759559E-03 -1.78828329130925E-03
4.90028185622136E-03 9.41172285917492E-03
-6.16533111469696E-03 5.43789692476563E-03
3.19295687949533E-03 -4.17757009595558E-03
2.95253760274013E-03 -3.85779253233566E-03
-1.88766881930882E-03 2.73171719306947E-03
6.5567525222355E-04 -3.24810916855402E-03
-6.93802755979897E-04 4.69469512098678E-03
-4.25194955875305E-03 7.63022953438743E-03
3.15483944458932E-03 -0.011853926668742
8.17821810730801E-03 -3.18910012631469E-03
-4.51802577963996E-03 2.74224892861972E-03
-6.90363281698527E-03 -7.97426711188061E-04
1.81409184923087E-03 7.29085630503797E-04
-1.61072005432516E-03 -5.93585797601908E-03
7.88812710160477E-03 3.6586746291458E-03
-1.28853724062139E-03 3.17296106767888E-03
-5.01395258340822E-03 -3.30945105600126E-03
1.72585354490951E-04 -6.09946466066623E-03
3.19760145168657E-03 -3.63244578293429E-04
3.4433721836922E-03 5.49861818548754E-03
-2.05793875940989E-03 3.44973259157342E-04
-3.42395461935107E-03 -2.33728202622372E-03
4.95874643987772E-03 -1.97214887912266E-03
2.08247162105018E-04 -2.82329919512339E-03
-1.23030376680064E-03 7.09305838688813E-03
7.07099825883806E-06 -1.52045344849523E-03
-1.64132149239784E-03 2.23622748515381E-03
2.33294959648382E-03 -0.002594715709161
-1.44282590078018E-03 -9.13178226738616E-04
2.08237874785516E-03 -3.79893672888378E-04
2.07787222913131E-03 2.91269567264217E-03
-5.17719201062267E-03 1.47584419361563E-03
2.0065748296805E-03 -4.91440347902324E-03
-8.08058783371207E-05 2.47977321556606E-03
3.09130147087371E-03 2.33171019806042E-03
1.85245047791857E-03 -5.09755410392986E-05
-7.24992650975835E-03 1.26470953540314E-04
7.64385266529998E-03 -5.79861910726481E-03
-2.59179198774504E-03 4.32339927875516E-03
-9.73965998202772E-04 -2.47032178539035E-04
6.34361920488628E-04 2.62552490106841E-04
-1.82435831868401E-03 -1.80564073249294E-03
6.70224332504483E-03 -1.7255852634993E-03
-7.60530240258456E-03 4.92665462759084E-03
3.47042891944123E-04 -5.96942381414849E-03
1.81629520802634E-03 6.87205345576497E-04
-6.5042773980446E-03 -5.26980908211511E-04
7.52866351963093E-03 -4.70619957212419E-03
-3.88911910201074E-03 5.59430815702417E-03
-7.2000311473876E-04 -1.27307843004382E-03
4.03826310242192E-04 2.32130026181801E-03
-3.99018937143088E-03 1.30998706850067E-03
4.28087124744425E-03 -3.97816431626623E-03
-6.72169739115131E-04 2.8195432869324E-03
7.9445152899352E-04 -2.78384028298839E-03
-1.2377335744895E-04 3.37848893954487E-03
-5.15266880533163E-03 -1.06635460442575E-03
6.35518966976099E-03 -1.21664840957635E-03
-2.92068396372402E-03 3.14778157107728E-03
8.86883658745318E-04 -3.34657955510107E-03
1.03914279080692E-03 1.97828338561475E-04
-2.37242147907968E-03 -3.45966146967654E-04
1.35751050654025E-03 -1.11794202861183E-03
-4.07334958984189E-03 1.46682710819026E-03
4.37041674645707E-04 -2.4921759153157E-03
2.95252838453735E-03 9.26536977259248E-04
-3.45293323078556E-03 1.29408704811487E-03
-4.19565137773072E-05 -2.32555408874586E-03
-1.62406147163693E-03 2.62594908487614E-03
2.72414724246169E-03 -6.44331556791128E-04
1.00810869423775E-03 1.59261398848998E-03
-2.35567040923155E-03 -2.35660312172191E-03
1.9867455046944E-03 -3.49549639065064E-04
-3.23469317180068E-03 3.39074913042553E-04
3.79594334562708E-04 -8.41546797467379E-04
1.22631032541219E-03 2.35640074471157E-03
-8.52036733575145E-04 -1.70867982378794E-03
1.98013522241786E-03 2.19424462925727E-03
-2.92637169325214E-03 1.88728437000802E-04
1.54488351640897E-03 -1.70928174129855E-03
4.82022206893708E-04 1.26709126217831E-03
-1.03768482536225E-03 7.39154995300345E-04
8.71391012656331E-04 2.04235683534809E-03
-4.17264304143545E-03 -2.06342670550437E-03
3.77737608377608E-03 3.96803739650428E-04
-1.97182639968823E-04 2.80561509095181E-03
-2.41829684737645E-03 -5.07048851586557E-04
3.10578934218038E-03 5.91352750595389E-04
3.80235544254414E-04 4.6562325061409E-04
3.02123528313311E-03 2.05442073614389E-03
-3.64088155249086E-04 3.22947550507972E-04
-1.46182630521644E-04 -2.29272471727321E-03
3.75429613125767E-03 -2.8912324794998E-05
-1.77855463414659E-03 -2.0186615812649E-04
-5.66583803971148E-04 -8.01479100064983E-04
-2.72093232930207E-03 1.66448987835358E-03
2.21912160725423E-04 -2.29357383321224E-03
2.46150325568986E-03 1.48523533255641E-03
-8.54544356949399E-04 4.91767220146137E-07
-5.96231909525353E-04 -8.65199935585052E-05
-1.80038932804816E-03 3.70074494492542E-04
-1.69793480566563E-03 -2.36312011826787E-03
5.9426814546283E-04 4.10846630166002E-04
2.73591865891512E-05 8.78671896847703E-04
-2.11237833752084E-04 -3.53358934302046E-04
-1.1350721487177E-03 9.206483827394E-04
-1.09223063360384E-03 -2.67876077033539E-03
1.36172736497246E-03 2.05975104359535E-04
-1.28860995734468E-04 2.97230092401087E-03
-2.21248546329717E-03 -6.55163808212909E-04
1.21256839961713E-03 -1.17546131065693E-03
-9.57322353476112E-04 7.39212072323716E-04
2.06380570044009E-03 8.95068033016979E-04
-1.23892113510988E-03 1.85931799359326E-03
-1.28283294136819E-03 -3.76783481425036E-03
2.00764111873081E-03 -1.59048233240516E-03
-1.3210837256677E-03 9.49470835036768E-04
-8.01600416216713E-05 2.54681610538265E-04
-6.45757171304535E-04 2.58112195184482E-04
-2.82168842561754E-04 -2.81173383500055E-03
2.6335445659111E-03 5.87035054504705E-04
-3.53780990877379E-03 -7.94109310744638E-05
2.64180706600714E-03 -4.53911140443076E-04
-6.6039612072836E-04 2.1945452608357E-03
-2.08165274341701E-03 -6.60975608249774E-04
3.65325637352698E-03 3.19052896158976E-04
-2.55175315661865E-04 1.16662032830846E-05
-1.16620023902251E-03 -3.57200738974438E-04
-2.28837315134336E-03 4.31932817144847E-04
-1.19751043025414E-03 -2.0731976861629E-03
2.05546402438495E-03 2.3551649157689E-04
