3.55124111759677E-05 -4.97617078062655E-05
-8.48187092303329E-06 2.24571957259308E-05
2.22034365735078E-06 1.63966384653383E-05
1.10995568137476E-06 -1.79593742515189E-06
-4.99066473361056E-06 7.51914002482803E-07
-5.55479280975856E-06 -3.1685081708989E-06
4.09847915866626E-06 -1.73303914774448E-06
-6.27045511399174E-06 -8.14422448394264E-06
9.91743936266136E-06 -2.28431060529516E-06
-2.06393029485896E-06 4.0778022857436E-05
5.0011752340393E-05 1.19856735706362E-05
-1.7133160825847E-05 -6.70255269330075E-05
-3.25969854792296E-05 2.10802240079953E-05
3.82377760354013E-05 1.91189701701183E-05
1.85707759316515E-05 -1.04005920245588E-04
1.66102306737701E-04 -2.1120457318829E-04
-2.03690795515467E-04 -4.84815827122617E-04
1.05863906137108E-03 3.65269846484169E-05
1.06325206034454E-03 2.94433385067476E-03
-1.24866721121171E-03 -1.11265628554496E-03
-4.63982635938497E-05 4.67480182793517E-03
4.11429465792963E-03 1.05621147599167E-02
-1.07036421312962E-03 -0.013387371427883
-3.31209361165195E-04 -1.8162567924233E-03
4.03783519527597E-03 1.08435503223648E-02
2.84426476363929E-03 -6.94269460876824E-04
4.19656033083618E-03 -0.010065534494414
-8.09768034863133E-04 -7.9795347522644E-03
8.45103622633253E-03 2.12886575052313E-03
7.26899348682109E-03 7.75238783689434E-03
-0.004789867334188 -2.73750511364673E-03
-2.63828364273958E-03 -5.71075832594818E-03
-2.82205488037149E-03 6.39555178455199E-03
1.72794761081647E-04 3.24943677155383E-03
-1.07773768631664E-03 -1.32069609384865E-02
1.21784053771649E-03 4.97449654177526E-03
-6.95124360090603E-03 -1.28952662885915E-03
-6.34188363319024E-04 3.42549603173458E-03
1.76826512767514E-03 -3.42171627733002E-03
-8.73750124557201E-04 1.92867384812743E-04
3.03194718817442E-03 -2.77612077283915E-03
-9.13266333381786E-03 -2.99471627413875E-03
-2.35596480013804E-03 -2.37414465310566E-03
-4.92018676291567E-04 2.13053463044237E-03
6.68749376107912E-03 1.57513887820664E-03
-2.12787697617858E-03 -6.64084461121167E-04
2.15649138421247E-03 -7.28061869727906E-03
1.78091328767397E-03 5.33711338315328E-03
-3.23258131085697E-03 -8.27554849866106E-03
9.53945021344228E-03 8.11426359231713E-03
-1.44055204977916E-03 4.93797288715733E-03
9.93202756376337E-04 7.04508570843556E-05
3.77750193635885E-03 4.58641747337646E-03
-4.5443462860719E-03 -6.60247664598455E-03
4.19292443322751E-03 -5.11123766617912E-03
-1.76442277770187E-03 -8.34469559748873E-03
9.66965113364005E-05 3.14181707227488E-03
-4.81463809098681E-04 1.18048005511785E-02
1.5384853304991E-03 -5.8734575111195E-03
1.45843565016047E-02 -3.7274889043797E-03
-5.34911982359931E-03 1.01377536963766E-03
-3.09124204876096E-03 -3.71934277005237E-03
-7.09825827034496E-03 8.03986970658338E-03
-4.72536396815884E-03 -3.44468933647378E-03
1.67199587690519E-02 1.69838427601491E-03
-2.72307783154253E-03 9.79792845646593E-03
-8.42112695203484E-03 -4.40360862256305E-03
3.37078434410589E-03 -4.84108864540155E-03
-4.48444046275184E-03 -5.72296899183967E-03
4.84180091067495E-03 1.255692053688E-04
1.10779978842288E-03 1.17857509994282E-02
-8.33215810507962E-03 5.73333078466662E-04
4.93960618590088E-03 -4.46260408028452E-03
0.001627094919738 -2.43672144111492E-03
-7.18144683952401E-04 3.88444435286406E-03
-5.10356122033542E-03 -1.20389717211725E-03
1.72065458724637E-03 9.58952899930215E-04
-6.42985347036963E-04 1.04053219904836E-02
8.30246348214745E-05 -1.05161141533875E-02
1.26486651197936E-02 -1.31359385846015E-04
-7.59060025121942E-03 3.40252414031388E-03
-5.63259350590291E-03 -2.32863767613183E-03
6.32013357618698E-03 2.86161115465055E-03
-5.91408155518831E-03 -8.57868367517949E-04
9.94607187793565E-03 -3.7578740547014E-04
-4.76898795593275E-03 3.12996216243552E-03
-6.08600495633441E-03 -0.004865074345615
1.11840702806218E-03 -2.47133331838009E-03
-7.40987982732492E-04 1.14663536674524E-03
4.19165935608291E-03 5.74723417565832E-03
-4.46370760298823E-03 4.65795510601977E-04
-5.50424477940719E-03 -2.40990369217918E-03
5.74056064665604E-03 -2.05306449363888E-03
5.09172714448422E-04 -7.37573792667265E-05
-3.24896849629162E-03 7.87320597324899E-03
-6.49935116616589E-03 -3.51341075390726E-03
2.5406734426375E-03 7.41599893040218E-04
7.57644262209473E-04 -1.46964008756055E-03
-2.0546697390431E-03 5.51790265419119E-04
4.37088306499204E-03 1.80356694818599E-03
-2.67002840832067E-03 6.56638019966122E-04
-1.6024649893048E-03 -2.01729917985877E-03
2.82445731033333E-03 -8.24242204587633E-04
-3.43223304044667E-03 2.73531095919083E-03
2.15522325288104E-03 -2.71379009763125E-04
-1.2894395495212E-03 -1.70458800751741E-03
-1.26103801181838E-03 -4.07822293991374E-04
4.56842002517143E-03 -4.1108547952581E-03
-5.81116369631363E-04 7.68802817258622E-03
-1.03941705909686E-03 -1.21865644651613E-03
-1.23321353931445E-03 -2.85409826475242E-03
3.42605637451395E-03 -1.7079764198983E-04
2.41589541831516E-03 -2.74061166681262E-04
-5.51993222384037E-03 3.65666289599874E-03
5.31464237903589E-04 -4.77028501462106E-03
2.93017929537059E-03 -5.61218664711512E-04
-6.21154588279046E-03 3.43937450741819E-05
3.9503074855914E-03 -3.06325867556176E-03
-1.72486400647541E-03 5.34648707728448E-03
2.05658008846694E-03 -3.32321415772284E-03
1.2918198511788E-03 3.21523730611952E-03
-3.77259485636965E-03 3.23051358125367E-04
3.82454745082519E-03 -3.98134101933742E-03
1.25890798165059E-03 2.97574178247721E-03
2.33656673875569E-04 -2.86307954699148E-03
4.43110114911442E-04 6.97325891112719E-04
-4.12267079116543E-03 -3.55517952063848E-04
1.74879362229806E-03 1.40926974263385E-04
-9.16309812364821E-04 1.9140974091373E-03
-9.83902443783557E-04 -2.26577403886022E-03
4.10993709577581E-04 -1.20678115528359E-03
-2.37117800255747E-03 1.07476698824424E-03
4.47350913623829E-04 -2.24827235382277E-04
-3.80529299920718E-03 4.53169734798303E-03
1.67692816036769E-03 -4.6871980831009E-03
3.13280784951323E-03 3.10412881692638E-03
-6.3821387037254E-03 9.32239798678523E-05
2.20287374084087E-03 -3.80949749821965E-03
-1.14758376898938E-03 4.93684532226862E-03
-6.28024142048756E-04 -1.42723325732932E-03
2.14717387267856E-03 1.70089203030994E-03
-2.26400975473993E-03 -4.66929368400222E-04
3.17554220599081E-03 -2.09962583487615E-03
-7.33547204316288E-04 3.6571017078039E-03
-3.82176141650456E-04 -3.47554603589133E-04
2.45036965462039E-04 6.49798494313765E-04
-6.24934016651341E-04 -1.83011813954058E-03
4.80480479112293E-03 -1.77254000607222E-03
-1.75969662125036E-03 4.34349083557556E-03
-9.17183195671795E-04 -4.10771972456846E-03
1.69242647953961E-03 7.9553260550277E-04
-6.97056830540784E-04 -1.0317965078211E-03
3.39434361064686E-03 2.71084583938446E-03
-3.99883909436854E-03 9.88696313217906E-04
8.91491163562883E-04 -3.43456396213037E-03
2.25878306987793E-03 4.96020294277912E-03
-4.20782952826876E-03 -3.56854199044774E-03
4.32848279372237E-03 -5.50004374145184E-04
-1.05545473455378E-03 1.86145965746342E-03
8.01734395646465E-04 -1.68491619389612E-03
1.17621369269811E-03 -4.96859191241573E-04
-1.42363791103717E-03 -2.03362197425802E-03
1.56601198481043E-03 1.73774855636968E-03
-4.95947301429148E-03 -3.36460449092622E-04
1.15749755241577E-03 -2.42951340272261E-03
-1.62182982442533E-03 3.78390380725011E-03
-1.21574252652781E-03 -1.63511984591857E-03
3.25066659858225E-03 2.03644871653761E-03
-3.41739812744931E-03 2.43386148957257E-03
2.53148038401459E-03 -3.80607171972506E-03
-2.73279340525176E-04 4.39430348480925E-03
-1.58673417890305E-03 -2.3723203500251E-03
1.02838876663993E-03 2.51834698358364E-03
-3.0777643395709E-03 -6.94958688114511E-04
3.15077480818004E-03 -2.83126764538075E-03
1.05904496528304E-03 3.07634258118564E-03
-1.36451781006081E-03 -1.30527390029123E-03
-4.50570212567003E-04 4.82601996014688E-04
-6.7181111848911E-04 8.39676882490545E-04
1.07953525867814E-03 -6.39851854526965E-04
1.97618635019159E-03 1.07550678380787E-03
-6.15375245878192E-04 -3.85755662696162E-04
-2.13084581372712E-04 6.46936242224169E-04
-1.21141192363092E-03 -2.61862175164852E-04
9.81517841569403E-04 -1.86649416654414E-03
6.66683893393402E-04 8.97003149086058E-04
-1.73540090007352E-03 1.32902992571621E-04
-2.92585190106229E-03 3.05125885769889E-04
-7.82605503116327E-04 -2.10249477774659E-03
3.25822047917412E-03 -9.63355940928822E-04
-3.64288856584351E-04 2.37091442640518E-03
-3.75201060539882E-03 -1.18630013132598E-03
1.65640258231847E-04 -2.65346066365064E-03
7.65615392162062E-04 6.71237570331577E-04
-9.07534410677337E-04 1.47690001836918E-03
1.21657832343847E-03 1.90422006709927E-04
-1.9158419963569E-03 1.23358088349078E-03
-3.03055759778231E-04 -1.78797093956654E-03
5.4071601086056E-04 -1.32193971067137E-03
-1.71479742361473E-03 1.84007726075432E-03
-1.11574306645599E-03 -3.74252570253083E-04
