3.06928018582459E-05 -5.0078669370782E-05
-3.12756033274604E-06 2.41328032930746E-05
1.50451771264065E-06 1.69670233953037E-05
9.23427977530264E-07 2.98399291087492E-07
-8.85892739980855E-06 -4.40439847792987E-06
-1.05140354537992E-05 -3.39424853300382E-06
4.00421076630879E-06 -3.6113552306821E-06
-3.67833772110173E-06 -6.03029949043241E-06
1.60168289589275E-05 7.18846651481093E-07
-5.85132300202788E-06 3.33852242038495E-05
4.64986724893957E-05 9.18893982970288E-06
-1.98359797102482E-05 -5.86146354511862E-05
-5.89774194305329E-05 3.76891960255991E-05
7.68044767704642E-05 6.01184041550641E-05
6.8713530802228E-05 2.41541863787339E-05
2.7317870525043E-04 -2.28629789645449E-04
-3.86216300399633E-04 -7.72465860453645E-04
1.07531833166098E-03 2.56194874320639E-04
-1.23725650113947E-03 5.65982783159147E-04
2.80423010615002E-03 -1.59637461392021E-03
-4.22593026097045E-03 6.17058009168666E-03
1.56252082911801E-03 -1.88839091686502E-03
4.51718015624468E-03 -9.58511469418324E-03
7.18421890774945E-03 -4.72151521130827E-03
-1.94950063464815E-03 2.21861392841241E-02
-5.34217164466695E-04 -7.31885938789291E-03
1.39748451444436E-03 -2.70208594631619E-03
2.22134985939508E-03 2.76521746171663E-03
-6.15197332042028E-03 5.93300409437482E-04
2.20724110517215E-03 -4.80908168161633E-03
-5.92919140594459E-03 9.09850210516678E-03
-1.09335650104333E-03 -1.80665609927421E-02
1.05688074160357E-02 2.61567911543187E-03
1.33495577719622E-03 0.011050894039364
3.59851113061763E-03 -6.62784749621884E-03
-4.79280580051645E-03 4.2296153186791E-03
-5.23453019685068E-03 -3.66496451342393E-03
2.71991320161177E-03 4.82322584879375E-03
4.84937649792258E-03 1.92798492778854E-03
-4.8204388668426E-04 3.82622838242526E-05
2.13859968039804E-03 -3.13919199754464E-03
-2.41143960166121E-03 -1.12565056835485E-02
1.8020752540865E-03 5.1196768968587E-04
4.66682115465541E-03 4.09582252619801E-03
8.15446143831781E-04 7.20233790128041E-03
-5.20373256294442E-03 -2.84173771573857E-03
-1.84762041125598E-03 -1.90172095310111E-03
-2.2301409088441E-03 -5.1943283475711E-03
-4.67685885513459E-04 -9.14849075947949E-04
-1.34758838033758E-03 2.28338654136425E-03
-7.34941855833095E-04 -2.44573803504113E-03
3.29807270712134E-03 -2.40325817231851E-03
5.28209079169507E-03 4.02326970970291E-03
7.83780484346842E-03 8.86375071614193E-03
-1.29019429377557E-03 -3.48825881698845E-03
-1.68248248256028E-03 -3.43603440693109E-03
-5.93771511589988E-04 2.44873528127168E-03
-9.04284785063494E-05 1.44177840223304E-02
8.91050923091589E-04 1.45998073971754E-03
-1.66035734261976E-03 -1.68645633834145E-03
-3.21395866814355E-03 -6.19181571100969E-03
6.76981673875816E-04 -3.73096739645735E-03
-1.07864908563884E-02 0.013336148487949
-6.46147885294672E-03 -5.35086552649866E-03
9.12710077144899E-03 -1.55704058388715E-03
1.28493726699018E-04 2.75737070598126E-03
-1.2740290479839E-04 -3.84446621249005E-03
-5.52867811574039E-04 4.5396861982283E-03
-1.09374193010488E-02 -2.75232309176959E-03
-1.41503926835434E-04 -4.52589478780738E-03
5.6576876433463E-03 1.11422068187241E-02
1.5664147667121E-04 1.48263710511282E-03
4.8712698258249E-04 5.54017733931924E-05
-6.30927481526003E-04 -4.00046945349993E-03
1.92626415190808E-03 -5.92905611534748E-03
4.31346525685309E-03 5.16242781841894E-03
-5.91219789489348E-03 5.44522482434042E-03
2.03459295780884E-04 -4.92950825400447E-05
4.3883528634631E-03 -5.5425396859943E-03
2.99008244750884E-03 2.85682365906244E-03
-5.78765608674576E-03 3.7426352579481E-03
-5.55666677403166E-03 -3.32814906168231E-03
2.74501707030748E-03 -2.15916985947414E-03
1.28988590432615E-03 2.40336967905311E-03
8.62205135691936E-04 4.21265012125007E-03
-2.60150935651094E-03 6.52162741934072E-04
-6.89786318491218E-03 -3.26941177216123E-03
5.01654306330264E-03 3.52141870597559E-04
1.16643847465585E-03 2.02984695088762E-03
1.12954766943761E-03 4.39058061567207E-03
-2.95072809316772E-03 -6.98108837840849E-05
4.64615815127017E-04 -7.34069094360818E-05
5.75419297856396E-03 1.85732673737478E-03
-2.82232886792264E-03 5.96589987306724E-03
-5.88346217264687E-03 2.76079263559863E-04
3.15834180728499E-03 -2.54622625046147E-03
4.65920490579813E-03 -9.42701657203736E-04
4.09414208430481E-03 4.2470335180801E-04
-5.71451557438522E-04 5.53017063373511E-03
-4.80694599418122E-03 -2.11128455535541E-03
1.38525986752257E-03 -4.82497209257283E-03
8.89286388401846E-04 4.59978701281599E-04
9.10604217928031E-05 -1.72424387705327E-03
-7.55928798187142E-04 3.73617878232646E-05
-5.4761293030828E-03 -4.77148707782142E-03
3.47184851698364E-03 2.2208389611699E-03
2.5741806903242E-03 3.49804965053306E-03
-7.79590389913438E-04 1.55268740865358E-03
-3.11838907928432E-03 3.17853760579265E-03
1.95852442733087E-03 -5.53157527884667E-03
4.45285683039098E-03 2.34016506801187E-03
-2.27159382632579E-03 -6.64987494057323E-04
2.66060415925629E-03 3.46275472461235E-04
-1.42425903483047E-03 4.5136662154593E-04
8.17758447113746E-04 -3.66289009486584E-03
2.88664850435548E-03 3.14991583578564E-03
-1.67045451725202E-03 -3.98806121628016E-04
-1.47279312812333E-04 -4.7802259453991E-03
5.00928025908924E-04 -2.68877613540872E-03
-1.39391271333577E-03 -4.33602707655421E-04
-2.14287587626688E-03 1.51930033482822E-03
-3.93641461365442E-03 -2.82033231553761E-03
-3.74628714627377E-04 0.001183072690535
2.13454177173958E-03 -1.50442301566628E-03
3.30987476779884E-03 3.58236558363076E-03
-3.65609267340629E-03 2.51960695353241E-03
-9.68207436720131E-04 -4.52339822715887E-03
3.69407213935528E-03 1.74797521850484E-03
-1.06485550227136E-03 7.42476669015064E-05
1.75602505123073E-03 -5.04325111912795E-04
1.30539126796218E-03 1.9711154307732E-03
-2.35293985376407E-03 -1.76727609579824E-03
7.56783878803102E-04 2.71698746106045E-03
-4.27813409620775E-04 2.91441077803855E-03
3.18478449964293E-04 -2.72859796644611E-03
3.19427820876541E-03 -9.20956850274362E-04
1.29790328158206E-03 -2.26715819795463E-03
1.72870667982303E-03 -3.80178675376923E-04
5.52010803894748E-05 2.06760511475493E-03
2.80362851578713E-04 -8.21309789884461E-04
8.30684656496542E-04 7.86084367472656E-04
1.45024349907769E-03 -9.65040552379154E-04
-6.68750407576274E-04 -1.55982917249672E-03
-1.7940398565099E-03 8.08337860556214E-04
1.3797460704582E-04 -1.52303869239825E-03
1.09221292954645E-03 5.18292025932391E-04
-2.07208171070294E-03 1.2443732634857E-03
-2.17387513278348E-03 -8.25040525068863E-04
1.60427053450977E-03 -2.12634587008126E-03
1.65676220580893E-03 1.39355761639677E-03
-2.37387167374369E-03 4.82409480564147E-04
-1.13970765290055E-03 -1.3041686286235E-03
-1.33952132690427E-03 5.71497897872632E-04
-1.41492882951592E-03 -8.5229421970859E-04
1.27816668360506E-03 -8.7621157982572E-04
-1.6608885009351E-03 1.14411959815367E-03
-5.28123818636778E-04 -3.09017113421802E-03
1.73638550921378E-05 -1.4651304769144E-03
-7.34179198366382E-04 -3.10457791426647E-04
-7.1425284138499E-04 -1.15900410118877E-03
6.65932203366785E-04 1.76569250332757E-04
1.00761208333009E-03 -1.57341293496813E-03
1.98680995714602E-03 -1.88228421505734E-04
-2.84469579808755E-03 5.06808821890315E-04
-6.39527314422849E-04 -4.8790647712399E-03
2.19966861703308E-03 8.6470979114156E-04
-2.08423845659093E-03 2.33062336388766E-03
6.66876323131041E-04 -1.72484073029733E-03
7.00600180132587E-04 -4.22166215241294E-05
-7.61803379791889E-04 2.35004168870783E-03
-2.3160867715877E-03 -4.75985395225247E-04
1.38858759696658E-03 8.39337018126875E-04
-1.72853732216551E-03 1.73279965343859E-03
-2.38925264837814E-03 -1.82079711768793E-03
2.26541738519142E-03 2.25775470187935E-04
2.5135836756161E-04 6.45524655298447E-04
2.43939373129215E-04 1.53036509551775E-04
-5.72381641971493E-04 2.58628119591622E-03
-1.41297772678425E-03 2.08529703492494E-03
3.03997837223644E-03 -1.23170337011468E-03
-1.68238441802746E-03 2.41217696609548E-03
-1.23581272112245E-03 4.64508014895011E-04
-5.31459671767313E-04 -3.08335186715462E-03
2.49654630743575E-03 -6.87279580057664E-04
3.22038885254152E-04 -3.58822218972068E-04
3.02780323635877E-04 1.39452128278522E-03
-3.60468828374674E-03 -4.63691557610291E-04
1.44554650012422E-04 -1.7380848496531E-03
7.00118687939366E-04 -2.06965615015247E-04
1.34549000432843E-03 2.57771010164109E-03
-5.99355937546887E-04 6.13066603289118E-04
-1.72290022566035E-03 -2.59805072974787E-03
3.45550072602494E-03 -1.21197556575582E-03
1.42239555292542E-04 2.66609157460311E-03
-1.12315406208478E-03 1.38778261949147E-03
-6.43816903464027E-04 -3.60501191306028E-03
3.16687420784781E-03 -5.83983721308648E-04
-3.54772201429415E-04 -3.15973726614426E-04
-7.96621415802366E-04 -2.43574480215451E-03
9.39991074269757E-04 -4.54730562740952E-04
-1.41500043993268E-03 -3.16372540510388E-04
