3.33461962564595E-05 -5.03187156786261E-05
-4.64723131580299E-06 2.29616401716086E-05
-1.93791702647458E-07 1.85153629055817E-05
1.3020618514995E-07 -1.63870257038464E-06
-8.88714957307091E-06 3.81319376961106E-06
-7.70869884752016E-06 -7.24280192572604E-06
8.16746370433525E-06 -6.93308524232469E-07
-7.52037438288075E-06 -1.26123952539784E-05
6.63732737217437E-06 -6.59591210407391E-07
-1.11239260921845E-06 3.92808597956564E-05
5.82912927982694E-05 1.99473653569884E-05
-2.22398154542113E-05 -6.47967090157807E-05
-1.48282816106486E-05 4.19092677429445E-05
3.51948359869216E-05 1.11614758449852E-05
5.44411521575497E-05 -1.37949208767147E-04
2.69778263782541E-04 -4.51351324076859E-05
-2.05710917662504E-04 -6.44206956531144E-04
1.00793928093793E-03 3.89612587315034E-04
1.28279465086111E-03 2.00966931228372E-03
-2.6305966167943E-03 -1.14848231832943E-03
-1.91410654710903E-03 3.84642191093395E-03
5.26186070770738E-03 6.69266945348238E-03
-1.45720729683439E-03 -1.74212478950251E-02
5.92461600692714E-03 2.53166369393987E-03
4.11938173194658E-03 1.46351832714673E-02
3.69004482532165E-03 -5.85843062995091E-03
2.95606456774718E-04 -5.0450836037509E-03
4.07458837572147E-03 -3.63849765357992E-03
7.65705188185134E-03 1.5315507185713E-03
1.38287679536043E-03 6.88182772361008E-04
3.94775194690658E-03 6.63863848327136E-03
-2.63796660471697E-03 -3.13600012565006E-03
-2.98844748793392E-03 4.00528703467495E-03
1.31876187401014E-03 -4.07827242410651E-03
2.65922852484693E-03 -3.71565799040821E-03
-2.95442083305511E-03 3.14512167435745E-05
-4.07954117760747E-03 -3.21070025901938E-03
-1.27925229742608E-04 3.47407487526483E-03
3.93533634533768E-03 4.92722351784177E-04
-1.8264211089517E-03 3.71416467664486E-03
5.13528064303141E-03 -0.003081974822503
-9.39156131875246E-03 -3.55524838452893E-04
-2.36508989445932E-03 -3.08073945049595E-03
-5.19559354586922E-04 2.73733308330564E-03
4.78748705639045E-03 2.37179295511421E-04
-9.52478551371573E-04 9.10279226711412E-04
1.19310582717679E-03 -1.98676329672125E-03
-2.51231924763726E-03 2.84672881798554E-03
-9.77204362928973E-04 -5.51876711221929E-03
5.55421851655133E-03 9.34881164346602E-03
1.5263487499056E-03 9.20240434669043E-03
-1.84634746563402E-05 2.38778489098903E-03
1.76305435510087E-03 3.57152095030342E-03
-1.33671622233879E-03 -5.24435083110924E-03
2.28172103869082E-03 4.48982578117609E-04
-3.74351313385493E-03 -2.71008375542766E-03
-1.23945706076726E-03 2.68494130198851E-03
3.4729906364765E-03 1.03667147471638E-02
8.56549516241714E-04 -6.05508546018402E-04
1.05198231212689E-02 -5.15111963029867E-03
-2.06927987112095E-03 2.73267760720786E-03
-7.23656822615093E-03 -2.87591260642646E-03
-4.47213427414739E-03 4.39976493661189E-03
-3.67458654091085E-03 -2.1467972828089E-03
0.012026950116518 6.52593795611471E-03
-1.28599086135276E-03 1.00304810845591E-02
-8.98834174419868E-03 -6.03920874847113E-03
2.82383782985987E-03 -5.02278550294062E-03
-4.04539074576657E-03 -2.10481239670722E-03
5.11310631658749E-03 1.2716079103705E-03
-3.44535170136879E-03 8.98877098886973E-03
-1.63616823710868E-03 -6.07095903315556E-03
9.44107358621643E-03 -1.15503744480182E-03
-2.06395906687113E-03 -7.60156694273672E-04
-7.72618221431328E-04 1.33177477992808E-03
-7.3522860419043E-03 -1.32423888633847E-03
-1.63384013253228E-03 -4.85463440435221E-03
4.79824277189169E-03 1.04919563864772E-02
-6.0723268564068E-03 -7.61436081429523E-03
1.05524477672905E-02 -2.21747757213114E-03
-9.44900283724678E-03 2.4392386544462E-03
-4.55140945972797E-03 -2.88669989823651E-03
9.10545322046774E-03 3.57778421305002E-03
-9.56252747738073E-03 3.64960658387328E-03
8.71364484367523E-03 -1.52538932771891E-03
-3.61584619266151E-03 3.40896450757331E-03
-3.39721473657584E-03 -7.99606388705754E-03
5.38306258876281E-03 -8.79434463894123E-04
-3.38202806536284E-03 9.48011766346411E-04
4.5466245485537E-03 2.76266262430819E-03
-2.52670702346784E-03 -8.09672309442766E-04
-1.35401340164443E-03 -4.74423982296049E-04
5.18885096452347E-03 -7.90410742471827E-04
-3.41366786627634E-03 2.9348752336244E-03
1.47410831946054E-03 -3.57484055437027E-05
-5.30009551086327E-03 -2.41207270672765E-03
5.66587796648175E-03 1.39091851018141E-03
8.11494557680361E-04 -4.73480439025747E-04
-4.47398644153572E-03 -1.57586098018858E-03
4.2072026479416E-03 -2.44207879475261E-03
-2.62452789976351E-03 1.73279232201297E-03
3.61519234136004E-03 -1.48091048101023E-03
2.03585588057847E-03 2.81355055654951E-03
-5.16427874177192E-03 4.37705523275932E-03
3.2617466590276E-03 -2.0380349421812E-03
-2.29741427784768E-03 -8.27887578020859E-04
1.74337218247915E-03 1.6799994782055E-03
0.001535158364657 -5.97303037616841E-03
-2.2885361616537E-03 5.94912383139775E-03
-1.51746214354319E-03 -1.68839060875723E-03
-3.37267365989143E-04 -2.03720775068771E-03
3.54372225061724E-03 -7.74277646513448E-05
3.77978163358585E-04 3.06773337809074E-03
-2.77675960386819E-03 1.1725176007168E-03
9.37038874481338E-04 -4.19086064644117E-03
8.26362617306054E-04 2.56772565024285E-03
-2.19746247384951E-03 5.15729681832751E-04
-7.00054611788803E-04 -1.71589449231449E-03
-1.03684357063266E-03 -1.15732261957659E-03
5.71290015600308E-03 -1.65654449463619E-03
-2.22419150243502E-03 8.28705829209654E-03
-3.14829584885115E-03 -2.50806178390351E-03
2.5067512807501E-03 -1.71769162519418E-04
7.1881003728286E-04 4.49907814346116E-04
1.76124882384723E-03 -4.90946387993383E-03
-8.45416893127585E-05 4.60293864849416E-03
-3.97788861207382E-03 -8.76296386629111E-04
1.62265344794529E-03 -1.9843369987878E-03
6.22624558772857E-04 3.30084261750716E-03
-8.81437815060117E-04 -6.52664138285996E-04
-1.4850181617021E-03 9.73674345711034E-04
-6.75530319996513E-04 1.10938535778551E-03
1.38853901941071E-03 -4.00910570131916E-04
-1.92603075647916E-03 2.41188812339713E-03
2.5135395938972E-03 -1.40694349922659E-03
5.17364331215807E-04 2.81413358007572E-03
-3.37890426639994E-03 -6.95617851482697E-04
1.35176639687126E-04 -1.44654536177822E-03
-1.34558238679639E-03 3.91183483237757E-03
4.98389921759363E-04 4.72822230910188E-04
3.61021206431309E-03 2.44968674883636E-04
-1.67475978574201E-03 1.01507388382537E-03
3.27990881996026E-03 -5.51709380090291E-03
1.27364016876556E-03 4.43839935176466E-03
-3.01158556738557E-03 -1.10447392311113E-03
1.27965469170039E-03 -1.76228330677747E-03
2.74227317294813E-04 1.06855760612498E-03
1.6293064220752E-03 -1.32816173142233E-03
-1.39163887441756E-03 2.29055545597327E-03
-1.37368406113085E-03 -3.52219504551739E-03
-2.80029798100848E-04 -7.81502850726083E-04
-3.17381478018012E-04 1.21872860508724E-03
8.54626593438785E-04 8.39061869420605E-04
-2.39094874124462E-03 4.15095813036657E-04
-1.80562309425886E-04 -1.18865265441168E-03
9.16374237398058E-05 4.30182849427154E-03
-4.01831189591983E-03 -3.46983762797234E-03
1.86572475202272E-03 -1.29432929129016E-03
-1.13773816523746E-03 1.2298242585797E-03
-7.92386077956343E-05 -3.66372273310368E-03
1.25716042332168E-03 2.75648642815008E-03
-2.82857162385017E-03 -1.42068251411439E-03
2.37522106253264E-03 3.92567406147249E-04
-1.25759720481137E-03 3.27039196747379E-03
-1.12428636515443E-03 -1.73443545070159E-03
1.26020209461364E-03 2.07196233855436E-03
1.78844698901123E-05 4.34181193626134E-04
2.8547550913794E-03 1.96924289695278E-03
-1.27993601213636E-03 -1.03772958056924E-03
2.96878005273266E-03 -4.15307499066782E-03
-8.46977023984545E-05 5.01581280411646E-03
-3.16862923706477E-03 -1.48383372789371E-03
2.37694610825586E-03 -5.32623198699644E-04
-1.90315886053486E-03 1.74492322121429E-03
2.18932060422021E-03 -3.35891021244116E-03
-2.24743968345221E-03 3.86936363635405E-03
-1.40029448656816E-03 -4.01420509838836E-03
3.59619839672217E-03 6.6026895102457E-04
-1.70073349802648E-03 2.79442367827786E-03
8.011740945065E-05 -8.29840248331264E-04
3.37884651616857E-04 6.73390637253325E-04
-1.85041506912534E-03 -2.46195838465301E-03
1.84554194201757E-03 -1.2986244554162E-03
-8.41506670998637E-04 1.55993156246726E-03
-2.34215584917169E-03 2.12206972317562E-04
-1.32703031622711E-03 -1.07887246763034E-04
-1.01119313786806E-03 -3.18919326528004E-03
1.47520129290419E-03 2.28069880668628E-03
-9.72401749520033E-04 2.47193231087122E-03
9.89980088741737E-04 -3.1576238681983E-04
-1.42627289840417E-03 1.12398672346791E-03
-1.19307192500718E-03 -1.92436932143252E-03
1.60540024284308E-03 4.66637197285501E-05
-2.58448063730239E-03 3.21823180443482E-03
-6.9972185058056E-04 -1.51048199406937E-03
-4.16417101141053E-04 -1.95961166833243E-04
8.35885608275428E-04 -1.18510967350901E-03
1.96446603626984E-03 1.20942351499469E-03
-2.17414414713585E-03 2.79416423442312E-03
-1.38249402139272E-03 -1.36180815173335E-03
4.56773905075059E-04 -7.04322068057067E-04
