2.98518473068064E-05 -5.13976518182758E-05
-8.95304753451375E-06 1.95132153384498E-05
-6.39637984416795E-07 1.53877906634623E-05
-4.34151744890349E-07 -1.349324578876E-06
-5.97821167815647E-06 1.75787349071715E-06
-4.2986674720076E-06 -3.5590231054732E-06
7.31208727883176E-06 -3.77626797326236E-06
-3.62469323853673E-06 -1.51248178250968E-05
2.68559743830029E-06 -8.37075649747687E-07
-5.39016704602833E-06 3.89877848325838E-05
5.05358637437648E-05 5.36165969057775E-06
-2.24358533015836E-05 -6.15290419194027E-05
-3.40134462234026E-06 4.88752029298691E-05
3.5277564545271E-05 -4.25308907763621E-06
6.32007180132245E-05 -1.17430639212938E-04
3.55381086211273E-04 5.786428633399E-05
-1.68430098761748E-04 -7.70628416478278E-04
7.72947176208418E-04 8.51772516043535E-04
1.24210067089851E-03 1.04015571749248E-03
-2.88586952563571E-03 -7.06443610715286E-04
-1.9281987822347E-03 2.04985717385434E-03
5.01582020084967E-03 6.05598408902359E-04
7.81353788473216E-04 -1.61736064774762E-02
8.98006273650299E-03 7.86196904577158E-03
2.29289863693651E-03 9.96963253313522E-03
-3.07798273590013E-03 1.58465879079682E-03
1.05228975070865E-03 -1.95556945598631E-03
9.52511332017686E-03 -2.55112181414475E-03
-5.75398144512985E-03 -4.76282334834386E-03
5.08812530564716E-03 2.93594705536625E-03
4.53460244813832E-03 1.09534695150469E-02
-2.31621057711981E-03 -1.20572675566104E-03
-3.97797809080074E-03 -2.21139597234128E-04
5.88179452568876E-03 9.02744024548942E-05
2.33250445817241E-03 2.01140135069536E-03
2.04021521110293E-03 -2.55700827540834E-03
-7.1460263369869E-03 -1.09908973102526E-03
-1.22264343946755E-03 4.24118242647909E-03
8.98059164871817E-04 1.67320199701024E-03
3.3471038778298E-03 4.29363758737392E-03
2.53957548763738E-03 -3.42359685579175E-03
-7.3128769120151E-03 5.36738462213188E-03
-6.22069105682734E-03 -4.68162920424183E-03
3.36660491974943E-03 2.37119267818669E-03
2.64803557270652E-03 2.69916938759929E-04
-1.4785301592308E-03 9.01926205466397E-05
-8.03999397069829E-04 -3.62191974716576E-03
-6.64055533895442E-04 -7.22615806674772E-04
-1.97587149832781E-03 -8.02333639492268E-03
7.07604565195505E-03 1.06892555448821E-02
-3.56259480733284E-03 7.2203021356438E-03
-8.56408738754751E-04 -8.70473968275265E-04
-4.9091834466163E-04 1.18262400243617E-03
1.89157058187942E-04 -1.46576368719197E-03
7.50627655529354E-04 1.03164671550955E-03
-1.10866266255865E-02 -1.87642412004941E-03
-4.35512443648516E-03 1.23072906716685E-03
5.50642805515116E-03 9.64775709233451E-03
1.15214814521616E-03 2.59862063956466E-03
5.57601510085475E-03 -6.95951610845148E-03
-8.39348819081796E-04 -7.03428625094089E-04
-1.03492492043834E-02 1.36586078021322E-03
-2.38342908155508E-03 3.96824292787348E-03
-1.91289116608426E-03 -2.61769280744345E-03
8.56526728750175E-03 5.69600813580111E-03
-4.4905746653663E-03 3.7911064589658E-03
-5.40345655102855E-03 -3.87739345165659E-03
3.61840167952974E-03 -3.86402275210644E-03
-6.6311570220305E-03 -9.90092010196122E-04
1.45973715369706E-03 1.91508699600236E-03
-5.73754079602655E-03 7.11024922734468E-03
4.95331542322157E-03 -4.35175755181204E-03
1.40005007064013E-02 3.54741352819339E-03
-5.57453845439772E-03 2.8481470833459E-04
-1.14123595777416E-04 1.13275621699751E-03
-5.9212903433843E-03 -1.45425199381033E-03
-1.81050880229562E-03 -5.14578020355577E-03
1.21098607262812E-02 7.84870643823128E-03
-8.43141924518234E-03 -2.09164036578864E-03
4.18562595638222E-03 -0.011106619754998
-5.26432331968722E-03 1.45175572845392E-03
-1.83048548514978E-03 -4.85228106276362E-04
6.00160081390381E-03 8.96615062073209E-04
-5.87162883885946E-03 4.43162135443735E-03
6.33370542964224E-03 -1.0212688122964E-03
-2.39059593236574E-03 4.8304483190153E-03
-2.46537314472615E-03 -4.83068427148079E-03
1.79250352681972E-03 1.43470625252903E-03
-6.36555726181422E-03 3.00252601453429E-03
3.13098530187586E-03 -9.58325946612654E-04
-2.42280542170624E-03 6.28432986888959E-04
2.63769084391621E-03 2.4153907354887E-03
2.15815275224139E-03 4.0469130300922E-03
-8.93115006251918E-03 3.57426753225216E-03
3.18471041688223E-03 -6.13987236158217E-03
-4.36268974374717E-05 3.6818748077443E-03
2.51417172467005E-03 4.55950317325609E-03
-2.03876569337723E-03 1.52743906343163E-03
-2.17408622084132E-03 -5.15724700358965E-04
1.65904049296607E-03 -7.40569080862904E-03
4.10423429762859E-03 1.65223024382245E-04
1.00772663602802E-03 4.92482059120463E-03
-2.74268532733875E-03 -5.29259540578409E-04
-2.35782203497054E-03 1.08046230087883E-04
2.10493778132811E-03 -2.44081694699951E-03
-1.61787740840219E-03 1.33041281869356E-03
-1.22763211042275E-03 2.37684288165179E-04
-1.00874683809784E-03 -3.48758430858986E-03
2.35185286028617E-04 3.21951577341449E-03
-1.40001568453208E-03 -3.01244630287587E-03
5.48112161391634E-04 2.65019638913365E-04
1.71699258938048E-03 -2.73498662428919E-03
1.48528287027362E-03 3.95124439347518E-03
-2.46495261121724E-03 -1.67767973266954E-04
3.66436277960601E-03 -3.60532041242057E-03
1.32773555147105E-03 3.82688026535091E-03
-3.83945058905735E-03 2.85938525718753E-03
-1.54366638461716E-03 -1.32510743760399E-03
1.40786629032011E-03 -4.63785879361196E-04
5.65361584809223E-03 -3.72410747547957E-03
-1.7925568032428E-03 8.72977994264314E-03
-2.52787197784863E-03 -5.07726442235412E-03
5.70845419002273E-03 8.37910390408261E-04
-3.06582159413015E-03 1.00759538639614E-03
4.59956999242945E-03 -7.41367215371022E-03
-2.11629406038795E-03 5.62068994195666E-03
-4.64691538592105E-03 -4.21960000794664E-03
5.19057347429426E-03 3.76329549381027E-04
-3.15173354118346E-03 6.43442058506428E-03
-3.17521768303308E-04 -4.87988487613314E-03
-7.5478845796288E-04 9.6805123027942E-04
-9.94704831547746E-04 -6.4362040751887E-04
-4.1797756943571E-04 -1.30660787223817E-04
-1.80719272898045E-03 2.29971274222777E-03
2.04906715923374E-03 -2.09866751369399E-03
1.38153488906965E-03 1.32029787407216E-03
-2.36427916153979E-03 -4.84339258966903E-04
-1.09902175550422E-03 3.47565348251254E-04
7.16493978410544E-04 6.17213687948984E-04
1.33726953791793E-03 -7.73829291203319E-04
5.97330184607056E-04 1.80723314240172E-03
2.22542209239344E-04 -4.51609539185612E-03
2.43600479972656E-03 -2.6838214673514E-03
-1.0134602032112E-03 1.81052290333974E-03
-1.6603995644798E-03 -2.05926898585374E-03
9.4958537317321E-04 3.01917751354521E-03
-7.96529089537086E-04 -2.76954032321417E-04
-3.40024212350368E-05 2.3565046442781E-04
5.61466135002971E-05 -1.65354427924185E-04
-1.82219985413818E-03 -2.16684131237274E-03
2.56151012005209E-03 8.5412596120632E-04
-1.76264844498661E-03 1.28405870139527E-03
-1.10921190166738E-03 2.64737378943225E-04
1.32844822575721E-03 -1.07082401977424E-03
2.82395158727235E-03 3.61309360972163E-04
-8.84631081639275E-04 4.31944604132833E-03
-2.03533109345376E-03 -1.06675799849526E-03
8.378125825445E-04 6.47290814728086E-04
-1.53893708959094E-04 3.15479620970703E-04
1.65091909936625E-03 -1.68146853255798E-03
-9.43540348346131E-04 3.72302924189938E-03
-9.58169408318882E-04 -1.62127123485348E-03
3.38131660366994E-03 3.09904492218309E-04
2.58195685144046E-04 1.68107585581727E-03
-4.94777956847081E-04 -1.29550870938968E-03
8.81577358743711E-04 1.6603030460974E-03
-8.43931156239217E-04 -5.27101217961633E-04
4.32503560076256E-03 -1.33593590395847E-03
-9.45514992353524E-04 -4.12216726250064E-05
3.12064179128143E-03 -1.1392585831982E-03
-1.82448734276763E-03 8.61717182264595E-04
-5.16888978708215E-04 -3.16585499636999E-03
3.26537175438093E-03 -8.43369503205612E-04
-2.59561537123652E-03 2.85265593036468E-03
3.80610404963091E-04 -8.58574811180866E-04
-2.46263932757209E-03 2.17538832731805E-03
6.33677655830309E-05 -2.35759019136267E-03
4.02238839196398E-03 7.14636029110695E-04
-6.10277054521869E-04 2.6265433442208E-03
6.9639093925155E-05 -1.24908105579224E-04
-5.46790702658294E-04 -1.47413062286476E-04
1.10279041385017E-03 -2.86542952853815E-03
2.85281876762705E-03 6.20773661510553E-04
-2.41063388643885E-03 3.95155895697204E-03
-1.56031516146735E-03 -2.39153474137063E-03
2.87101712484352E-03 2.24045595489533E-04
-5.71489078369543E-04 2.97135164002619E-03
6.75977190742562E-04 1.21819560045587E-04
9.17995040100254E-05 7.38457850818269E-04
1.92119848903577E-03 -6.03550003224379E-04
-4.17885291236093E-05 4.50536420811404E-04
-4.42923417394611E-04 -7.67260143420532E-04
7.59620644079052E-04 4.7909594501813E-05
-2.37867578439581E-03 8.22577888079561E-04
8.41234622829838E-04 -2.06151497134537E-03
7.1128908149661E-04 1.63540771367527E-03
1.54925753313396E-04 -2.42874307078583E-03
3.08287789255332E-03 7.22986016250174E-04
-2.62313703667807E-03 2.3271799990471E-03
9.64182517525653E-04 -5.06239201509249E-03
1.41115905871309E-03 2.40522147600149E-03
