3.38467772063798E-05 -4.81735436683481E-05
-3.51681798340942E-06 2.50869705487858E-05
-1.72958616919471E-06 1.40049660559246E-05
2.22771913574319E-06 -3.56088478332643E-06
-4.59197935968798E-06 5.27867826818314E-06
-6.11549831260051E-06 -6.90125408515717E-06
5.13180658045596E-06 -7.67831421021154E-07
-6.57376363098434E-06 -1.37095901421943E-05
4.4509630804666E-06 1.21436422278781E-07
-5.74488310402754E-06 4.12180526076627E-05
4.99596946122699E-05 1.35908027030129E-05
-2.58731082616246E-05 -5.94592756541514E-05
-2.65280379360953E-06 6.04003532490329E-05
1.78095839309996E-05 -2.35669646771229E-05
6.74638972744785E-05 -4.70982720465295E-05
3.75285825885291E-04 1.57700240322258E-05
-1.94179393158275E-04 -6.28190374844755E-04
4.98869295740542E-04 6.42225678633149E-04
1.40420086682982E-03 5.18504761743132E-04
-1.42280413078537E-03 -1.19157754959864E-04
-6.71594463966119E-04 -1.63414062077972E-04
4.38940616452921E-03 -3.83553633690185E-03
3.61453132599929E-03 -8.95117758715708E-03
9.34065139571391E-03 4.08775660687388E-03
-2.31784534670487E-05 9.44413390779872E-03
-8.96982420797973E-03 9.72800899987063E-03
4.56249267307906E-03 -8.51328022021555E-03
3.28685054160297E-03 -3.25080257295838E-03
-3.49006562131956E-03 -7.74851326053635E-03
7.63064200531022E-03 8.29901981829725E-03
4.27317671656146E-03 5.29969027528712E-03
-6.85618468585373E-03 5.47379520277911E-04
1.38861741382271E-03 -3.52456376456293E-04
8.24188986839442E-03 5.22805509407012E-03
2.86229291446989E-03 -1.50665831325434E-03
-2.85385450032666E-03 2.30293564556642E-03
-7.49880247768774E-03 -1.00391906440843E-03
-3.46936703682852E-03 5.06487645809695E-03
2.92332005393028E-03 -3.17433475806238E-03
3.05973601340435E-03 7.55235101891122E-03
3.99986370372566E-03 -0.002163908474397
-5.06495742769242E-03 6.47129203699755E-03
-9.36317904386619E-03 -4.36738626992846E-03
5.29682699152296E-03 4.62212279479074E-03
4.35291383927372E-03 -1.5719351607718E-04
-1.89211668495477E-03 -3.88255429423939E-03
-2.86033181213561E-04 -1.67498473664934E-03
1.03526644198314E-03 -1.70900290939254E-03
3.33633953706986E-03 -9.42671976856805E-03
5.36213567589325E-03 9.47866849347067E-03
-5.26028999430282E-03 1.20154598548132E-03
4.69373950414587E-03 -3.24614826987108E-03
-4.01316031517664E-04 -2.61259320436198E-03
4.23222271558591E-03 -3.52981730624822E-03
2.01445388025417E-04 4.26196416019274E-03
-1.17565303810151E-02 -4.21999279061742E-03
-4.95243625086407E-03 -2.48947308724062E-03
7.94873825661867E-03 4.17614018884387E-03
2.04638447067438E-03 2.50645046986315E-03
1.87858312589604E-03 -8.09321448995324E-03
1.79083366121282E-03 -4.45823893654356E-03
-9.33870000076945E-03 1.21873164858841E-03
-4.31529538486154E-03 2.27374502446224E-03
2.63330206447944E-03 9.8815564885868E-04
8.74430282174485E-03 7.43368027429387E-03
-2.4309764240902E-03 -1.61910750114534E-03
2.56867055895393E-03 -4.8433516111991E-03
4.27054721951995E-03 6.21776655107112E-06
-5.63195258845683E-03 -1.36442977171267E-03
-1.40683183990928E-03 1.53997895804708E-03
-4.95858883842779E-03 6.92231476337473E-04
6.92858603718493E-03 -5.22481127223782E-03
1.23720486401968E-02 7.62220396240101E-03
-7.90319526877083E-03 2.01085501523206E-03
-1.66002990257151E-03 -1.02309841920708E-03
-6.0324708384075E-03 -7.81694214018554E-05
-2.7096320326179E-03 -2.39304788764386E-03
9.70718096910702E-03 0.006993431464021
-6.65593332470451E-03 5.13029357085712E-03
1.52446710637625E-04 -1.49093526895598E-02
-3.91391243650139E-03 6.26810066522863E-05
1.88561756260863E-03 3.52256983815516E-03
-2.37757520186959E-05 3.87145839337879E-03
-2.15909284060723E-03 5.09918363800585E-03
4.19990148172897E-03 -3.86675467623047E-03
-1.78006970682931E-03 9.37395651183395E-04
2.48340782469669E-03 -2.79134213550836E-03
6.82457849996508E-05 -2.40045377138894E-04
-8.65616035016428E-03 2.05366830913849E-03
5.56933942885079E-03 -5.51369727272173E-03
2.42132102581961E-04 2.43321946051201E-03
4.18438613397843E-03 -9.11007602234228E-04
1.44683949536537E-03 4.12103442806075E-03
-7.49686410655645E-03 1.81616426578312E-04
4.04996846371019E-03 -1.02499304710738E-02
4.7289006173977E-03 5.72217464450168E-03
9.67061149232485E-04 2.14833769129233E-03
-3.49263955857775E-03 -2.97906411361453E-03
1.71339967260176E-04 -7.81816716407091E-04
-7.66363253728486E-04 -5.72464037944325E-03
7.45839013808934E-03 -9.70366462826823E-04
-2.00797987809484E-04 5.61398558700712E-03
-3.31436109572479E-03 -2.6187234835494E-03
3.64824088910336E-03 5.81115384520998E-04
4.9532036679768E-04 1.28184293875652E-03
-1.84672186473809E-03 2.61179521557654E-03
2.62715303100125E-03 -3.05194418021914E-03
-3.70251784813943E-03 1.27443751512266E-04
1.93593630150759E-03 1.3343417098594E-03
1.63810495798988E-03 8.90545267185998E-04
-4.01936035004767E-04 2.29207637834476E-03
-0.00154074929491 -2.88937432952015E-03
2.83154798530796E-03 2.07411727514249E-03
-2.27406321324675E-03 -4.86664435857052E-04
1.68615080117752E-03 -5.29961586160305E-03
3.69725738650539E-03 4.62704699645955E-03
-3.73441975023075E-03 1.32131910753917E-03
0.00110107216479 -4.1468429144775E-03
-6.83690202681336E-04 2.43416186368153E-03
-3.58050398053088E-04 -6.54331232752133E-03
-4.44386854598098E-04 4.57489140182912E-03
-2.27695806065816E-03 -4.16261004999243E-03
6.08593911431525E-03 1.30698843754829E-03
-3.59334440335967E-03 1.09253842308449E-04
6.39138577830738E-04 -5.86764986545153E-03
-1.64859877906005E-03 4.71934563733126E-03
-4.61076021594326E-04 -4.00038447120827E-03
4.69627967497735E-03 3.26828070836108E-03
-4.42922603807089E-03 6.23641632605151E-03
-1.2229663650622E-03 -7.46846497884048E-03
2.25438236597732E-03 2.92663106362936E-03
-6.85756981908056E-04 -2.88193645820797E-03
2.33670832966868E-03 2.65241210108168E-03
-3.80356036443472E-03 1.22168321693091E-03
-3.99932051561911E-04 -3.91334377177395E-03
3.39662037023665E-03 3.78671751408879E-03
-3.98997529193038E-03 -6.4143974503084E-04
4.55087636590225E-04 2.00318724358226E-04
-4.16178424630334E-04 1.1158582245351E-03
7.34834630365725E-05 -1.05218429257694E-03
6.53110082859331E-04 2.7261852081364E-03
-0.001015326521823 -1.31279185569521E-03
2.67803889493325E-03 -2.24470248319972E-03
-1.55511825605955E-03 6.48495784428802E-04
-2.01633621951705E-03 -2.11240867828504E-03
1.13229050865484E-03 3.90946121244418E-03
-3.00392947501721E-03 -9.99717046023066E-04
1.7630150349317E-03 2.21635333822522E-03
-2.56345529682003E-03 -1.64203746080575E-04
6.60113025873613E-04 -3.22751843324557E-03
1.26505353749867E-03 3.69195636794129E-03
-2.60767759771137E-03 7.20323525426026E-04
2.62806257172873E-03 -4.14817203662703E-04
8.23172530980351E-04 1.26171091641066E-03
1.2062895383986E-03 1.96502006190774E-04
-1.60107599222502E-03 1.9146630340754E-03
3.94377585745045E-04 -6.85659155003996E-04
4.53574881783267E-04 2.14194454174456E-05
-1.63552530504802E-03 8.07267786345767E-04
2.05910493276977E-03 -4.06622325965698E-03
-1.57041115577935E-04 2.00054841124771E-03
-1.14538648496539E-03 -2.37357591069421E-03
2.85546956501126E-03 2.79870628708014E-04
-9.19413250165815E-04 1.73817090579501E-03
-1.02742498845854E-03 -1.20328850383641E-03
-5.36866051088832E-04 -9.20372493951869E-04
9.37570619750995E-04 -8.00088873747466E-04
-7.58245790216809E-04 7.94570312909825E-04
-1.47648073757793E-03 -4.46876076371573E-04
3.18526976312389E-03 -1.61970820550541E-03
-8.67421335471499E-04 4.77526654631614E-04
-3.03485952436347E-03 6.7644896703009E-05
-8.13314505409713E-04 1.16434873602975E-03
-1.2307500300733E-03 -9.14776174637873E-04
2.02767868121683E-03 7.77290594720809E-04
-1.91060469627723E-03 1.61782131065599E-03
-1.25686796933006E-04 -9.74464373181941E-04
2.09749923067917E-03 1.45084353089879E-03
-2.16151375378401E-03 7.15646372300718E-04
2.11100458222645E-03 -3.06554137680999E-03
1.45487930930236E-03 2.37666622973666E-03
2.31124184359974E-03 -2.30095692707044E-04
-1.54876109786469E-03 1.94382493023943E-03
-6.03185831391805E-04 -1.99106835133974E-03
2.07917909209538E-03 -1.06643052515789E-03
1.91947746004471E-03 2.57530362243557E-03
-1.25394081410536E-03 5.6215242391242E-04
1.02422018527377E-05 -8.72149689440549E-04
1.36277522674843E-03 -1.42453799164636E-03
2.36046834107826E-03 -5.34219312594186E-04
7.14122723403128E-04 1.12712847336567E-03
-8.08598124919754E-04 -2.35936992946386E-04
8.28359398370363E-04 -1.4677976528634E-03
-2.63716739465034E-03 -5.15357026730373E-04
2.95644358239008E-03 1.13388618412361E-03
-0.001406537449199 2.14901747478864E-03
-2.4434939155846E-03 -3.11786063857038E-03
3.57343497571113E-03 -1.08449464270395E-03
-1.52789306793413E-03 1.24543174932742E-03
1.1814902157175E-03 -1.22760994173132E-03
1.9093629681644E-03 2.74042836868187E-03
