3.37453762065312E-05 -4.92780635062459E-05
-3.87826668268396E-06 1.65258188319612E-05
6.88864577424677E-07 1.27552554855109E-05
-1.74897717019549E-06 1.46172802470143E-06
-3.53701932168217E-06 3.58999741601991E-07
-5.02078269529075E-06 -2.63426616144988E-06
4.47430285720903E-06 -8.77043843223151E-07
-7.38649858585211E-06 -9.79100647164645E-06
9.67952346856958E-06 -1.67065005042892E-06
-4.62540335754055E-06 4.38677143939457E-05
3.99020639429096E-05 6.17575161225855E-06
-2.25472183783819E-05 -5.1415241488568E-05
-7.673540108764E-06 6.95168876257511E-05
2.61293231629367E-05 -3.6199441569755E-05
2.23257048889721E-05 3.19470732972565E-05
4.01872665827188E-04 -1.6838251930892E-04
-2.84824799982367E-04 -4.32052512114145E-04
2.77937801162312E-04 4.52195272697131E-04
1.31880784074125E-03 3.04267228790765E-04
1.39553012573151E-03 -5.18966130957021E-06
-1.16907978489875E-03 -1.42258788258514E-03
6.22727633211339E-03 -3.47771696258148E-03
3.98655567598817E-03 -4.16882224574849E-03
5.62265687385656E-03 -9.75055376154643E-04
-9.71880335901831E-04 1.71315568924588E-02
-1.02883096452773E-02 4.34838588140346E-03
2.68636758153407E-03 -1.21021491307123E-02
-4.87370087163034E-03 -4.10930489992569E-03
3.84979082693001E-03 -3.47517092004262E-03
3.77353605959287E-03 3.11799043808579E-03
1.72165726595971E-03 4.51180187910675E-03
-8.30431714772712E-03 -6.066301034407E-04
5.06805063490777E-03 1.39553515744248E-03
6.79594135867511E-03 4.21082429364268E-04
1.31655901438623E-03 1.90052380197731E-03
-4.95148458995976E-03 -2.43658202038634E-03
-6.77751499547328E-03 3.56682272925634E-03
-5.40125365062506E-03 -7.6426332674509E-04
4.54449883443634E-03 -2.9664313553856E-04
6.3437239682883E-03 4.96009755071027E-03
1.41052659399166E-03 -2.77381606983753E-03
1.96666994385038E-04 7.1472706374484E-03
-8.90908037908888E-03 1.85604580978326E-04
5.09972378304901E-03 5.57847826461016E-04
4.32033060485246E-03 1.42791560472845E-03
1.91473893236025E-03 8.56258160332423E-05
-3.46724786011938E-03 -2.94465765833419E-03
3.27955902333399E-03 -5.35359406611048E-03
4.5867513886078E-03 -3.80026450966496E-03
8.16874612136208E-03 1.02558147793921E-02
-4.01322324524284E-03 1.31388397297347E-03
6.12454998488448E-03 -4.78920745252205E-03
3.48838854584505E-03 -4.29221857094523E-03
0.008564910319705 2.57865736266342E-03
2.86420986197868E-03 8.60043237446931E-03
-1.28420717113512E-02 -6.44145283308543E-03
-8.50925632860808E-04 -3.50791740006892E-03
6.71787526017578E-03 6.09536004953125E-03
7.4490617243652E-03 -6.49421319017527E-04
3.24582540857596E-03 -6.2556166028814E-03
3.25619257710506E-04 -5.83794013575568E-03
-6.00535472076485E-03 -1.32350477745635E-03
-1.93975774921773E-03 9.55036496912988E-04
1.72221836400524E-03 6.19841229849131E-03
7.3542501529033E-03 9.00638989626385E-03
-1.78870952011038E-03 -3.45368421613349E-03
9.20491988027284E-03 -2.52493168940076E-03
2.82126636535713E-03 4.84306105991439E-03
-4.70234812519225E-03 -4.54012582774079E-05
-1.42709496407203E-03 2.39753704959531E-05
-1.2106139145455E-03 5.08048661247387E-04
9.25498476430974E-03 -4.9228052360407E-03
7.43468070984791E-03 6.44765017007597E-03
-5.56141508584742E-03 1.77525168549135E-03
-9.89618199274251E-04 -3.11996009205623E-03
-9.62579920219778E-03 -1.02479162206849E-05
1.45075636687115E-03 -2.51993441169709E-03
3.49240930262367E-03 6.97523934459867E-03
-8.67276247680004E-03 2.70273331220144E-03
-4.99015404160601E-04 -1.34848078190327E-02
-1.49464167515072E-03 1.55716823381047E-03
-1.36077024439589E-03 3.90090292640146E-04
-4.22434932192592E-04 -5.04756651646559E-04
1.46301996153912E-04 0.005564550959236
6.48132883745686E-03 -2.27428083242881E-03
5.34817109139249E-04 -1.09697631223529E-03
1.15842092260939E-03 -1.06195893838155E-04
-5.66635319442093E-04 1.07314114369743E-03
-6.09529912871088E-03 3.17206390990725E-03
2.63503577886719E-03 -4.8946658298066E-03
1.86481176639665E-03 6.12374021816976E-03
4.81726794492141E-03 -1.81413530072458E-03
2.63856558543728E-03 3.20371731993278E-03
-4.68944902594107E-03 6.09655948470785E-04
1.01136176787978E-03 -6.43273898000042E-03
4.68247734526397E-03 6.09835606532828E-03
-8.24767828243053E-04 9.17291546050489E-04
-4.12631213939006E-04 -3.02458276405595E-03
0.002026848686121 -2.93199244394176E-03
8.03959285348521E-05 -8.32616107509652E-04
8.81680661295452E-05 2.83852952244306E-03
-3.24242457548069E-03 -3.31644720030872E-04
-1.14239868844985E-03 -5.26900933825103E-03
6.63049404335866E-03 2.34637649053946E-03
-3.16681184908488E-03 4.98202728696395E-03
-2.12690953300173E-03 -4.42864879354231E-04
3.1352731123772E-03 -2.81814266102115E-03
-1.21887538202072E-03 2.46548939079407E-03
0.001612231285767 -1.90789956160687E-03
-1.31927286320931E-05 3.69250443521024E-03
-1.74290253780668E-03 -2.03647008534399E-04
-9.73215190772885E-04 -2.38062825407946E-03
3.13402252194494E-03 1.95691102425369E-04
-1.74007204822809E-03 5.62963169261671E-04
-1.01378147962647E-03 -6.45847599104309E-03
7.68576892755316E-04 1.54062417824538E-03
-9.55556137423707E-04 -1.06983549613389E-03
1.29131424821107E-03 1.44159640083155E-03
-1.53644926045039E-03 1.74730023308609E-03
-2.4829868814465E-03 -4.81521219273378E-03
1.66190217715914E-03 3.70878023912787E-03
-8.30208956041581E-04 -2.46101705398119E-03
4.4975865710593E-03 -1.4312686749109E-03
-1.54433747660605E-03 2.82955613688989E-03
-1.69087031235354E-03 -5.7383625636958E-03
-1.77672787568401E-03 0.000539865880899
-8.97033095950948E-04 -1.32462200050116E-03
3.8059322724953E-03 3.44293832627899E-03
-3.33213839285057E-03 5.34421523322852E-03
-2.01978608494561E-04 -6.39255353397469E-03
2.94045287634376E-03 2.56751456523736E-03
-2.48637808579614E-03 -2.93005024032803E-03
1.06136854344563E-03 1.66109286640409E-03
-1.19200469340383E-03 2.26612016724245E-03
8.77751220023828E-04 -6.10345883222593E-04
1.69362589923994E-03 2.37381304632997E-03
-5.6882308739685E-03 -6.74162365802366E-04
1.87602447102079E-03 -3.36356400817029E-04
1.12726479694198E-03 1.05720750914612E-03
-2.53282542316381E-04 -1.0068883435845E-03
1.02087618403263E-03 3.20298343415268E-03
-1.48058357921537E-03 -2.97433740337925E-03
1.78526972654315E-03 -2.48262426350971E-03
-3.19538588263548E-03 1.58685997818039E-03
-1.62178253649286E-03 -3.11331622532739E-03
1.63547780702611E-03 1.6796176213815E-03
-1.73784801656105E-03 -5.44721734715746E-05
3.81471757942451E-03 1.51652216592042E-03
-2.49087264571721E-03 3.25794273738375E-03
-1.82040542850465E-03 -1.70072351546573E-03
1.88457026744601E-03 9.87521816391496E-04
-8.77531288059658E-04 -6.60962036205411E-04
1.00837368319335E-03 -1.84130603217394E-03
1.45794395858002E-03 2.38970333577905E-03
-1.14831503081353E-03 -5.20897031191496E-04
1.33275439838769E-04 -3.12332222206741E-04
-3.90633989558319E-04 -2.07097843288841E-03
3.11060399886181E-03 7.2142957541677E-04
-2.12667177621189E-03 1.67985894368277E-03
-4.24312696882195E-04 -1.78863155712384E-03
-1.67907693909243E-03 -1.87289516124431E-03
1.7069772295315E-03 -0.001409500367025
2.37179644535989E-03 2.78194601922599E-03
-3.61763244652936E-03 3.61355731146943E-03
-1.4181998322713E-03 -3.03637177426389E-03
1.63020339878757E-03 -1.2650625272633E-04
-3.22326142502881E-04 1.06598522428905E-03
-0.001625872557227 -2.69359623284236E-04
1.17199680451915E-03 -2.5255842809651E-03
9.04621445063407E-04 2.795601562357E-04
-2.00279380198811E-03 -1.13090162735262E-05
-1.43490692513357E-03 -1.65416632480381E-03
1.02662341531996E-03 3.93307230414296E-03
-2.76944195956772E-03 -1.40121384605492E-03
0.003476694448466 -1.17800273330075E-03
3.29336382720471E-04 1.03688670189853E-03
-1.95281454697359E-03 -2.73051170277671E-04
1.1860585113754E-03 1.78575145052111E-04
-1.14017257911778E-03 -5.98000108808597E-04
2.51978824163725E-03 -3.8093613696586E-03
-1.05541330238367E-03 1.04220311846465E-03
1.70302522134561E-05 -9.15757878914829E-04
1.51978213083366E-03 7.09623796972431E-04
-2.09020903184012E-03 -1.36469724362348E-03
3.03688772022614E-03 -2.74707734162189E-03
-3.24744601704493E-04 6.18587618855163E-04
-2.28875139725353E-03 -8.54611279119665E-05
1.14871316134381E-03 -1.37173744726598E-03
8.48696802248729E-04 7.47776713787799E-04
-1.63535719529776E-03 2.67575733137138E-04
-1.16557377431806E-03 1.0961012700977E-03
8.13542555833838E-04 -2.81598983592286E-03
1.26766828049308E-03 1.86425106183826E-03
-1.14212885354382E-03 1.28449558944022E-03
8.53360788197307E-04 8.11128761482394E-04
-5.80533084362372E-05 1.16359540843416E-03
6.02678484993774E-04 -4.92858801311711E-03
4.20630695814767E-03 3.37434681218161E-03
-5.62073275999874E-03 1.99700597612825E-03
4.14164823532195E-04 -2.6402812843244E-03
2.25100955198111E-03 1.34448750043163E-03
