3.15856698523942E-05 -5.08273082502825E-05
-5.65640366336785E-06 2.02578972463265E-05
3.14038162906724E-07 1.69910906765441E-05
-1.14214493446017E-06 1.14318288489905E-06
-6.56456333827491E-06 3.2356973372027E-06
-4.11161934286534E-06 -3.53213374639769E-06
7.116976697782E-06 1.2423610603701E-07
-8.37385163747726E-06 -9.54879717884227E-06
1.01856727218543E-05 -1.30471628626275E-06
-2.96319163120157E-06 3.89571390258455E-05
4.00638755024506E-05 9.23039176628135E-06
-1.53518645393842E-05 -4.55233386216551E-05
-3.51676809141675E-05 6.58316226064622E-05
4.86196677731419E-05 -3.49897911238015E-05
1.06992825322886E-05 9.41265444171614E-05
4.31022406641149E-04 -3.00062759899563E-04
-3.35150112712111E-04 -3.70314237372675E-04
1.08613106342491E-04 4.81157315134004E-04
1.35711975129138E-03 8.87267408348774E-04
3.50186942579438E-03 -1.44029327207142E-03
-1.88309231171867E-03 3.07687927752214E-04
1.00892303705332E-02 -5.8943442867317E-05
-5.85014788951834E-04 -8.35388500627787E-03
4.86556685870217E-03 2.21525771479406E-03
-2.36151638201641E-03 1.89054821889161E-02
-2.02655788794199E-03 -5.46940126145799E-03
-8.20159662883388E-03 -1.16258566545834E-02
5.01098075825778E-03 -4.76641933054393E-04
1.95838368116256E-03 -3.42735498924809E-03
4.86175204833238E-04 -1.72016299397779E-04
-1.76869883380032E-03 8.83199272450066E-03
-3.33587377870413E-03 -4.93672467921184E-03
4.35531242089436E-04 -1.57053863876279E-04
8.65217333464008E-03 1.38536989944752E-03
-2.25094126992974E-03 2.43298834547461E-03
3.57294017541833E-03 -2.48442718528202E-03
-9.07948430445688E-03 3.15086650050837E-03
-1.96555494321755E-03 5.77579659414896E-04
3.16175749319527E-03 2.12753368060183E-03
7.60860139409635E-03 3.08256707283669E-03
6.97747630428111E-05 -6.70211429675863E-03
3.23208629105676E-03 5.74574352924206E-03
-9.23287631950091E-03 1.63850605215304E-03
3.34509893756416E-03 2.39383657745382E-03
8.06660176305313E-03 3.82054231594361E-03
-3.95562001866172E-03 1.5235912243875E-03
-3.75011123333659E-03 -6.34681897226431E-03
5.77799398826699E-03 -6.53432511843989E-03
4.78232607723903E-03 -2.05001111993089E-03
6.11506498978615E-03 1.17673948357807E-02
-8.09038864147416E-03 1.36754875702903E-03
4.68945834590258E-03 -3.95633190822384E-03
6.47202154172207E-03 -2.89709301258825E-04
3.40158026958838E-03 4.15501287088994E-03
2.2896423419507E-03 1.01055522866326E-02
-1.16794049263913E-02 -2.79185683916943E-03
4.03389578622768E-04 -2.0239040846891E-04
2.63718925328415E-03 7.40691248403942E-03
4.61794952417761E-03 -1.12093883378371E-03
2.86178848948594E-03 -2.30963176378744E-03
-2.44191144658443E-03 -6.36607226304084E-03
-4.43520727139738E-04 -2.58852167758632E-03
1.26463071407809E-03 -2.29820586911943E-04
-3.29861967461172E-03 9.41026465753783E-03
6.29293228227646E-03 4.66388382377001E-03
-1.53692737270422E-03 -7.35494125273122E-04
1.08111788348959E-02 -3.77428855816572E-03
-9.28895301370962E-04 5.81457488112524E-03
-5.33276799627481E-03 -1.25890252708913E-03
-1.94380140038465E-03 8.25249963867726E-04
-1.56373290876419E-03 3.53681031741083E-03
8.28921957586686E-03 -4.00135966896862E-03
2.61658877146321E-03 1.66030790907255E-03
-1.67206719765998E-03 -3.13271084465704E-04
4.29427377376923E-03 -3.31909032139158E-03
-5.29809736897247E-03 2.51573472861289E-03
2.54464502108742E-03 -1.33784298919037E-03
3.2331055859237E-03 8.29849499369618E-03
-5.46446986962644E-03 -1.70235644097706E-03
-2.63120738267827E-04 -1.15144973480553E-02
9.78988769991674E-04 4.57621711286901E-03
-4.64054558515635E-03 2.02057325903324E-03
-6.25647937314871E-04 -2.1937475361954E-03
-1.39411906517814E-03 1.08353128140695E-03
1.03889316204978E-02 -3.59460134401175E-03
1.75577253209226E-03 4.30625170385883E-03
-1.69363908126225E-03 -3.66944024017197E-03
-3.63532674080313E-03 -5.8078653510373E-04
-5.60706284662767E-04 1.94978169758123E-03
1.35187390212622E-03 -4.66643261973657E-03
2.16577346626054E-03 5.08515128930028E-03
-2.30905729564873E-03 -3.38490442922445E-03
3.87163189837989E-03 -3.53239823744905E-03
-6.33826699205452E-04 -3.54857978924228E-03
1.28151922195911E-03 -1.19585845566083E-03
-1.48849060955978E-05 4.26922947320624E-03
-3.91132938440656E-03 -5.29264926299473E-03
9.89447260377772E-04 -3.37666796301177E-03
2.50719333206688E-03 -3.68016089394141E-03
3.14380081559173E-03 4.74600220637802E-04
-3.03366260437099E-03 4.36000781535675E-03
-5.97359544461005E-03 -3.32117413176917E-03
1.57100990018564E-03 -4.68115157851291E-03
8.5690858801145E-03 1.49881754975947E-03
-2.25651814479878E-03 6.09060791643814E-03
1.28067723186128E-03 -2.62185801024406E-03
-8.00557199408103E-06 -3.08855277498286E-03
1.03692914091803E-03 1.99928913511495E-03
3.91507278881143E-03 1.91502299007883E-03
-8.76249110897046E-04 4.67554504138308E-03
-2.32766717199222E-03 -2.19065602810163E-03
1.63272827583003E-03 -2.53457606404265E-03
1.46399014845448E-03 1.27169669139559E-03
-1.99522006426066E-03 6.18771902445091E-07
-3.60707118128764E-03 -2.41223491408298E-03
-3.45003016584458E-04 -1.12288989894824E-03
5.15431296311335E-04 -1.74122701789086E-03
-3.04809631815613E-04 3.62729564214995E-03
-4.26362892793017E-03 -2.14427071940584E-05
-1.12634010834469E-03 -5.34995071559234E-04
6.72608995532863E-04 1.04773202283107E-03
-1.05834371385617E-03 4.9818970411478E-04
4.53655347776076E-03 -2.70271373245726E-03
-3.56590481317098E-03 3.27304006986317E-03
-2.7599495473557E-04 -6.43314147331531E-05
-8.2534394040162E-04 1.21666950447589E-03
-1.31505968609995E-03 -8.73257803082686E-05
1.90423040617635E-03 1.89407559497698E-03
-1.01042609883209E-03 1.33371463255895E-03
1.69611027745877E-03 -3.40385078870616E-03
3.62882332550453E-03 1.93383616311546E-03
-3.09759304406781E-03 5.25781590365747E-04
3.64002715856811E-04 -1.80833076705411E-03
6.57901019067132E-04 -1.64248626258201E-04
1.27666766720892E-03 5.57189268362407E-05
1.90974585677209E-04 1.05367134410219E-03
-2.8644036787757E-03 -2.21524948272385E-03
1.10175644502559E-03 -9.53643171539188E-04
1.3529127155774E-03 1.46418938165921E-04
1.42028558293128E-03 2.73651646636259E-04
-2.34367269408477E-03 2.0697732220263E-03
-2.46342075972657E-04 -2.44384954539144E-03
1.84321716365496E-03 -1.0693188462962E-03
-3.21300281693495E-03 3.95366475575437E-03
-2.36023867223314E-03 -1.9331194188572E-03
2.50396418175963E-03 -1.6085280997673E-03
-1.23219428048041E-03 8.77711465820515E-04
3.98019654058539E-03 -2.09326037509096E-04
-1.37190431623871E-04 5.01298343050749E-03
-2.42652213420657E-04 -2.58400978447293E-03
8.22862522347607E-04 -1.84516732453957E-04
-1.77489955752536E-03 6.08850923780726E-04
2.12989835154858E-03 -1.55193355804615E-03
1.8460495193182E-03 3.14053954772835E-03
-7.41900382866247E-04 1.3802186412919E-03
-1.73982592124367E-03 -2.01868051484252E-03
1.46040823162259E-03 1.92136786524527E-04
5.54777333414532E-04 1.0657799185302E-03
-2.60221686069086E-03 1.9660436219597E-03
5.4450637705766E-04 -1.28315598609837E-03
-7.03499749410138E-04 -9.92984459181988E-04
-8.50753876625257E-04 1.01785106734083E-03
4.09260307976601E-04 -3.65071413016199E-04
3.54512372972552E-04 1.0532395950469E-03
-1.08323971875843E-03 -9.26154043926714E-04
-1.12954932461189E-04 4.30157171412766E-04
-1.56548373017958E-03 4.06587855678692E-04
-1.82519899402632E-03 -1.89737039084626E-03
7.37783560864345E-04 -1.5425033382782E-03
9.77734419713066E-04 2.51013326610756E-03
-2.20967413506606E-03 -5.60514172961814E-04
-2.67106580115922E-04 -1.68542093468386E-04
-1.86927110146266E-03 1.0461940032098E-03
2.86639881618883E-03 -2.20866458238118E-03
-4.1467083350113E-04 1.69039648282038E-03
-1.12177104077218E-03 1.13451232276739E-03
-2.74780600948298E-05 -4.71735827052557E-03
3.22964257473638E-03 1.65394121005393E-03
-1.82314746943718E-03 1.02450511440078E-05
1.0418985103775E-03 7.46233408864567E-05
-3.60094748537381E-03 -7.43277640874301E-04
-1.48699668952731E-03 -1.52112920642992E-03
2.20493121417735E-03 1.3263207463318E-03
-3.88456403710766E-03 1.50464003666664E-03
1.05960904581668E-03 -2.35156049614992E-03
-1.78325787722359E-03 9.87917483135104E-04
-6.1627554463007E-04 6.406184154206E-04
2.15257616598595E-03 -1.02916785240989E-04
7.81912654153031E-04 4.11754953292792E-03
-3.17249725367952E-03 -4.22406064476027E-04
-5.96045522125859E-04 -7.4762222497108E-05
1.67800064082492E-03 -2.69547878051987E-04
4.16004059158926E-03 2.31997690564371E-03
1.44644653884194E-04 1.48348353693452E-03
-3.1856215611946E-03 -6.14009346766631E-04
2.60160773634027E-03 -9.49841529849516E-04
1.55592973204955E-03 -1.3124525241218E-03
-1.22130315901548E-05 3.90031913961694E-03
-4.66253546029587E-03 -1.58889250595657E-03
2.15720297294163E-03 -3.33604599306091E-03
1.86199002107271E-03 2.49049615265726E-03
