3.08001537265218E-05 -4.63190441933024E-05
-6.3740775137589E-06 2.09814120554894E-05
1.64394920251038E-06 1.65621851382285E-05
8.04923750377329E-07 -8.45533212855635E-07
-7.89445664247176E-06 7.64584178471689E-07
-1.03938078558604E-05 -4.53652173088698E-06
5.79877118239847E-06 -3.80464868331644E-06
-1.27161642063962E-07 -9.24821277256316E-06
9.44938701087916E-06 8.97046833529763E-07
-8.64656808403614E-06 3.97254499831727E-05
3.7950392986707E-05 5.46325335369742E-06
-1.09732751849972E-05 -4.78198937634432E-05
-6.3299532393313E-05 5.72512132239749E-05
7.8894770176717E-05 -1.22587317312906E-05
4.90523933137427E-06 1.18679342277061E-04
4.53010766160359E-04 -3.63370516122651E-04
-3.99919345342265E-04 -4.16345295197014E-04
3.05757480945494E-04 4.61499830630679E-04
1.84056535562209E-03 1.20208109798175E-03
2.93650412133256E-03 -2.59536467499366E-03
-3.96173893714491E-04 3.1018400526848E-03
1.04139001307307E-02 3.6558859924382E-03
-4.29183169886439E-03 -1.54566078764915E-02
2.66783309495969E-03 1.03349626821145E-02
1.28136357660153E-03 1.17796759145804E-02
-2.2042353213163E-03 -3.94075594329091E-03
-8.2072781831945E-03 -8.24813474626365E-03
1.45427453603892E-02 3.46524046456317E-03
-4.45867650185929E-03 -1.09888409162915E-02
3.76991474361804E-03 6.60941669885469E-03
-2.26846052344866E-03 6.66875798147415E-03
-1.31839961279631E-03 -7.72761529055641E-03
1.23128795202013E-03 -6.00080651207977E-04
9.1735935796208E-03 5.6811745274088E-03
-6.39280142336499E-04 -1.45786307283452E-05
-3.1298535041628E-03 -1.26763644934017E-03
-1.81189428145815E-03 7.05326986859813E-04
1.09984060487658E-03 4.40309538549501E-03
2.35399002111117E-03 4.35394911717909E-04
3.92092439965928E-03 3.47349436775917E-03
3.57196724309614E-03 -4.45849967613616E-03
-6.0888178800539E-04 -3.53557475911915E-03
-6.15504151765735E-03 4.04322244865788E-03
3.22448390133356E-03 2.04946022480667E-03
1.78287208502977E-03 6.71473718821412E-03
-5.55633454456353E-03 -1.69208690271257E-03
-2.15071826730339E-03 -4.63449132044424E-03
7.55504813642049E-03 -1.03186319232743E-02
1.39710832073806E-03 2.44154137692919E-04
1.6379395759843E-03 9.36627201905448E-03
-5.84943379756171E-03 -2.92848260483253E-03
7.98690267375988E-04 -5.07801413041986E-03
1.5686654079112E-04 -1.68438583303288E-03
2.58067222430129E-03 2.76349906352184E-03
2.93663187475596E-03 9.18949158430488E-03
-1.40667499353034E-02 -3.16416510565205E-03
-1.45574713186217E-03 -1.00504336222234E-03
-2.94685397936577E-03 0.010238306035224
6.27546636426686E-04 -2.83239183981676E-03
4.57458552552048E-03 -3.10985023895394E-03
-7.56241482766043E-03 -6.33961674018163E-03
2.42129746529855E-03 -2.18560837660183E-03
1.36795371301975E-03 2.31839168057158E-03
-1.98798222114676E-03 0.006997946244975
5.93055526877686E-03 -2.7155229386783E-03
1.63232220672353E-03 3.85535612720809E-03
8.76977525147883E-03 -5.20274784621554E-03
-2.32036290363668E-03 3.16482075821422E-03
-6.22016931342414E-03 -2.03751207622334E-03
-6.95301330811204E-04 -1.75360864919601E-03
-5.74118763830385E-03 3.74261533370487E-03
6.30548825132072E-03 -1.80081943214713E-03
2.41727622366384E-03 3.95740673414487E-04
-1.24973128621493E-03 -2.79770516779205E-03
4.08387828105906E-03 -3.46465502327482E-03
-0.002095732601212 5.64463242894934E-03
-2.49338952359489E-03 2.33794010192228E-03
2.40387697549519E-03 4.6432050891793E-03
1.03041921108421E-03 -2.07120770188102E-03
2.82353485722926E-03 -8.61656008497361E-03
9.16587861345454E-04 7.89821038980521E-03
-8.33636067346234E-03 3.53517128992539E-03
-1.13515347331321E-03 -4.75295876540805E-04
-1.13171218299034E-03 -3.58017033869054E-03
9.62854881123934E-03 -5.68730028552972E-03
1.9589157981316E-03 6.87194260231951E-03
-4.68975161530444E-03 -6.31800147523202E-03
-2.32275141439796E-03 -5.73179351611858E-04
1.36810947233298E-03 2.95406276056042E-03
1.80060402070849E-04 -7.5035921924118E-05
5.21033869266388E-03 1.96953385925635E-03
-5.72639457394913E-03 -4.80525352638327E-03
4.99617126308518E-03 -5.0726339085755E-03
2.66408678579152E-03 -2.27736595856336E-03
5.73330355233587E-04 1.09788312057987E-03
-1.47098928643951E-03 6.00608138570684E-03
-4.01673688577705E-03 -4.48388858446079E-03
-1.16894589264207E-03 -2.10965828247131E-03
9.74827945471005E-04 -2.65616961427198E-03
1.19537210112008E-03 3.76510525098177E-03
-4.80414080419579E-03 3.45973094068867E-03
-6.12784799442238E-03 -2.44487325528694E-03
2.49887816277531E-03 1.53522293713497E-03
6.23289476155262E-04 -0.001559783181332
5.55650367218836E-06 0.003851580500341
-1.61385522483803E-03 -3.01602472808294E-03
-7.70122114165419E-05 -3.21550187686442E-03
3.73738709877889E-03 -3.66210859259013E-04
-2.43409460073522E-03 3.00726586339212E-03
-7.65011406451574E-05 2.95140296737988E-05
3.817111171262E-05 -3.20643746646193E-03
2.03548588330027E-03 -1.20126146834274E-03
-1.1805461060003E-03 1.28506603468992E-03
-2.22775593388856E-03 -1.33429189475523E-03
-3.20317056574943E-03 1.38776383936267E-03
-2.87710057763012E-03 -6.31677515084704E-04
1.18379031884427E-03 1.42541023872453E-03
1.96081466244831E-03 1.47149098072302E-03
-2.09221761263602E-03 -1.56347865633403E-03
3.61159741742993E-03 3.48959040959047E-03
-1.95804875094237E-03 2.45944327345446E-03
1.96344027764626E-03 -2.00004346396621E-03
1.97179265079998E-03 6.51113176105511E-04
-1.44337199060041E-03 -9.24596025666003E-04
2.44641211857649E-03 -2.21877583182611E-03
-1.39510693470612E-03 1.43105705470588E-03
-1.98266219803475E-03 2.17492003765637E-04
2.3105413353179E-03 2.99670550137102E-03
-3.19520423328381E-03 -5.16215702951988E-04
2.25877636963008E-03 -5.38544123011905E-03
2.71077496690188E-03 -2.93399120612352E-04
-1.83209619705162E-03 1.24921531415293E-03
-1.85549973021593E-03 -1.02555231904788E-03
8.11991855503661E-04 6.30852803242716E-04
2.32500343838063E-03 -5.10601457676369E-04
-1.21102305850836E-03 4.50353581575174E-04
3.20453731651758E-04 -2.29004352867448E-03
9.40026777755517E-04 -6.08662208085189E-05
8.68799344190131E-04 -1.72793036734257E-03
-4.93608629470126E-04 2.81434082853827E-03
-4.34119389735349E-04 5.95479319330512E-04
3.83114997397491E-04 -1.6883295980513E-03
1.25904420620521E-03 4.88836163695227E-04
-3.55081826811497E-03 4.45761940516871E-03
-4.71116249654838E-04 -1.36711023337116E-03
1.23781202026189E-03 1.24535447303394E-03
-1.67360847753397E-03 -4.39974256138798E-04
1.18077497759806E-03 -3.3075513275117E-04
7.26573760103241E-04 5.80239953319099E-04
8.55977095107093E-04 -2.36392545517384E-03
2.91191714176907E-03 1.82786055634475E-03
-1.78305002318234E-03 2.27215256082953E-03
-1.14985164460435E-03 -1.02796926347846E-03
-9.04180170868988E-05 -3.43890154621647E-04
3.71329006038639E-04 -4.32552779959877E-04
-6.25063115990985E-04 -6.83712435681464E-04
-5.6604814101579E-04 1.03768079532363E-03
-8.75548650018254E-04 2.39633027316698E-04
-1.5752230508476E-03 -2.45107011905502E-03
2.03105687072542E-03 6.45001305821464E-05
-1.23096829389584E-03 2.39100798832976E-03
-2.33126094096662E-03 -1.12990277396572E-03
2.49347383805593E-03 3.39746235891814E-04
-2.61095611068303E-03 7.59163593948463E-04
1.24381104963346E-04 -1.77521808348658E-03
1.94610826114221E-03 8.72219429243813E-04
-1.10437519453539E-03 1.3767650881816E-03
-1.6707585455057E-03 -9.4468505677073E-04
1.24639737499006E-03 -9.63752578379327E-04
1.03894875532847E-03 3.92973178260986E-04
-2.19863648096372E-03 1.73199356256479E-03
-3.0112582303235E-04 -3.76004021260613E-04
2.33327998656654E-03 2.23718724922015E-04
1.30737475493647E-03 2.32003665946421E-03
-4.90243097479667E-04 -9.59263635394908E-04
1.96373600096595E-04 -1.88736371164796E-04
4.59065157429242E-04 -3.57604531380698E-03
8.50383881993092E-04 1.17328533290801E-03
-1.95143957336352E-04 2.33464002274686E-03
-2.87741612311155E-04 9.80002535582188E-04
-7.8771989571602E-04 -2.00432465904222E-03
-6.90313066222274E-04 5.19128570509475E-04
6.8101394247029E-04 2.85804754837443E-03
-3.2761893299929E-03 -1.09886068233494E-03
1.92464786608558E-03 4.21007388895831E-04
1.27544710338586E-03 1.74308870829697E-03
-1.88719970630436E-03 -9.08877046827272E-04
3.05836947055463E-03 1.1916621875968E-03
-1.74930761369284E-03 1.22246398500816E-03
2.37550692586808E-03 -4.02727113808508E-03
5.8178596292456E-04 1.83763406187838E-03
-1.46987558203893E-03 1.17012248073231E-03
-8.83273487379117E-04 -1.97574231354896E-03
6.42982883563956E-04 6.33363189743293E-05
9.32302917899883E-04 -2.05086562934264E-03
-2.15288851318183E-04 1.06660971570214E-03
3.6907203436208E-04 2.21652529378943E-05
-1.82151397645822E-03 2.9734950252792E-03
-3.07409622857266E-03 -3.39901221110409E-03
1.76009341274642E-03 -7.74099881240614E-04
-9.54017286320313E-04 2.63088625880808E-03
