3.04414011916905E-05 -4.88474314791284E-05
-7.85723685781296E-06 2.22964827832616E-05
1.02238324235379E-06 1.57592426155841E-05
-5.32522137441694E-06 -1.49797409332936E-06
-7.09662413790744E-06 1.45873703338719E-06
-5.823164283515E-06 -4.25062330785148E-06
2.58020849792437E-06 -2.94334903817439E-06
-6.00554610188244E-06 -1.15669874469297E-05
1.37035142935127E-05 -2.4012652370746E-06
-6.41238280578134E-06 3.95434683307627E-05
4.6641572324555E-05 1.10808902088967E-05
-7.25019078795963E-06 -5.22755680043885E-05
-8.30449321147077E-05 4.25620345736668E-05
9.32160291033661E-05 1.53361989341639E-05
4.92267385183075E-06 1.02513028398714E-04
4.19682503615196E-04 -3.56990483271818E-04
-4.47688151656437E-04 -5.12482273979327E-04
6.52693824822755E-04 5.04701793826771E-04
1.45592848697511E-03 9.03902743339687E-04
2.08612105728411E-03 -2.28182694635293E-03
7.62118636430528E-04 6.29446462591999E-03
5.99872766184567E-03 3.42059096622954E-03
-2.9299607759409E-03 -1.77860927444255E-02
3.10673572218976E-03 1.17336859559312E-02
5.40239614708254E-03 5.26333189795938E-03
-0.00945002873486 3.93357666312978E-03
3.8555288046871E-03 -8.64154303560452E-03
6.97241408108899E-03 1.67244801562268E-03
-3.36361001279361E-03 -7.69146017356814E-03
4.76887433660912E-03 8.07240185216935E-03
-2.42398627997273E-03 2.40384045008698E-03
-5.66294392795927E-03 -8.4858520490712E-03
6.5605987968556E-03 1.61088333510876E-03
1.00600954992989E-02 5.02899490971873E-03
-3.87117833095294E-03 2.80330716664633E-03
-7.54858389238636E-03 -7.36941675509989E-03
1.99135829018675E-03 6.05774071600794E-03
1.7204300386211E-03 3.29243118296127E-03
2.7434566339518E-03 2.50299990828026E-04
5.97157305406988E-03 1.5941918598545E-03
-2.89744011870358E-03 -2.20628622504492E-03
-1.17362127421894E-04 -9.08295486105028E-03
7.43953984109175E-04 -9.5768056154511E-07
1.28415200610336E-04 3.64548862943081E-03
-9.74631475838864E-04 2.51012266740282E-03
-1.06806430297408E-03 2.76454096459242E-04
-0.005495912530239 -6.04492884252384E-03
5.51887421194663E-03 -1.02285040472155E-02
-1.05958191700066E-03 -1.76090886501797E-04
9.40155629321751E-04 2.42128750089414E-03
-2.64313506228706E-03 -4.06788661926214E-03
-7.4096317362252E-04 -7.20845164284671E-03
2.14934639285293E-03 -6.40860082340683E-03
5.38726686212963E-03 1.70751239960812E-03
-8.03075288545412E-04 1.57146926443292E-03
-1.06566539210768E-02 -4.45852950558746E-03
4.80310664048408E-04 -1.30683281351384E-03
-2.37018769460351E-03 8.21963592398894E-03
-8.63416276511556E-04 -3.68968940840529E-03
3.13863542200933E-03 -2.2051900671936E-03
-5.48565812710219E-03 -7.68284714339147E-03
4.79832101546816E-03 -3.61580909451245E-03
-1.94705869483866E-03 1.05736870529779E-02
-1.98337728633235E-03 1.37068625725785E-03
9.35288273366701E-03 -4.80956785211326E-03
4.3602322257505E-03 4.72489376959425E-03
4.68847028332801E-03 -2.39175877069019E-03
-6.06597230490827E-04 1.23225684495563E-03
-9.60493830008076E-03 -3.31912791199825E-03
3.87727900225654E-03 -2.97042285622997E-03
-2.81927611811809E-03 4.45385512485023E-03
5.76097507548577E-04 1.05918049393725E-03
8.01214163631678E-04 2.56469056952403E-03
-3.69880996534701E-03 -3.96276861992659E-03
2.74860312528551E-03 -1.14053766037054E-02
3.32807980177335E-03 7.76058112048891E-03
-5.09288845010418E-03 4.52851379907639E-03
-5.62782153998043E-04 -1.35747281035843E-03
3.28469390993028E-03 -1.65548673348169E-03
3.30606409591798E-03 -5.99477396346434E-03
1.86240526584591E-03 6.75525142272019E-03
-8.39310283470499E-03 2.03891609497884E-03
-5.55435710205399E-03 -1.81817263237488E-04
2.32015584638014E-03 -3.00157104846028E-03
5.47135403021216E-03 -3.02487991477717E-03
2.85611748906067E-04 4.82798002317044E-03
-5.16795300235926E-03 -5.65224530025488E-03
1.898973563805E-04 -8.69361965033837E-04
7.13415669696295E-04 3.13166890493921E-03
-2.9994612034729E-03 2.96655170466699E-03
2.66056905208492E-03 5.08703230082929E-04
-4.73365141249197E-03 -3.58354133928822E-03
1.41126614442322E-03 -3.49389680152054E-03
-2.36705554148943E-03 1.47141298183637E-03
-1.85444940430509E-03 8.58715281699091E-04
-1.5291674460622E-03 2.59580631881688E-03
-3.82546962736487E-03 -3.30287331996628E-04
1.70167557681282E-03 -4.11930767472794E-04
-1.43956913406824E-03 -1.41506716925497E-03
-1.17150412358144E-03 2.71166896987008E-03
-2.62193368965324E-03 7.53770900671704E-04
-2.5923885304467E-04 -2.8071831254207E-03
8.15862241594089E-03 4.0765981203125E-03
-3.2670726372997E-03 6.23042099681148E-04
2.95193541405131E-03 -3.3431670873705E-03
-4.13509804445466E-03 -2.16408083846554E-03
-1.68615648101899E-03 -3.62459363850723E-03
6.69486599122062E-03 1.44833500004348E-03
-4.67973333327004E-03 3.71632342506044E-03
-1.24997046992115E-03 -4.25076629712216E-03
5.05284434014846E-03 -2.15211664383408E-03
1.5916280953585E-03 3.53705624049545E-03
-3.73647705955213E-03 2.48742755886726E-03
-3.32281247125736E-03 -1.39427242842343E-03
3.69599763924812E-03 9.67526460577604E-04
-3.02316154517837E-03 1.80886406408742E-03
1.35890227698622E-03 1.07772618703056E-03
1.25755392510014E-03 1.86261640389036E-03
-5.24606029880269E-04 -3.53958391300267E-03
5.78679633707392E-03 -1.10881127095357E-03
-2.10494352776325E-03 2.26762631029919E-03
1.01654168326691E-03 -2.68683808751569E-03
-4.20755360390866E-04 3.58128965670366E-04
-3.75605117246795E-03 -1.02554237672062E-04
1.64600751351634E-03 -2.05195016093678E-03
1.88026129462945E-04 2.95231532906269E-04
-1.40964127661533E-03 -9.86695173016797E-04
4.7790756617823E-03 3.04934628162298E-03
-3.61272387246118E-03 2.76250389297796E-04
2.05866696816826E-03 -4.06694966355408E-03
-7.15376827622885E-04 -4.83923517923676E-04
-2.90328807284053E-04 -1.87137685548781E-03
-5.36089669908577E-05 -1.83622434673838E-03
1.11901564039956E-03 1.72891726401557E-03
-8.00786766965666E-04 8.33540091026117E-04
-7.59590216225229E-04 8.4395002786208E-04
-1.62334775850763E-03 -2.20385868749791E-03
1.23596524724639E-04 -3.61924889936017E-03
6.78245210774329E-04 1.43536276513841E-03
-9.09894951621877E-04 -3.84574633864863E-04
-6.68768494462868E-04 2.08171813510361E-03
3.31641719736387E-04 -6.55648399988109E-05
1.18519923856285E-03 -9.6033392184329E-04
-8.11690303307997E-04 2.35178496241917E-03
-6.75931625778077E-05 -1.55017436782177E-03
2.81058437136713E-03 1.12962080292506E-03
1.26783340847919E-03 6.30577414001145E-04
-2.23943697201058E-03 2.92137653182781E-03
-4.53267187234144E-04 -1.12779483260923E-03
1.33034748746162E-04 -5.23761436253954E-03
2.72119120017213E-03 2.40712010672738E-03
-3.84196896765816E-03 3.15132937215581E-03
9.02313147825842E-07 -2.06621700755117E-03
-1.69531257875392E-03 2.7111711811613E-03
-4.15999717175195E-04 -2.09466870022941E-03
2.70340720339915E-03 1.07480380821114E-03
-2.30555389991049E-03 4.37902963394796E-04
1.25903849870643E-03 -8.06560464687942E-04
2.63609568147588E-04 2.28443200511242E-03
2.22377283631449E-04 2.0948034037754E-03
7.52952242698877E-04 9.86775312790776E-04
3.42556298963972E-04 8.41357242923621E-04
-5.84385279880006E-04 1.43921239828809E-03
-5.07878908044797E-04 -1.66168935453977E-03
1.38257283748506E-03 4.20792334311773E-04
-1.1465112231845E-03 2.76014169511446E-03
8.25553871441774E-04 -1.19259316970892E-03
1.15988367649256E-03 -5.53753197078566E-05
-1.60976584385281E-03 -3.44181682376703E-04
-7.48796498935006E-04 -6.18532443563186E-04
-4.76613130066781E-04 -1.06148859026787E-03
3.03741069445185E-03 -4.86103330488616E-04
7.25208963002581E-05 5.46614305907066E-04
-9.46344431076183E-04 1.12585739239341E-03
5.43282210650729E-04 -2.37724086635903E-03
-1.61835171005528E-03 -1.00105283577832E-04
1.74231410474126E-03 -2.27949631417185E-03
1.21441384007731E-04 -2.39219196822705E-04
1.20134781622967E-04 2.41162039654356E-03
-1.63362607440308E-03 -2.26158862697795E-03
2.92523384190751E-03 -1.97973059651386E-03
3.95484594730664E-04 1.5441329911011E-03
1.42875150867498E-04 3.01241415709883E-03
-7.00140976818634E-04 -1.28678587041264E-03
2.27534595269314E-03 -3.1664854406693E-03
1.02200343868841E-03 1.76516652493092E-03
-3.04870854680131E-03 -2.59301066609036E-04
3.61862453509291E-04 1.06342854119484E-04
-4.98507641731872E-03 -1.10789560887069E-04
2.18200411487564E-03 -0.002336059396446
1.45669280287963E-04 1.26534555208144E-03
-5.23419548412114E-03 1.97681297134276E-04
3.29170085871053E-04 -1.40086567904592E-03
8.56255438918551E-04 4.36174070008496E-03
-9.86037771565296E-04 -1.9738571864825E-03
-1.07402157523435E-03 2.58247978338321E-04
5.36052100784986E-04 2.05546619261382E-03
-2.73051149529721E-03 9.78316912201586E-04
9.72089831335694E-04 -4.02383411574591E-04
7.81622267558677E-04 8.10376132776065E-04
-2.21113927051366E-03 3.5100206544081E-03
