3.37788795652476E-05 -4.89425286166034E-05
-9.50399132291568E-06 2.03382990685433E-05
-2.30861048772112E-06 1.95517409806198E-05
1.93288023063533E-06 1.16657314914482E-06
-1.25493028438692E-05 9.93668950166822E-07
-5.23221447431751E-06 -3.64746363669514E-06
3.27128076361851E-06 -3.91779724344732E-06
-6.81204672851624E-06 -7.52849979216938E-06
1.18353273503184E-05 -2.38958542586406E-06
-9.36890762030558E-06 4.12835027848654E-05
4.2192994965875E-05 7.4395658077543E-06
-1.31093476726232E-05 -5.2260327926456E-05
-7.44670158965671E-05 4.24755933450992E-05
9.57089080303927E-05 3.98130914348041E-05
3.48077715753234E-05 5.69148264535809E-05
3.36822569340829E-04 -2.9442125083096E-04
-4.31978081567409E-04 -6.99615823157643E-04
9.18889403086917E-04 5.4657021124477E-04
-7.42123359103504E-05 4.78728269508545E-04
2.32562889210987E-03 -1.9247761651124E-03
-2.67173510376032E-04 7.88655514694429E-03
1.81183020807271E-03 -7.65703950326683E-05
1.65860482013708E-03 -1.26066365247448E-02
5.50743686268895E-03 2.25461291639052E-03
3.98099402971436E-03 1.32637250102399E-02
-1.06008279240873E-02 2.09085171262661E-03
1.04379360275605E-02 -5.66131896703487E-03
-4.65504374691441E-03 -1.05440314166967E-03
5.95450452302705E-04 3.62103410709184E-03
2.1613375086504E-03 -3.0823490196044E-03
-3.69038100430505E-03 9.01346962477563E-03
-6.4026781909079E-03 -1.31253666110075E-02
8.83522301445635E-03 2.47009505632047E-03
8.79946482473049E-03 8.02338590848553E-03
-5.42841935230686E-03 -2.66316218381096E-03
-5.51426098297344E-04 -2.86423819997321E-03
-4.62951987118063E-03 3.89482299042259E-03
3.29882235613689E-03 5.11661703056711E-03
5.98375580105649E-03 -1.76766403720224E-03
3.07884001043693E-03 2.85275160099728E-03
-2.75542898892657E-03 -2.6789598435468E-03
-3.27745992289328E-04 -1.31386834698895E-02
3.29406472311573E-03 3.63949505398451E-04
-8.71087595899638E-04 4.44823334956161E-03
5.53984845038523E-03 2.61964793931719E-03
-7.60320361759047E-03 -1.05830249152926E-03
-5.05458960710754E-03 -2.62321155223526E-03
3.56756869454435E-03 -9.91328482679598E-03
-3.4103427205059E-03 -1.66592413602849E-03
9.70261606710014E-04 2.63170179445871E-03
-7.07016390886601E-04 -2.83233696032614E-03
3.64021020640685E-03 -7.25981618200507E-03
5.0299662394923E-03 -1.81811465310987E-03
6.77134742826014E-03 2.81756281970196E-03
3.5900038250175E-03 -2.25145405231851E-03
-6.29222530377213E-03 -6.90648643130456E-03
3.47554904346892E-04 4.97954045279964E-04
9.38613552174473E-04 1.03967253536856E-02
1.45895748474376E-03 5.28845891796016E-04
3.2120390270559E-04 -3.22999739905717E-03
-4.3482221773524E-03 -8.29738199645833E-03
5.32836408638436E-03 -1.86951910994578E-03
-6.67829351878275E-03 1.53783084048474E-02
-3.92169808999556E-03 -9.11232790957437E-04
1.00249512912235E-02 -3.68709356308141E-03
1.94977474822714E-03 4.21756606873712E-03
1.41346723364248E-03 -2.78187395050548E-04
-1.60096836440664E-03 2.42592181198409E-03
-0.010913463445897 -3.85211246115956E-03
4.49755040827448E-03 -3.23363245997468E-03
8.53235313856622E-04 8.48541176511069E-03
-1.35874328295475E-03 6.9778861487868E-05
-2.33633019547096E-03 1.6011367247364E-03
-2.58350190519567E-03 -4.3542848021352E-03
4.51605517926088E-03 -1.30839320556251E-02
5.19533749754862E-03 6.95373966102252E-03
-5.66857465687087E-03 5.14579986301275E-03
4.95095218295073E-04 -3.14514806831112E-03
2.81011843036777E-03 -3.51979773526644E-03
2.7817291935258E-03 -2.46324664738732E-03
1.62072247622251E-03 3.44370877853121E-03
-4.01834851781705E-03 -7.37205328251825E-04
-4.2865775261389E-03 -1.5596996369608E-04
2.76280713297169E-03 -1.63130058057907E-03
6.40066063780268E-04 2.04615794657378E-03
-1.51602165415136E-03 1.98352399541229E-05
-7.78041309889282E-03 -0.006039340441273
5.37171401237832E-03 -2.06989662866439E-03
5.32267953502644E-05 2.87721730909296E-03
-3.85564117531989E-03 3.77711903503179E-03
-1.38977003846213E-03 -1.74137984308905E-03
-1.67567197410787E-03 -2.96005300424074E-03
2.87755246462185E-03 -2.24159585451028E-03
-4.88339889661753E-03 2.40276782867559E-03
-4.55699322716717E-03 5.17372512378388E-04
2.46151845540873E-03 -1.66220325738107E-03
4.46509609920417E-04 2.53168063732028E-03
4.57100155758502E-03 2.43665773575659E-03
-1.29014389996264E-03 4.39066277506478E-03
-2.17998785372576E-03 7.6172752637142E-04
-0.001688352700592 -2.8841249937968E-04
1.83061349481091E-03 -7.14161383022089E-04
6.73695745450936E-03 8.3782833199101E-04
-5.73509956775493E-03 0.004210718000752
-1.76033957180825E-03 -6.22244730286134E-03
-3.61035210494504E-04 8.51274843972967E-04
-2.60856447882003E-03 -8.94895101373436E-04
8.31960387419346E-04 2.87129147658907E-03
-4.71312626985908E-03 3.41109432853017E-03
-1.11419292651059E-03 -5.31194215746809E-03
5.1527194333801E-03 -1.64403725348137E-03
1.19920675092239E-03 9.39812148482243E-04
-1.77721227607907E-03 2.14112352823467E-03
-4.04823028513984E-03 -3.72215023830596E-04
3.92266496943847E-03 -1.68657462691503E-03
1.26605552255885E-03 3.23848767560419E-03
2.63988289679642E-03 6.65393770293247E-05
2.14009896493556E-03 -1.6725392869812E-03
-1.51930930101828E-04 -2.02773224870551E-03
3.00375443935192E-03 -1.50087303829415E-03
-2.82934671786426E-04 -9.21789185184068E-04
-9.60562807437476E-04 -4.49159123032724E-04
1.76413598591827E-03 -1.16716216189965E-03
-4.83454783535372E-04 -2.78505452802974E-03
2.18568222363096E-03 1.40979708447697E-03
-4.78939131472634E-03 2.47032040701831E-03
8.76887961115496E-04 -4.27134709735261E-03
4.29525226012618E-03 2.82343891099391E-03
-3.22678783619143E-03 3.18986017966303E-05
1.48930433346601E-03 -2.57965557185012E-03
-1.54153868784178E-03 1.49516824437564E-03
-4.72511436960468E-03 -2.11082199856488E-03
8.63947949958641E-04 8.47976028605528E-05
1.43295729236154E-03 3.89746899370416E-03
7.35708952584637E-05 2.03772210672522E-04
1.35038396022371E-03 1.90815147829326E-03
-1.55047267133013E-03 9.96231144389024E-04
3.00123325248566E-04 -3.86718382567251E-03
1.10996532775734E-03 3.59300627955453E-03
-8.30965856299438E-04 1.68235521708575E-03
8.27909947008668E-04 1.35507934136743E-04
2.4853403278764E-03 -3.53621523109543E-04
6.70096249918582E-05 1.59349862071693E-03
2.40793888195442E-04 -1.44392132055727E-03
9.89976291651716E-04 -1.73527601709957E-03
1.04350628020325E-03 -1.01782097966609E-04
3.67043644642908E-04 5.37657602156287E-04
3.86793281226865E-05 -3.07301533658088E-04
-7.80369346371423E-04 -2.27435378341333E-03
6.20390965895363E-04 -1.33567706999783E-03
1.60054236063782E-03 2.82627254068177E-03
-1.3533080333672E-03 -9.69370839263777E-04
1.88629167929793E-03 -1.53822876844807E-03
6.52682104433563E-04 3.12408722496468E-03
-1.78988946772684E-03 -4.71718708006166E-04
1.65788011986408E-03 2.37588993014967E-04
-1.41775069262658E-03 -1.17406555848776E-04
3.12101040917944E-03 -5.61564137750196E-04
1.98686093831502E-03 8.60715750575255E-04
1.01908881188121E-03 1.79962581689481E-03
2.49303074501235E-04 -2.77363225789452E-04
4.38755951407652E-04 -1.16105258463599E-05
1.46733974710881E-03 -1.0351763494657E-03
-7.98178020247256E-06 1.44478336921971E-04
-6.55487060090132E-04 -3.63384853161653E-03
1.66259931618474E-03 -2.44766173491641E-03
1.12234131563337E-03 3.99650266767555E-04
-1.02317961049232E-03 1.86077980487374E-03
-9.05391126520281E-04 -2.85792569413029E-04
-1.20210991689596E-03 1.39971040190883E-04
-6.65325679120134E-04 -2.35285557630354E-03
2.30291676131163E-03 7.61982860820071E-04
-7.29452151331708E-04 1.00574424916187E-04
-1.9024108008148E-03 -9.14614830911125E-05
-5.75645903071776E-05 1.77064575859433E-03
-1.3360519745858E-03 -1.77611018485282E-03
1.78432157844613E-03 1.30443711575315E-03
-2.65995012622559E-03 7.71706201781174E-04
-1.19826500280972E-03 2.11739804924818E-03
-1.35049682519372E-03 -2.35282489591058E-03
2.03932189793253E-03 -1.49310231204374E-04
-1.622193114972E-04 2.61687969391766E-03
-1.27259310348743E-03 4.84329901987963E-04
1.34560689005158E-03 -4.15303755152815E-03
1.37273854439347E-03 1.8251079695921E-04
-1.22497932932301E-03 2.89850192271675E-03
-1.91673379800071E-03 -9.99591640636957E-04
-1.10255418543241E-04 -7.51975815605949E-04
-6.21031535375905E-04 -2.14994004139003E-04
2.45869621744081E-03 2.26890887672371E-03
-5.60534195362595E-04 1.46579879015285E-03
-2.81981981829145E-03 -6.70278225686386E-04
2.00146041519943E-03 7.35462658787152E-04
2.93568034004732E-04 2.12237759652192E-03
2.59897656546252E-03 1.30498553519273E-03
-2.31054858440488E-03 1.82136203213374E-03
-3.48308095641978E-04 -2.92846006250324E-03
3.5430606136888E-03 -1.06793633534122E-03
1.91314929686255E-03 3.28368755402145E-03
1.79699098710806E-03 1.8327227674477E-04
-3.79141874643628E-04 5.15437718724457E-04
