3.38894988423775E-05 -4.8684991159108E-05
-6.12687233404065E-06 1.94623688715903E-05
-1.79777870550552E-06 1.87629796312478E-05
1.90100702986249E-06 1.10245424077576E-06
-6.98356373850639E-06 2.36296891384836E-06
-9.3203592013891E-06 -6.46694905686021E-06
7.86578485847148E-06 -1.46867805953977E-06
1.98452049418468E-06 -0.000014894912915
5.94754765732426E-06 -4.02623089447458E-06
-2.07081141711196E-06 3.90049890178192E-05
5.12902371125918E-05 8.79476089175438E-06
-2.42347893135453E-05 -6.11417247879852E-05
-4.78868485218378E-05 1.95391773942284E-05
4.87336260401063E-05 -3.73269881115809E-05
1.21342405905548E-04 1.18807619392649E-05
-2.18580246705944E-05 -2.58643533644465E-04
-4.19226287278069E-04 -2.94799931545728E-04
7.65218858901581E-04 -1.48158276877855E-03
-1.17551034643397E-03 2.36147680000448E-03
3.99779907239011E-03 -4.08301689441774E-04
-6.15198481138381E-03 7.09458585610696E-03
-2.25871551287875E-03 2.47584110135268E-03
3.51040099696519E-04 -2.89469126374936E-03
-6.28639307198335E-03 -7.77494135188892E-03
8.42651955381261E-03 1.16615924328144E-02
-1.24760375043967E-03 6.27655491808242E-03
1.17535195026732E-02 -5.97741861351964E-03
-9.86294862838948E-03 1.19396763055988E-03
1.44497611706606E-03 -2.01018351758966E-02
6.26204396038704E-03 9.5793030340176E-03
-7.15987309740206E-04 6.23770839750978E-03
-3.97362768653588E-03 -3.15072483843105E-03
-8.80388890761549E-04 2.41062174004578E-03
3.20534194894569E-03 3.79688651238402E-03
-6.42805294556876E-03 3.18519214767939E-03
6.27641371015118E-03 -1.56374879575018E-02
-8.888824505809E-04 3.09818981808286E-03
1.50994698647285E-03 1.15867459326292E-02
-1.01703111047706E-02 2.50774249331297E-03
8.22706156169859E-03 -1.03986596632212E-02
-3.5282023054145E-03 -4.95139545338017E-03
3.32835477453455E-03 -1.96190913030958E-03
-7.54240292551954E-03 -3.50205647263155E-03
1.79107715034747E-03 7.86464430278853E-03
4.14263752010971E-05 1.53064708906605E-03
7.50757660203435E-03 -1.35891637030595E-03
-1.6107407543863E-03 1.98246583263731E-03
-1.58431121697201E-03 -2.93795129767516E-03
-5.14891862464313E-03 -7.42189913164678E-03
3.51849178243588E-03 3.23899891911566E-03
-7.10086896276904E-03 -2.87455003265489E-03
5.24666038521943E-03 2.05956748339524E-03
7.01874623310729E-03 1.70469550690789E-03
-2.95737940384248E-03 6.70682991642878E-03
7.93224604121019E-04 -7.59145853992459E-03
-8.31374517636855E-03 -4.48933553248573E-03
-4.33670043958045E-03 5.74745523587131E-04
-5.62452594251751E-04 4.99167969061799E-03
4.15561877785493E-03 7.30062789524559E-03
3.83722618426072E-03 -1.20082573018947E-02
-3.41398269211565E-04 -8.80213312819903E-04
-9.93221298507511E-03 -5.99688613035712E-03
5.19631525676029E-04 6.48942654505245E-03
-8.3139605502477E-03 3.53143179557109E-03
5.41515762874577E-03 -5.03164994389609E-03
7.28750964405362E-03 -5.8742609513591E-04
-4.33726968868789E-03 -1.30387440169936E-03
2.91480343967359E-03 -1.61693728711823E-03
-0.011411631513235 6.31888068052626E-03
8.01320180331043E-04 -8.65069971879316E-03
4.25541742193699E-03 1.17752912010304E-02
-7.47738049710878E-03 1.36096384910571E-03
4.25331976025702E-03 -5.47999839069979E-03
6.10840267284683E-03 2.20200484354397E-03
-5.90820789261369E-03 -7.58472492167146E-03
3.82285371266216E-03 4.42862213825839E-05
-2.92086959769409E-03 6.63023978819061E-04
1.11487320464961E-03 4.6055279492842E-03
-2.96320308853006E-03 -2.52295402257081E-03
2.77995499580461E-03 -8.49098204000501E-03
5.35235629188104E-03 -1.48535604019734E-03
-1.03098623964611E-03 4.92816087280614E-03
-1.06482756448134E-03 3.65466645865155E-03
-2.75657414356363E-03 -6.53556462536793E-03
7.75859248801995E-03 5.76574751776108E-04
-3.04138496808048E-03 3.49883064060061E-03
9.87874893079717E-04 1.53445832770117E-03
-3.30459776421071E-03 1.50767036793466E-03
-1.8413999056754E-03 -3.50479506518561E-03
6.56509315107395E-03 -2.79397043555065E-03
-1.11225211371593E-03 6.30920675230783E-03
-3.50202894716183E-03 -3.41351727451557E-03
4.26071266432244E-03 -1.81679175149394E-03
-2.39362557409313E-03 -5.14564242271897E-04
1.31464206671154E-03 2.24974752052994E-03
-5.49370154652924E-04 -1.50480885894893E-03
-1.26555548385333E-03 1.68922792456707E-03
1.99911670898689E-03 -2.84069513030823E-03
-2.79887541546321E-03 2.06609530107765E-03
3.25325936576541E-04 -1.45046802908836E-03
7.34082764086235E-04 -1.04653022976448E-03
3.35056168417346E-03 6.38853962975773E-03
-4.14019555932082E-03 -3.45794909266789E-03
2.73756881348444E-03 -2.49018150729137E-03
1.33361553555461E-03 -1.76553943007131E-03
1.10500732140484E-03 -4.72962536926766E-05
-5.31732609531609E-03 6.13906864805258E-03
-5.19188537352755E-04 -1.09945525313889E-02
3.94814423575054E-03 3.20597336942332E-03
-3.42221367114639E-03 -1.69732735971046E-04
4.11307518947256E-03 -3.14207872083467E-03
-1.50768811229363E-03 5.52265712210163E-03
-2.30780675720787E-03 -5.41810281147773E-03
3.46521145801851E-03 6.40715651621423E-03
-2.99228059447528E-03 -3.20293826147981E-04
-5.58724425063294E-04 -3.13300577571376E-04
-2.22214641901249E-04 2.1952111452577E-03
1.14497368120373E-03 -7.48241579421855E-03
2.93664272772543E-03 4.41366501892476E-03
-2.21701722289151E-03 4.25586137318408E-04
1.29037486026168E-03 8.62096708135237E-04
-1.15593184614509E-03 3.6930852604589E-03
9.60138943577076E-04 -3.69693154931481E-03
1.49017844086782E-03 5.01381961248867E-03
-2.61563947575897E-03 -7.27589013635882E-04
-1.65129933814151E-04 -7.00256361325155E-06
-3.93948929241756E-04 2.10109894479262E-03
-1.11461718611267E-04 -3.53224064667023E-03
1.22741395452639E-03 3.16967063645566E-03
2.83127119252431E-03 -3.02073072279424E-03
-1.45734125259018E-03 7.79046054378808E-04
-6.49982505688657E-04 -2.50250316599119E-03
1.66934405361248E-03 -1.56900796994169E-03
-6.27621963748687E-04 5.66644241104469E-03
-1.90239370344139E-03 -5.30685989668521E-04
5.95595407325048E-04 -3.57646209958364E-06
3.39022097090543E-03 -5.19392152478072E-04
-3.83571634328472E-03 3.28864205771232E-04
-8.29276127727767E-04 1.03289336591493E-03
2.87658332701967E-03 -2.61289620922555E-03
9.98103986438399E-04 5.21444938551665E-04
1.18519152148679E-03 3.40800465872097E-04
-1.25704619730704E-03 -2.72366751534851E-03
3.2868482116591E-04 -4.38998530058028E-04
-1.84277855384867E-04 2.13137918361887E-03
-1.16866504999472E-03 -7.47308680074796E-04
9.21960168583457E-04 1.94003204652217E-03
-1.91234876008008E-04 -1.77843201572781E-03
4.08856337945328E-03 -7.15223193508739E-04
-6.24907131656129E-04 2.34168415693767E-03
-2.36984728318149E-03 -2.89797316248514E-03
4.00379478477007E-03 4.52408541127285E-04
-2.23178466509971E-03 -6.72983218229933E-04
6.02246517441521E-04 -6.65182709746275E-05
2.23930921099173E-04 -1.47153663168271E-03
6.02244185879362E-04 1.72426371224107E-04
2.63189701240554E-03 3.47477484208239E-03
-4.30188601180355E-03 -4.75652611091488E-03
2.76474074580609E-03 -2.08014916227925E-04
-9.07498138535602E-05 2.70115651467354E-04
2.81922200172134E-03 -2.39364694401646E-03
-8.25036226200393E-04 2.85987743109095E-03
-3.78021125552762E-03 -5.67754342789504E-03
4.13270034249286E-03 -5.79593711507277E-04
-2.7321385865362E-03 4.66387074184084E-04
-2.39408315550946E-04 -2.92743412940595E-03
6.47597808629151E-04 3.94639020636543E-03
-3.91190614911117E-03 -4.0163691187691E-03
4.81131578817825E-03 5.57810663841487E-04
-2.69262241863138E-03 1.55911200054365E-03
-9.5914560692931E-04 -3.10708961652419E-03
5.26432894567181E-04 2.85099650179446E-03
-6.79260115665615E-04 -1.72435647237091E-03
2.20015542964345E-03 -7.31102479229489E-04
-1.03368114923471E-03 4.79461747957656E-04
-2.14475196792723E-04 4.5702250018432E-04
-7.30595400201165E-04 1.70814595497923E-03
-1.63589077733809E-03 1.8512201224247E-04
3.88555382887981E-04 8.34002602599091E-04
-3.02056396413952E-05 -7.12377671216382E-04
-7.52634898106266E-04 2.47520307212747E-04
-6.32064364378071E-04 -1.36752613626962E-03
1.6703337822152E-03 -2.02805328571197E-03
1.44978101060652E-03 1.91207208195705E-03
-2.39420611355898E-03 1.53013005321402E-03
-1.45579713934961E-03 -3.01681612334514E-03
3.0629830786395E-03 5.0185337987889E-04
-1.80579472641427E-03 6.4327160978859E-04
8.06421917762333E-04 6.70655720403884E-05
3.72738778256575E-04 3.38083892233673E-03
-3.80846124755158E-03 -2.8481013844677E-03
4.2558890269194E-03 5.86544191613747E-06
-1.23861557015804E-03 4.30326927328809E-03
-2.81244353471845E-03 6.69608837056986E-04
2.22411678084995E-03 2.04238818166557E-04
-8.92823815271914E-04 -1.93013152124645E-03
1.56995518676301E-03 2.46601897015144E-04
-5.93143340127251E-04 8.7772264298897E-04
1.18331810849391E-03 1.71589895435688E-03
-1.25320036553045E-03 2.19637877726425E-03
-2.07163251172169E-03 -1.99074359652093E-03
