3.13436139165166E-05 -4.88611538037116E-05
-5.28528063617012E-06 2.09869905374645E-05
2.22331508575593E-06 1.64761949809291E-05
-6.1114601502178E-07 -8.07149191668885E-08
-8.75368725849245E-06 2.303592329939E-06
-4.38406554697093E-06 -3.32799573072145E-07
6.89347460609192E-06 -1.27188882557166E-06
1.0913279544776E-06 -1.46520470647244E-05
5.95607034395771E-06 -4.41951547284179E-06
-6.11889944853622E-08 4.35033534397592E-05
5.21465858472531E-05 1.47665422187293E-05
-2.74254601939947E-05 -6.19305850494326E-05
-3.6897229457528E-05 2.94561531404746E-05
4.88168634494194E-05 -1.92731618497376E-05
1.45665477722365E-04 7.57243784428237E-05
-3.57464342503842E-05 -3.1462487368063E-04
-2.90842490158422E-04 -3.7078991942479E-04
5.10688784458093E-04 -1.25437629601249E-03
-1.48403233449119E-04 2.10961916198536E-03
1.70018231798708E-03 -2.81044072813499E-04
-8.09441113430195E-03 0.005925903870061
-4.04881519666889E-04 1.03389337708912E-03
6.10878653068025E-05 -1.02941812471224E-02
-4.09742190448452E-03 -8.22507456950908E-03
8.47563846803489E-03 1.75362404951676E-02
-9.59484444805333E-04 8.24695419901221E-04
8.09554360212925E-03 -2.16742827897921E-03
-1.58312390266734E-02 -1.52855811805432E-03
1.04014507147378E-02 -0.016723622098209
8.60740343436418E-03 5.69195990749885E-03
2.25206275638004E-03 3.37639999900285E-03
-6.26355429604953E-03 -1.3034627101149E-03
2.50210585165115E-03 9.27108987414041E-03
-4.41210180756343E-03 1.42201427860811E-03
-4.12559141306063E-07 -6.02886675419512E-03
-2.97400553079691E-03 -8.36335233422372E-03
7.36144355019326E-04 2.59806645907097E-03
-3.44292097788984E-04 5.52360067269609E-03
-1.96986592556278E-03 -2.24043543056591E-03
5.12119603436032E-03 -4.29578297302186E-03
-4.01691119553119E-03 -5.76886538258484E-03
4.29416493849405E-03 -4.39221461082986E-03
-1.12035773604186E-02 -5.25314900537136E-03
2.45272372047706E-03 8.37065912906023E-03
3.90002400780896E-03 2.82990289060323E-03
8.73790355819816E-03 3.23980861667888E-03
-4.94451490955585E-03 5.17733383192886E-05
1.71774451670345E-03 6.88384859917976E-04
-2.31019248268734E-03 -9.68787545253551E-03
5.29928164322911E-03 6.83279418825092E-03
-8.4590672239734E-03 -3.67384825090915E-03
6.87775991812237E-03 4.11142149535602E-03
3.38568723252979E-03 5.4310429908833E-03
-4.42040956548427E-03 2.74341752414909E-04
6.60382983530364E-03 -1.00686959553229E-02
-2.80098644870401E-03 -2.44197354887456E-06
-4.50290482153422E-03 -1.41121425793876E-03
-1.239131730539E-04 9.81299711525523E-03
4.24851287429644E-03 5.65810498409442E-03
2.59066817337311E-03 -1.35855393263971E-02
5.03312087727262E-03 -2.65089531892477E-03
-1.21087152733998E-02 -4.90356025303371E-05
-4.38980571466156E-03 1.85678539591927E-03
-5.12096783313648E-03 -2.62356141461143E-04
9.40612639001735E-03 -2.22308261841239E-03
3.83648146194787E-03 3.6428949403162E-03
-5.60320931052298E-03 7.86829927371994E-04
6.42760917093004E-04 -6.22890809362644E-03
-3.22541807728842E-03 2.12994393838641E-03
2.60407075791391E-04 -3.94203352965782E-03
2.35167477696026E-05 1.01266625875404E-02
-7.53641863080304E-03 6.01298101237569E-04
5.87100443903252E-04 -9.91660993581907E-03
8.34857369771699E-03 1.66441341534831E-03
-4.42885547627423E-03 -2.49568545463194E-03
-2.27642719790315E-03 3.58704115462073E-03
-2.04627301350226E-03 9.06205078010687E-04
1.24960779230268E-03 4.26101606144519E-03
-2.00175909264641E-03 -3.54011172430858E-03
6.07835125220807E-03 -2.21292788262902E-03
1.08299039517565E-03 8.04127856617433E-04
-3.15155586261854E-03 1.49621075146876E-03
2.63422408170184E-03 -1.08761531301922E-03
-4.7199510731763E-05 1.74201465284689E-03
8.30033292107802E-03 1.99593863653871E-04
-4.5551094549215E-03 5.12078889663293E-03
-1.45656393071943E-03 -8.3123097131529E-04
2.3084353506278E-04 2.04363569329164E-03
-3.20914935978089E-03 -1.12200436786528E-03
5.25274516964823E-03 -3.41755534684628E-03
-3.20024261460725E-03 8.20970910142224E-03
-7.26470630797969E-03 -6.68518962234161E-03
1.01691101516173E-02 -1.43805339796812E-03
-3.31067272825372E-03 2.28438538551595E-03
-3.58831341279382E-04 1.25626751559937E-03
-1.05756348081391E-03 2.05970568685828E-03
-3.44154523491721E-03 -9.41214840298261E-04
4.31307145703128E-03 -4.87094549657127E-03
-2.23458148288137E-03 7.34591422471935E-03
-4.22642627545795E-03 -1.14840363231902E-03
-2.99903525668033E-03 -1.82868494102094E-03
4.3323083855634E-03 2.84849773235266E-03
-1.63817856313051E-03 -1.81231439601053E-03
0.001897371758688 -9.36262278135462E-04
-2.78623814746894E-03 -1.47937577406651E-03
-1.64399769219415E-03 -2.21521698925731E-03
-0.002751293666965 -4.48183960818949E-04
9.56383610525513E-04 -3.45554909018505E-03
4.33155646967839E-03 3.28208515595368E-03
-3.04026172592662E-03 7.81330620613598E-04
-1.20988919895974E-03 -4.44367038083419E-03
4.41756953527671E-03 2.71615275314217E-03
-2.05869244151794E-03 -1.50873187363729E-03
9.18755825068145E-04 3.96254311799427E-03
-2.12787951948041E-03 1.35695764407729E-03
-1.38394847046782E-03 -6.56904117133897E-03
4.32957001732392E-03 1.12143956638161E-03
-2.50327621129526E-03 -2.62736760518572E-03
4.62643008713053E-03 -5.47463255401922E-04
-2.63534406416775E-03 -2.13047629201042E-03
2.0801799050791E-03 -2.61009017718618E-03
-8.73151829194724E-04 3.22336707652436E-03
-1.56064485495203E-03 -3.14864784283832E-03
2.18415473414145E-03 2.28865644474497E-03
-5.29459776600878E-03 -2.22697146423199E-03
2.12300023979673E-03 -1.44471085278019E-03
-3.37761429547097E-03 4.96958954101588E-03
-2.16097746124949E-03 -1.6114139298223E-03
3.93615194733094E-03 2.04579323511183E-03
-2.51598456451221E-03 -2.63139749963519E-03
6.58531065084818E-04 -2.30931356086302E-03
6.27984283838097E-05 3.79028136795113E-04
2.46118674703946E-04 -1.24074191709074E-03
2.13172399672137E-03 4.31705289470501E-03
-9.07705490682018E-04 -1.53495064794084E-03
3.03631291946381E-03 -6.17657084779467E-04
-0.001645582642834 1.38019263203328E-03
-9.38715222199659E-04 -2.51555252575529E-03
-4.28002937303338E-05 1.28353530234171E-03
-2.80556512926756E-03 -3.01009580810612E-03
6.29198559135363E-03 2.53442953221704E-03
-3.98760522048498E-03 2.45638864697936E-03
1.55825041708354E-04 -3.16390974037235E-03
2.56209040637977E-03 9.62012196590479E-04
-1.36760516401767E-03 -1.01744013935701E-03
-1.06495570401752E-04 2.72141468075431E-03
-1.03127595830154E-03 8.57726970911211E-05
1.01541028211854E-03 -1.22797879398999E-03
3.19093722351668E-03 -1.32850243405477E-03
-6.89364811062121E-04 3.05027457765789E-03
-2.67941822169386E-03 -2.32327983539165E-03
-1.69824969723333E-03 -5.15502497681131E-04
2.04978596754867E-03 7.42679819329494E-04
1.5682926051502E-04 -2.06781892575905E-03
-1.07889366038358E-03 -9.41110096041717E-04
1.89980503250824E-03 1.23046662862569E-03
6.8318904400819E-04 -1.84753901081846E-03
-1.60773105244235E-03 -3.84293314265929E-04
1.96367522569737E-03 -1.91829185429591E-03
-2.43528774942842E-03 2.88400991954494E-03
-1.82136608923674E-03 -1.99502628962983E-03
2.36840620068412E-03 1.66711406017271E-03
-2.80814015150874E-03 4.98322642046812E-04
8.39712446280754E-04 -1.56496888695096E-03
-2.9647041173417E-03 4.6216240213765E-03
-6.11172369697502E-04 -3.59534878630976E-03
2.83565865783568E-03 4.76311144561942E-06
-8.48799891673198E-04 2.30158121978259E-04
2.42970058977325E-03 2.05434381798429E-03
-4.80089491861787E-03 1.96082347227219E-03
-9.42779438969255E-07 -7.23778362572368E-03
4.37855357908641E-03 4.71998103082871E-03
-3.88297426145001E-03 -3.37011801396381E-05
1.78931725955947E-03 -1.39313440397069E-03
-1.16619577410268E-03 1.05391160422393E-03
4.17212541947133E-05 -2.27590657992653E-03
6.4113691446699E-04 3.7511175086543E-03
-1.89113557368528E-03 6.31165308324485E-04
3.88419276929379E-03 2.02958891620347E-03
-2.85218932394812E-03 1.20019184747788E-03
4.7954502426479E-04 -3.33259236538594E-03
7.7294336249388E-04 2.57856732341447E-03
-7.56558360231695E-04 -5.32378416727659E-04
3.42410747777399E-03 1.5586055831447E-03
-1.95309605343148E-03 7.94751693622403E-04
1.38326189441325E-03 -1.85564370616673E-03
1.16316323926481E-03 9.66098072370331E-04
2.86107214080438E-04 -1.46173708490038E-03
8.57867515412834E-04 2.11184320857152E-03
-1.43386485257843E-03 -4.35257562736401E-03
4.73885591008899E-03 -7.3297839654416E-04
-9.12385732682914E-04 2.49077852267902E-03
-3.98713341676373E-03 -6.35889787924618E-04
3.02577378167741E-03 2.08163542895956E-04
5.86608037943122E-04 -8.15152589186425E-04
-6.59338198851035E-04 1.51508074862159E-03
3.11949069385161E-04 -1.93418616812423E-03
1.23971883915497E-04 2.41732905132187E-04
-6.48164156443474E-04 1.58585547364721E-03
1.83529012581349E-03 -1.71464005700165E-03
1.68473382407546E-03 2.07156120010172E-03
