3.11336228882623E-05 -4.62121580525261E-05
-6.50173330988556E-06 1.75106048099136E-05
-1.25111207765785E-06 1.36381368700322E-05
4.56266189716535E-06 1.12436500118014E-06
-7.88388843992082E-06 -2.96975196228757E-06
-3.6609655537754E-06 -9.13926035608895E-06
5.41068636092369E-07 -2.74417782913166E-06
-4.03335508460695E-06 -8.75378637460463E-06
1.21459190183431E-05 -2.49074469882475E-06
-3.09082555007119E-06 3.78160029939969E-05
4.83392089713279E-05 1.87070962541401E-05
-1.41898583520703E-05 -6.04717817944457E-05
-7.29441115899214E-05 5.13725227421904E-05
7.00549064264219E-05 -9.10406286667399E-06
1.44170178423034E-04 1.39480979234169E-04
7.77561412408198E-05 -8.5373365109088E-05
-6.07664948593888E-06 -4.29148636667755E-04
3.56992981154426E-05 -3.72233309863973E-04
1.55866703777636E-04 1.63498270852548E-03
2.39448915692053E-03 4.42662823350754E-04
-2.41605598772165E-03 2.83695740677648E-03
4.61262844382515E-03 -2.75418331412245E-03
7.53789029309583E-03 -7.73757720501099E-04
4.30089343721699E-03 -1.31700408478267E-03
1.18657702650624E-03 1.03527924775174E-02
6.63722500877731E-03 -3.60609551818807E-03
-1.38853983068597E-02 -8.13325658542293E-03
8.11674214689193E-03 -1.50532245122853E-03
-1.79064203401559E-03 7.13602633027948E-04
2.37504273838569E-03 7.13235941040394E-03
-1.05675734319973E-02 6.17625435249542E-04
2.4752314409136E-03 -5.90951866671277E-03
1.38519986013075E-03 -3.41648852941989E-03
4.64700490790333E-03 8.13861066655598E-03
1.5186068128473E-03 -2.79275405514225E-03
-1.03161643546361E-02 1.22953910599141E-04
-1.28444246225108E-03 -3.99867858704635E-03
4.8115065827737E-03 2.1171753057844E-03
1.02158879687419E-02 9.17493400779024E-03
-2.41237030584483E-03 -1.35702665082172E-03
6.99174285704445E-03 -1.67060341559911E-03
-3.67685916017068E-03 -7.9625163665594E-04
-1.09590435138091E-02 1.09632151430604E-05
1.11625517901577E-02 1.66215464428039E-03
2.15366806342894E-03 5.11685558053851E-03
-3.71551535652673E-03 -4.06115159005532E-04
1.21607976636434E-03 -1.23730944422428E-02
1.48849501723738E-03 1.5163105799294E-04
3.84804440238772E-03 -7.31781196496012E-03
-1.81391878324432E-03 8.4075701634187E-03
-8.02765887290559E-03 5.90023625276708E-03
-1.31207173404826E-04 -1.60324719785094E-03
6.93430256387585E-03 -2.99848876932648E-03
8.78406106837269E-03 6.16829026967392E-03
-1.04930179989686E-03 -2.67365436019229E-03
-7.50148591473812E-04 -2.38877545642039E-03
-4.70944651024598E-03 2.28853068090808E-03
5.16587580180352E-03 1.18073621586951E-02
8.5199402904153E-04 5.1128725116889E-03
3.02020546566273E-03 -2.28154255244991E-04
1.62971858447976E-03 -8.69046560426963E-03
-1.73741814829615E-03 5.31041238900531E-05
-3.09865249833082E-03 8.9567370742575E-03
-7.16203257080373E-03 4.59589850192354E-03
4.41672649288683E-03 -6.27356812052239E-03
2.92239997816664E-03 1.59454622170521E-03
-2.13768647328085E-03 -6.2905456091312E-04
-1.30005179334684E-03 1.90425245953136E-03
-8.47100945072093E-03 -4.03222949161668E-03
1.69589261806127E-04 -4.76292830437648E-03
4.67798461549504E-03 6.61959073886826E-03
2.20641874212489E-03 7.57452901163019E-04
4.33001705808804E-03 4.46358849654635E-03
-4.92922415569865E-03 -4.73553334275227E-03
2.14298739707469E-03 -5.84263201957584E-03
-1.08814541158517E-03 5.79501051894014E-03
-4.8625409940565E-03 -2.9164714320862E-03
2.56001325176909E-03 1.52479774890565E-03
2.18232097399075E-03 -4.69750491908918E-03
8.87037703080155E-03 -4.47592917330849E-03
2.61410178307856E-03 8.11448754477824E-03
-8.44172226119818E-03 8.36901479902918E-03
-2.33468774109981E-03 -3.00690879376248E-03
1.58797913492225E-03 5.01423597570233E-05
3.3617376877172E-03 1.54534709706887E-03
3.20955556414252E-03 5.85911077291213E-04
-2.95045683115045E-04 -1.50299483520478E-03
-1.03244769075275E-03 -3.59654876533243E-03
2.89053109925305E-03 -5.96752376338015E-03
4.61637830643134E-03 3.67054982673115E-04
-7.14492022506751E-03 2.19398012971197E-03
9.10059972093943E-04 -4.74067670162185E-03
6.15990186000588E-04 -1.21734024248881E-03
-1.52011031407877E-03 8.38719543313338E-04
-1.16874639633387E-03 4.43897871030104E-03
-2.09423359684772E-03 5.71034619055045E-03
-5.58305942812171E-04 -4.01672264798109E-04
1.23402596308006E-03 -2.17141478070175E-04
1.94849238988716E-03 6.32494138594376E-03
-7.45283440127291E-03 1.97132188331306E-03
-3.9115948237704E-04 -4.13052429905551E-03
2.63072930764339E-03 4.4247600776033E-04
1.78114757480661E-03 2.4822203388619E-03
2.07039477933493E-03 2.85575800460882E-03
-2.44636904415682E-03 -1.34277475823538E-03
5.32140290504051E-03 -4.86818861908498E-03
2.38721118507501E-03 6.59216141591282E-04
-4.00335165423144E-03 2.23944034987123E-04
5.48875442751203E-03 5.69309687494806E-04
-8.2432917899818E-04 2.36170977975914E-03
1.22280690844463E-03 -1.02441200847688E-03
4.82918969100287E-03 1.33198625732857E-03
2.19127426424089E-03 3.30194344959272E-03
-3.98399841277505E-03 7.57250067723167E-04
-2.44777174322746E-03 -2.90252610725689E-03
6.1755996979077E-03 -2.46668899381113E-03
3.06152298391089E-03 2.64288208384347E-03
-1.53429144150704E-03 3.02871153178653E-04
3.76429609521667E-03 -3.12458673165378E-03
-3.70101133823224E-03 3.50134822303077E-03
-6.02539408398761E-04 -2.32504996392015E-03
-2.06494522414316E-03 4.53567405043682E-03
-3.67826598938804E-03 5.89353741814186E-04
2.81057458883143E-03 -4.86227483013842E-03
1.42234209252851E-03 1.15664909900978E-03
-2.12740756671317E-03 5.07762481764832E-04
-1.1162155325688E-03 -3.94683045985671E-05
1.6983248697083E-03 -3.00726019428855E-04
1.73011964989179E-03 9.13476028430822E-04
1.13291902854374E-03 1.67780816723498E-03
1.95802816003787E-03 -2.76203466211907E-03
4.4795654787877E-06 4.63189526656903E-05
-2.01039491816139E-03 -3.26690293094133E-03
2.5152259002523E-03 9.13056353242969E-04
-3.00612418242034E-04 2.45680771425914E-03
-5.71447143725737E-04 -1.14680188498344E-03
-2.31403841824158E-03 1.88043525307156E-03
-3.94504292598102E-03 9.56325565532176E-04
9.61896955975156E-05 -1.00724067912133E-03
-1.57977299726726E-03 2.31603826086259E-03
1.1699339864429E-04 -2.22234843457319E-03
3.60802151576021E-03 -1.78629658968096E-03
-1.07845639637012E-03 5.3399995379305E-04
-1.92583199886458E-03 -2.32078502231368E-03
-5.33347703062792E-04 6.30466282251719E-04
-1.66559900283274E-04 -8.13728566215529E-04
-3.15047272090027E-04 8.79429524141527E-04
4.47941624988478E-03 3.2565226793837E-03
-5.14860002852202E-03 -3.65698361138457E-04
-4.58363671029721E-05 -1.56664413003468E-03
1.98664576906445E-03 1.89426639538712E-03
-1.06647582752528E-03 3.65999274452362E-03
-1.37435775427586E-03 1.85325512005221E-03
-2.43736498255066E-04 -2.93355325376553E-04
-1.81698835571726E-03 2.24336492333799E-03
-3.3385459340109E-03 5.22968214800921E-04
8.56468934134139E-04 2.09011797255914E-03
-1.73495453282235E-03 1.69236567445923E-03
1.35042452622003E-03 -1.23316503148752E-03
1.00840005003719E-03 2.33272370230354E-03
-4.19946374257909E-03 1.19314606036305E-03
1.69516758360239E-03 -3.21594464541919E-03
-2.41590671728891E-03 -1.17376021360413E-03
-1.54049575315486E-03 4.6517974240829E-04
-1.23510796205687E-03 -2.61046113920988E-03
3.7874180792103E-03 -8.60697067896453E-04
-2.81662567642002E-03 1.10545853283421E-03
-1.86046312700924E-03 -3.05344047628188E-03
6.26165023029954E-03 2.01042223905403E-03
-4.15179562355612E-03 1.97375242721635E-03
-1.07521770675045E-03 -2.79533984138505E-03
2.68278601587308E-03 -1.18004373807664E-03
-1.0311984265436E-03 3.44482660717516E-03
-2.18036378583182E-03 -3.54171870727868E-03
3.23330100882528E-03 -1.12210086386979E-03
5.40224569617702E-04 2.75337548344982E-03
1.53582793333685E-04 -3.18176815441966E-03
8.06693535020667E-04 3.89251453411576E-04
-5.51141464622962E-04 2.65182210949615E-03
-2.85852097642003E-03 -7.56523352307828E-04
0.002472598373431 -1.85401702967679E-03
1.52435759407251E-03 2.00380219998779E-03
4.07822839387872E-04 1.77527047689904E-03
-1.38148537403643E-03 6.42709297371183E-04
-1.78617330055954E-03 -1.04952440188614E-03
6.42478346995286E-04 -1.27610391268483E-03
3.05712607058297E-03 1.01197591591858E-03
-4.15203043205765E-03 2.06674970537864E-03
-3.55986854743738E-03 -1.87832409483237E-03
4.86246161452826E-03 2.81347260556517E-04
-1.55667386900461E-03 1.39727857387542E-03
-3.83111080410352E-03 -1.42034127456976E-03
9.02395614061715E-04 -9.6508794244921E-04
2.33196078681691E-04 1.63871592139154E-03
-9.41104101505288E-04 1.17400392553219E-03
-4.57930104049029E-04 3.27276071858308E-04
2.60761964704796E-04 4.4696904126629E-04
-3.24244707543947E-03 -1.55032268447258E-04
2.57797052036316E-04 -3.2363757450195E-03
-1.3347725872768E-04 1.80315332377492E-03
-1.89676458020629E-03 2.93555528679513E-03
