3.12606151881913E-05 -4.73257865043948E-05
-5.71226281440361E-06 1.96115000907846E-05
-2.57232302298712E-07 1.80836440320071E-05
-2.2883788757965E-06 -4.30846652860868E-06
-6.6933663348072E-06 3.11328069459308E-07
-2.44577987433054E-06 -6.45449197822359E-06
6.72762875237653E-06 -1.12527866821782E-07
1.70580717936737E-06 -1.09445162310541E-05
2.76222166023432E-06 5.02792270798284E-07
-3.50035569912369E-07 4.38021005986585E-05
5.33928826607733E-05 1.54832437205785E-05
-3.65034727077055E-05 -7.10136308649404E-05
-1.03558112702221E-05 4.99176925347943E-05
3.24886093259142E-05 9.92994156843417E-06
1.26489971356236E-04 1.16776854002946E-04
1.37617351135067E-05 -2.39354789640983E-04
-1.09386718219979E-04 -4.16657422462027E-04
-1.99715254006255E-05 -9.84704438387297E-04
1.45424205627078E-03 1.35155256216301E-03
-1.86645842040265E-03 7.22405169735535E-04
-6.19702342775276E-03 2.99755358214668E-03
3.04996915056865E-03 -6.24327365949505E-04
2.08291745908031E-03 -0.013401089152737
-9.61458501876942E-04 3.753907381176E-04
7.24250762446333E-03 1.45215246261571E-02
2.75215809641445E-03 -2.65831197100218E-03
-6.19356533990651E-03 1.26815923795259E-03
-2.66305398972474E-03 -3.8982107106929E-03
1.04886252554471E-02 -0.013085419343986
8.69022521062374E-03 -4.9562275698708E-04
2.87969714699265E-03 1.26574585363258E-02
-2.60267898801839E-03 -2.26283332884938E-03
-3.63538867635265E-03 0.010984095611199
-4.0756706912542E-03 -5.97394463361479E-03
5.48066405549943E-03 2.04543303672535E-03
-0.007419120328655 -1.21716084380456E-02
4.87003042315165E-04 5.30112762353592E-03
-8.18609126893287E-04 -2.76449437384964E-03
5.15917004623934E-03 5.05265679173617E-03
3.21680429220926E-03 -7.68861381084405E-03
-1.34612231988538E-03 -1.98284214421123E-03
6.25858919128769E-05 -9.42428608447846E-03
-1.16346742258511E-02 8.25605796818814E-04
2.03517354748988E-04 -1.72644855640884E-03
5.52398251908491E-03 0.007839358218568
5.5234440314715E-03 3.65670170683002E-03
-3.84984239815707E-03 3.35825694580871E-04
2.19102124377726E-03 -4.86598242890885E-04
-3.91663950723114E-04 -3.62480731752222E-03
4.21897740416792E-03 2.62712285607182E-03
-5.35208040930958E-03 4.82028602646247E-03
1.67551065587363E-03 2.20436574629691E-03
-1.80447244422866E-03 2.04495001885649E-03
0.002140936980578 -5.2441194806223E-03
4.60037783753298E-03 -3.80763991147811E-03
1.22370944169406E-03 3.94107307164438E-03
-0.00483153077128 1.61621450757308E-04
7.90915903251825E-04 8.58049250133179E-03
4.36547676871357E-03 5.96501023470815E-03
1.83296468881303E-03 -9.35102503459456E-03
6.72342396677806E-03 -2.26239314712837E-03
-1.12133289054192E-02 3.21196698615373E-03
-9.2824495542033E-03 -2.79075747978907E-03
-2.99190900851236E-05 -2.22052108654318E-03
7.7591163158253E-03 5.35130355796523E-03
-4.4656335543498E-04 3.12248101344762E-03
-4.94533391742765E-03 -2.76617721211647E-03
-8.23227037422471E-04 -4.76115726247081E-03
1.13008545093417E-03 8.07398237794095E-04
4.13533776794311E-03 1.86589933339808E-03
-5.29821555990162E-03 7.79036985637434E-03
-4.87744856364811E-03 -2.68036388762949E-03
1.98414655478577E-03 -0.01001342805098
7.92215059009442E-03 -2.10171302127607E-03
-4.54267227595717E-03 1.17478873862483E-03
-5.55627420695412E-03 1.79097369131964E-04
-4.68032366444766E-03 1.69164076878382E-04
3.35796219446252E-03 2.83088317939298E-03
-5.50740342732411E-03 -2.18290216807575E-03
6.82884720368322E-03 -2.00603287995758E-03
-4.30677582587961E-03 -3.13188700668739E-04
-3.1834970973451E-03 -2.94592641841922E-03
4.07963362260038E-03 -9.14978901580252E-04
-1.82423933825282E-03 5.18182547041101E-03
5.13610226175591E-03 1.33482321362638E-04
-7.9384111096151E-04 4.1934772746989E-03
-2.65405510251056E-03 -4.65691938598286E-03
5.27851270494707E-03 -0.002763760166087
-2.60572509160703E-03 1.51430491165533E-03
-1.02293165521498E-04 -3.41147727106075E-03
1.09718547724088E-03 1.79439086857109E-03
-6.20435598021243E-03 -5.27721351964525E-03
9.30438376743884E-03 -3.26408843669835E-03
-1.01682657481973E-03 4.55540878991367E-03
-2.32461820446685E-03 -7.15026099655097E-04
-7.69322300215983E-04 -3.47253140162621E-04
-9.80456903614374E-04 9.40955317640686E-04
6.24995627683503E-03 -6.55484238656426E-03
-5.9334226598174E-04 1.07020128420903E-02
-4.91457207679964E-03 -2.82020343936693E-03
1.41263837025309E-03 -1.06126161948233E-03
3.30117061515637E-03 -4.13196544868399E-04
2.66941384911033E-03 -1.28051691276047E-04
1.89487130609204E-03 1.17804029622767E-03
-5.95028552737128E-03 2.03284056327695E-03
-2.62427020740516E-03 -3.50535201275869E-03
2.56661877478813E-03 -2.68494235987739E-03
1.2016028494429E-03 1.37349106315597E-03
-1.02036793340913E-03 9.20974181464597E-04
8.30816614542592E-04 2.27286702532789E-03
-2.66797693969572E-03 -2.32852427236503E-03
3.25810654694161E-03 -1.62613547335192E-03
2.58375967589949E-03 2.59936960642345E-03
-3.11327948651741E-03 4.99051526688705E-03
-5.57257115399298E-03 -2.10895120376844E-03
1.45032088098854E-03 -2.72085427716183E-03
2.99877147200482E-03 -1.27978978754389E-03
-3.14818185866272E-03 3.33034631742941E-03
-7.58809189919683E-04 -1.4931033770527E-03
-1.85294174843772E-03 4.91833489422957E-04
1.72053192073471E-03 5.63224958745798E-04
2.01771763913969E-05 3.2937002197571E-03
-7.40730519364564E-04 2.58622825610177E-03
-4.43352430701473E-04 -9.85610879246555E-05
-5.77344669430396E-04 5.73430913901201E-04
1.55214982413807E-03 1.14649149954208E-03
8.4688951856469E-04 3.59176002419652E-03
-4.57221606682401E-04 -1.03042936081086E-03
3.82066155227199E-03 4.49822174345212E-03
-5.8609248468582E-03 -2.0664737146447E-03
1.99817386316406E-03 -4.34656236836168E-03
-1.77399863415786E-03 3.3503783666531E-03
-2.85964106777915E-03 -4.38237321050964E-03
5.22447187014378E-03 -5.02974483289079E-05
-2.45432583865529E-03 4.18122453013878E-03
2.29309890868326E-03 -2.10607243833364E-03
5.57808102987513E-04 2.62025838249006E-03
-2.59884299696949E-03 -1.58188368242603E-03
-5.24154027618719E-04 2.3593569558611E-03
-2.41247341865436E-03 1.26447762979793E-03
4.30991575136671E-03 -1.43044465453793E-03
-1.43777389696731E-03 4.25313268076091E-03
-1.96495933419507E-04 -9.50027300302171E-03
4.32723030761912E-03 2.50742948695647E-03
-4.3204361522233E-03 2.16885527393151E-03
2.03681771153828E-03 6.51610207897264E-06
-2.34858504237135E-04 1.4198241945053E-03
-6.49100468424594E-04 -1.51416891468532E-03
3.1565973209296E-03 4.20993961395995E-04
-2.34367757689458E-03 -1.22101444627265E-03
4.78327909522578E-04 -9.67897793683303E-04
-6.53111590080978E-04 3.83660337842361E-04
1.58315604540946E-03 5.83497608733162E-04
-2.22042706462036E-03 9.65559164136887E-04
3.73719333351442E-04 -3.33220672872142E-04
1.71544884175439E-03 7.57371690031341E-04
-3.64877874152206E-04 1.1799656095148E-03
2.88644112849083E-04 -9.39494816350493E-04
-6.83709532311027E-04 1.24583996132891E-03
-1.69510804077897E-04 1.2412707938252E-03
-9.90451093010491E-04 1.5598692992255E-03
2.75925596735319E-03 -8.27319836581872E-04
1.0320898208616E-03 -2.43337151784777E-03
1.40210267246285E-03 2.07687388328273E-03
-1.14784480266406E-03 -1.65170045237887E-04
1.01886030350434E-03 3.26092692967148E-05
5.83742217686521E-04 -1.95021628828974E-03
2.51443018151289E-05 7.12224489798738E-04
-8.12459027453233E-04 -6.10523459505371E-04
-1.62629145126466E-03 5.48904853464983E-04
5.43493047345141E-04 -3.00256004290607E-04
1.93298546928458E-03 1.34511129137138E-03
-3.37387149680809E-03 2.98278512942829E-04
2.44966824180887E-03 -2.03946925303336E-03
-1.00387808294966E-03 2.09168057414444E-03
-2.11138131691274E-04 -2.26322325289919E-03
2.34068341395374E-03 2.57349372061421E-03
-3.1800626669509E-03 1.59946555432241E-03
2.5992263104872E-03 -3.03889687163626E-03
1.59513491226587E-03 1.71350941200337E-03
-1.24049938538209E-03 3.17583931330934E-04
-5.28102752662557E-04 -5.11961225630051E-04
8.82765392739774E-04 -5.98238831328733E-04
2.94789095295517E-03 -1.58012721549583E-04
-1.13346181960795E-04 1.55629671019833E-03
2.22822658311279E-03 1.09120597238069E-03
-1.60771230682198E-03 1.54812046837164E-03
-1.02366958726199E-03 -2.15903034346792E-03
3.39011058356485E-03 -1.98257365308772E-04
-2.77723588852322E-03 1.81217192137385E-03
2.70102927227088E-03 -3.80812786848326E-03
-2.78737910070938E-04 2.65894555814787E-03
-1.64469660498447E-03 6.87292858827792E-04
2.33858953690476E-03 -4.77588988562228E-04
-3.7827539845702E-03 1.95848119193522E-03
2.98568136366672E-03 -1.42777006564166E-03
-8.20205291215268E-04 1.93435781795469E-03
-2.56085989374237E-03 -1.92117914317813E-03
4.55064117182285E-03 -2.09176254055813E-04
-1.49927408715811E-04 4.21680632386448E-03
4.28147972105423E-05 -2.05733432884525E-03
