2.82079394347309E-05 -4.52391251776959E-05
-7.78508145282816E-06 2.31994107031642E-05
-1.58512099649623E-06 1.69665640429115E-05
1.41977995454583E-06 -1.37155836493149E-06
-3.17292570603103E-06 1.23708602808274E-07
-7.14128374531525E-06 -7.43838357130174E-06
7.68913882203772E-06 -1.91869792742073E-06
-3.99169088600853E-06 -1.09531370048026E-05
2.8667196217263E-06 -7.94157308048936E-07
-1.36488402060601E-08 3.87269513903279E-05
6.00620325123813E-05 1.30963987998344E-05
-3.89942882163714E-05 -6.35725865703494E-05
5.08929675195758E-06 6.15190808451426E-05
2.08520622325576E-05 2.90739323289243E-05
2.48422842207703E-05 1.36768384072243E-04
1.47626371619554E-04 -1.43804745329889E-04
1.51164729451087E-06 -3.82797728485749E-04
-3.49775467410804E-04 -6.57766886901378E-04
2.26501214097237E-03 7.91845058263767E-04
-4.16095198045509E-03 1.07542525409337E-03
-1.76565577940227E-03 1.34898946949893E-03
4.33637016386104E-03 -2.43814808411568E-03
5.59312908255064E-03 -8.61945481215307E-03
-2.5763122207326E-03 6.57819541677167E-03
6.97104397108364E-03 3.33610491496603E-03
-2.38968744146378E-03 7.84815876781286E-04
-6.93879886105405E-03 -6.36720708797482E-04
6.13456781463634E-03 -4.17347796248734E-03
-2.69118804815495E-03 -1.43115215964599E-02
1.30107219129058E-02 3.34779476751477E-03
-5.41612420437532E-04 1.23245636363689E-02
-1.53414458241906E-03 3.68294235453751E-04
-5.8097499413935E-03 3.56662958366904E-03
-9.46467701438039E-04 7.00396002764359E-04
4.87785189071902E-03 -2.55409099826302E-04
2.58807123123334E-04 -9.87861621770246E-03
-4.21647571039772E-03 2.37550366761268E-03
1.75388617312355E-03 4.29110425398999E-03
4.63093094078907E-03 4.81992529347087E-03
8.26149543406544E-03 -5.71691786778901E-03
-4.73374903100279E-03 -1.25834935312398E-03
-1.70551104315041E-03 -6.93634460870607E-03
-1.35178593899101E-02 -6.14043821490299E-04
1.34965505163026E-03 -3.74230954375632E-03
3.12875854163124E-03 5.42186174143105E-03
8.31570822579098E-03 2.73508805440345E-03
-4.33104953937769E-03 -3.00260310858883E-03
2.50448611480246E-03 9.07576535762341E-04
-5.09047867753617E-03 -4.66927772814832E-03
9.17847213312548E-03 2.80108678623726E-03
-9.02684525179575E-03 7.57653540221451E-03
-9.36507859793086E-04 -4.13997811472154E-03
6.9094372179255E-04 -8.78703522338993E-04
3.31646631385259E-03 -3.75575341977804E-03
3.11026424994591E-03 -4.91578893876646E-03
-1.9322372719885E-03 4.53627261334546E-03
-6.37435235514311E-03 5.35583989310275E-04
9.82927000855667E-04 8.23734277271525E-03
6.35149610120983E-03 4.62656150518685E-03
1.33870332775886E-03 -3.76410762296268E-03
4.46722851221092E-03 -6.75539815518373E-03
-1.05396058437689E-02 8.03151824916075E-03
-0.007741353667656 -3.6415404658343E-03
1.66004460130992E-03 -3.75081783934555E-03
8.31002353128116E-03 9.85569752771459E-03
-7.87630387533781E-03 -1.68314942421996E-05
-7.3204702770805E-06 -5.61895180892083E-03
4.54150506953748E-06 -2.1913094471288E-03
-2.26556748375201E-03 -6.38227869340303E-04
2.32367697549901E-03 3.39028645437962E-03
-7.56241095841099E-03 9.49701923425961E-03
-4.41594835276384E-03 -0.005196870255041
7.74578642558951E-03 -2.74960318608922E-03
1.3616328650863E-03 -7.51422222436907E-03
-1.14552459996658E-03 4.44037806983717E-03
-4.47500881613749E-03 -1.75685633940717E-03
-4.81652878836866E-03 0.003010006686088
9.98416869013837E-03 1.30995125704325E-04
-3.12716865479748E-03 3.74368578154749E-03
2.82955169263198E-03 -5.75808319517136E-03
-1.8307120208686E-03 -1.72852992271467E-03
-8.22798746386548E-04 -5.07141335769443E-03
5.28885668060901E-03 -1.2931834875046E-03
1.98701191428714E-03 2.49500950932238E-03
1.6595009130271E-03 1.6823666812176E-03
6.15070026299641E-04 8.76774318902238E-04
-2.35119891781031E-03 -1.94570203833555E-03
3.46699331248094E-03 -2.07561493867715E-03
-2.93752622269041E-03 3.3487696897276E-03
-4.87635105393733E-03 5.56608244756977E-04
1.2088519804492E-03 -2.50724091880972E-03
-1.28596320571925E-03 2.99953175883997E-04
7.4163760651746E-03 -3.66550932979848E-03
-3.02725386817893E-03 8.33036197793702E-03
-3.42793618012478E-03 -9.38046952677734E-04
8.04735693955476E-04 -2.72507334360383E-03
2.35392176036698E-03 4.89140777978486E-03
3.97959157606761E-04 -4.80052815538002E-03
1.14789100083059E-03 6.78275111840482E-03
-6.40777212936651E-03 -2.96877852863156E-03
4.88163463437529E-03 1.72977717077001E-04
2.10894202135202E-03 2.13402460419466E-04
7.62299544796785E-04 2.08290317901429E-03
-1.71700994785167E-03 -6.29655992826079E-04
-3.43116567735365E-03 -5.84448383699824E-04
-2.30837053667791E-03 -4.4607629557029E-04
-2.36729913149175E-03 6.88144084898245E-04
1.08072428373037E-03 -2.94847646551151E-04
-1.58263545980393E-03 4.64045317901392E-04
1.74971629771289E-04 -1.00864458701764E-03
-1.49165377838191E-03 5.52922317182122E-03
-6.85165142200388E-05 -4.37596193019331E-03
5.35731486860776E-03 1.74494242950774E-03
-9.31702209170598E-04 7.79090207634192E-03
-3.50540106950478E-03 -6.35985829214615E-03
4.33406339780274E-03 2.52155488867973E-03
-1.7398950058868E-03 -8.95641301353423E-04
5.23143111143648E-04 4.24094915087867E-04
3.55880352673215E-03 -3.8018725321814E-03
1.3008175832287E-03 3.06179137480059E-04
3.35708337084869E-04 -7.3184915276847E-04
-3.23672901087279E-04 9.61777823067989E-04
8.73417846563998E-04 -1.00906371468778E-03
-3.15870769547126E-04 1.29615295036589E-04
1.93684205941705E-03 -1.59846252601547E-04
-2.48841890017168E-03 9.94373325388984E-04
-2.13015129800044E-03 2.4797670940116E-04
3.54106431738042E-03 -5.73706227833923E-04
3.62471354339866E-03 4.02230817516708E-03
-4.53595124445108E-03 -4.05128067533862E-04
-9.87894827221702E-04 -1.80216297367522E-03
-3.17214732881349E-03 -9.17506617669077E-05
-1.09460917692133E-03 -2.07507691161246E-03
3.02830563935927E-03 1.55483530710497E-03
-1.69439126260486E-03 3.77507884114026E-03
1.25157796050246E-03 -5.6327712827383E-03
2.12003649858327E-03 4.86378195978011E-03
-2.30782324095351E-03 -7.37002976417543E-04
1.30941369643531E-03 -3.4559496979131E-03
-1.18741290592669E-03 2.07922924968352E-03
1.40921767981195E-03 -3.92722592425112E-03
2.07796239576845E-04 1.25932755148542E-03
-3.40250768133961E-03 -4.61782509769429E-03
2.97704998433989E-03 1.77463684465914E-03
-5.2624144995296E-03 -1.06887664808235E-03
4.87704209057668E-04 -5.96780919802734E-04
3.82411319739061E-04 1.44167564796795E-03
6.95379694345518E-04 -2.7825463053321E-04
2.07602302242425E-03 -1.6995695268223E-04
-1.90223424814583E-03 4.94206683764576E-04
1.29798710527588E-03 -6.2895553524169E-03
3.74908493922541E-04 2.45647715578633E-03
-2.13208743523299E-03 2.90231871772191E-03
1.95407101686623E-03 -1.90523527538063E-03
-4.08553271653891E-04 -1.92833832258956E-04
3.71948991301249E-03 -6.85274122440015E-04
-1.05828533618359E-03 1.84595354036731E-03
-6.72910056139646E-04 -9.0405192296576E-04
2.17776063554319E-03 1.37682386955598E-04
1.5482988297196E-03 -2.08571900096543E-03
1.82696778569209E-03 1.68062200529675E-04
5.58302789700031E-04 6.43151207002775E-04
5.80333330267382E-04 -2.70502885028455E-03
2.2990109992387E-03 -1.59452558298464E-03
-3.01215750474512E-03 -1.36685334885501E-03
1.19646062468301E-03 1.69225888148467E-03
-2.71776019802947E-03 -6.45832925374889E-04
-6.52288999143429E-04 -3.21884184621743E-03
2.20702663298715E-03 4.3786654622224E-04
-2.47266908251983E-03 7.31047440867317E-04
3.04385830589115E-03 -2.88712022050962E-04
-1.00920050790108E-03 2.79789468943473E-03
-2.42164495727748E-03 -3.52386148825783E-03
2.00063188801604E-03 -1.5409840132305E-03
-1.31451715398641E-04 4.82174368012648E-04
3.89996048177804E-03 -3.00000512616501E-04
-2.32349135989118E-03 1.44728501869612E-03
-1.1515132692641E-03 -2.84132383993103E-03
4.67486567666948E-03 -1.4411205875212E-03
-6.82606070099941E-05 2.44124211580495E-03
-2.70921540554219E-03 -1.14461822803325E-03
-1.10379730598505E-03 -2.05425690116658E-03
3.43663758358095E-03 -1.4031871582345E-03
-3.79707725227454E-05 8.7591209656014E-04
-3.34852689079809E-04 2.34037718683255E-04
1.01468802116008E-04 -2.16600547976543E-04
-1.46563683152078E-04 -6.77300522880624E-04
8.38784253334634E-04 -8.78721334376661E-04
-1.42958557325807E-03 2.20271122334064E-03
-2.44115741392903E-03 -3.86336539587785E-03
1.02850037892175E-03 -1.53072428704044E-03
1.07597401998002E-03 3.62421086472109E-03
-1.4084481078417E-03 -1.77364958929931E-03
2.88320925989179E-03 1.64497868678814E-03
-9.99038397296795E-04 3.83280600874528E-03
-1.24259762868398E-03 -1.03943974304151E-03
2.79764507520192E-03 -9.97396616831953E-05
-2.71171243132807E-04 1.30706159643901E-03
3.59276881609428E-05 -1.45440603466994E-03
-4.61337164237653E-04 2.90993336571394E-03
8.34870647359808E-04 -3.26732164138274E-03
