3.31686500174683E-05 -5.32792895758976E-05
-8.12535633965539E-06 1.76385073538289E-05
-3.97903659255568E-07 1.30299529340336E-05
2.13131509141392E-07 -1.83468188143714E-06
-5.93236826850676E-06 4.98684485929035E-06
-6.14554313422385E-06 -4.49421106051109E-06
6.09081086169448E-06 -2.86943737747058E-06
-1.42965586332089E-07 -1.46628632028606E-05
8.10114538300947E-08 -1.53234095142975E-06
1.35309382593635E-06 4.15250319318525E-05
5.65489080571687E-05 1.92676800152066E-05
-3.72872981631968E-05 -6.13570403748558E-05
5.18650881262272E-06 6.47458417904505E-05
-1.88078941330853E-05 5.00446960361921E-05
-6.52363218272117E-05 1.33278410671897E-04
2.97351268112592E-04 -9.68971177261855E-05
-8.64587967657514E-05 -2.27047975738927E-04
-3.80123008486371E-04 -8.5816810317118E-04
2.38784659233553E-03 7.76056350141941E-04
-3.98861400784311E-03 8.98016739145259E-04
1.95263669920563E-03 1.44028749610991E-03
3.88284530698629E-03 -1.71644317933738E-03
7.25851643386511E-03 2.13840991763763E-03
-3.94867491536831E-03 -1.34575237995046E-03
6.24031089374897E-03 3.10034059647356E-03
-6.60014866411845E-03 3.98745266732232E-03
3.49970730756318E-03 -7.66974742367287E-03
-3.65028142684462E-03 -3.97726527560623E-03
-2.60050880672002E-03 -1.32430614746779E-02
1.20218849472184E-02 6.85776740104902E-03
2.28277076548729E-04 5.37927052305208E-03
-7.64306319465375E-03 -6.34937804044599E-04
2.98984369295148E-03 4.71489896749733E-03
-5.43524086515068E-03 4.60438807896552E-03
1.10274663719353E-02 -7.26810561390832E-03
-4.33683859472964E-03 -2.17336390519058E-03
1.97668344456392E-06 -6.82832191101782E-04
-4.16290842193286E-03 8.3239714727942E-03
1.13461719863737E-02 2.03753995022839E-03
1.1801661401521E-03 1.72833885414892E-03
1.5341136887575E-03 4.83682423538961E-04
-6.27801550816902E-03 -9.58136758246582E-03
-1.02913490916054E-02 -7.44645138250322E-04
-4.58486897968944E-03 -1.68434990083083E-03
9.96311205037162E-03 4.04478519810544E-03
5.23136929807641E-03 1.55428703122641E-03
-2.61123161661596E-03 1.02444111846055E-03
-4.58322499066902E-04 -4.54140522159239E-03
1.34260291936831E-03 -3.93123347864928E-03
2.76074244733921E-03 -1.70038227163335E-03
-4.23262313250309E-03 7.41220206714013E-03
-2.77331018540488E-04 -2.79633036010552E-03
1.48254365310838E-05 -3.65154212856414E-03
5.95330434092911E-03 -7.7029312932226E-03
-5.12891693745103E-06 -2.30789004163126E-03
-9.48816094255992E-04 -1.30491024041966E-03
-6.46501889346641E-03 4.0143937127761E-04
2.42208627143046E-03 3.67192317584296E-03
6.05094724011233E-03 -3.42509189401176E-04
4.90865081308722E-03 -6.69673678144377E-05
-3.72721099989436E-04 -7.59972842937086E-03
-5.26404419136371E-03 4.58405623615105E-03
-6.90592875728523E-03 -2.11949912497966E-03
1.05569324030689E-03 5.79556175062394E-04
7.99338042225704E-03 1.03453941809544E-02
-7.62396092956281E-03 -1.34827194404018E-04
5.30502441923585E-03 -9.33550546179039E-03
1.12207329049901E-03 2.89692177312865E-03
-2.27267384305298E-03 -3.96591203549513E-03
1.32953717074665E-03 2.38670554572794E-03
-6.84457200216865E-03 8.40539190937346E-03
-5.48947522653316E-03 -8.40409850197065E-03
1.13275954653651E-02 1.62390726983559E-03
-7.44499718456223E-03 -3.2410571812804E-03
5.43564921927099E-04 -1.75140552458451E-03
-3.77122271549671E-03 1.38206955554488E-03
-1.93319907922921E-03 4.75713801768932E-03
6.05814556182596E-03 9.26486953897452E-04
-2.90652144221256E-04 1.06773160844242E-02
-3.13039723866101E-03 -1.05895094891564E-02
6.79063259292905E-04 -4.64084775399255E-03
1.36152471114253E-03 -4.33672624969334E-04
-1.1094997340148E-03 4.98605602278439E-03
1.56370765156598E-03 -8.98708154700636E-04
3.14585739204648E-03 -4.36252693782518E-04
-1.84754203122846E-04 2.59242381410456E-04
-5.03399868098344E-04 -2.52847659622937E-03
-1.32853960629261E-04 -3.39640862820384E-03
-5.71170660791312E-03 1.99468007689003E-03
-2.46687920292667E-03 -1.04595143147401E-03
-1.83215026331005E-04 -3.48775064805454E-03
1.19497304744535E-04 -1.31689866299239E-04
4.44876608342269E-03 -4.44472457371068E-03
-3.52247802349478E-03 6.12047750982206E-03
-5.25299582096121E-03 -4.64749227860754E-03
2.16560450925479E-03 -1.72502619131844E-03
5.50504569396498E-03 3.82287383646997E-03
-5.07299499311552E-03 3.50029033882578E-04
1.68400408857767E-03 -7.2571191565308E-04
-2.45432055402059E-03 -1.12298348493575E-03
6.21486123386321E-03 3.79087238889377E-04
1.38350391455618E-03 3.8095531354858E-04
1.99453231230334E-03 2.96820843422859E-03
-5.03284456578996E-03 2.45436898807171E-04
0.004030002454367 -2.91818259591175E-03
3.65853963826355E-03 5.64893349136554E-03
-6.27172872914949E-03 2.34881093695342E-03
5.0308412418678E-05 -4.04693007731515E-03
2.48626607153603E-03 3.70579078689258E-03
2.46938513830858E-03 -2.04018016269805E-03
1.12067573008455E-03 5.35075312727745E-03
-8.42667111940405E-04 -9.79421118456374E-04
2.33196423316314E-03 -5.12464189373418E-04
1.09326963279766E-03 4.15571349194543E-03
-2.26904389363602E-03 -1.86662653289244E-04
3.48423648726511E-03 1.19486018963788E-03
-6.76947191821948E-03 2.4270289857823E-03
-1.06323696387609E-03 -2.97116078301454E-03
1.00692744942252E-03 -2.45350544720028E-03
1.34125785150775E-03 4.33874154234611E-03
-1.61522451640004E-03 8.37917036086689E-04
-3.36162825754958E-03 3.72738576447313E-03
-5.11761423093283E-04 -3.20734608567157E-03
1.59691561378925E-04 2.35440955704132E-03
1.43417954351734E-03 2.88433300848211E-03
-9.31814569889117E-04 2.94436036019309E-03
-3.12308231817836E-03 -2.99751706729059E-03
2.95252155800974E-03 -1.6820315772848E-03
4.11112637927142E-03 4.22516542415672E-03
-4.35212797693327E-03 9.87074162316195E-04
-3.19629538113113E-04 -3.57096420117281E-03
-2.43935532210469E-03 1.46324668816094E-03
-1.2564328937584E-03 -2.30567257989537E-03
9.51228710206741E-04 1.84440624912631E-03
-3.65779974792897E-03 4.61908023626029E-04
4.67296010358578E-03 -3.80211862887392E-03
1.36760996732077E-03 2.0547870412434E-03
-2.87262296721944E-03 -3.31063799512781E-03
7.2156046670383E-04 -9.76407033232676E-04
-2.2708335527011E-03 2.11779254013849E-03
-2.49918447747963E-03 -2.11772247508908E-03
3.25680832821117E-03 1.32866548924063E-03
-2.7320172461478E-03 -0.001330842947788
-2.84781344531099E-04 -1.59247652535439E-03
-3.82293072520472E-03 3.34548823704072E-03
6.65247745565657E-04 4.36236414408636E-04
-1.47727235460855E-03 -1.39909628405676E-03
1.92087179385052E-03 -3.75664859103858E-04
-9.82982718451828E-04 1.63666345213724E-03
-3.94976291474285E-03 -2.98063551124821E-03
3.45442599604012E-04 -9.29560759370048E-04
-8.9983459156819E-04 2.54477244899339E-03
-1.80534993519256E-03 -3.64772685192093E-03
2.44197238795846E-03 -1.23831982967307E-03
9.19089816061198E-04 3.4089702564335E-03
-1.36817145474785E-03 -1.77299669524963E-03
2.23752130602035E-04 1.22751748014668E-03
-1.73014279163023E-03 1.37416348307488E-03
1.35671194561706E-03 -2.51618368204177E-03
-2.82822649148807E-04 2.84252986006718E-03
-2.75902313113158E-03 1.10192427934992E-03
-2.02868421021143E-03 -9.71297688303786E-04
2.32074803425485E-03 -2.54599941121807E-03
5.85630016486587E-04 -3.72265390778123E-04
-2.69755368330831E-03 2.75707825383917E-03
-1.80911032721626E-03 -2.0190947071133E-03
3.89643409472157E-04 1.12910295883111E-03
1.97936704158012E-03 -5.0443710251001E-04
-7.64276877929062E-04 1.79258071838412E-03
-3.15736607197844E-03 -2.94425929689791E-03
5.09610525590502E-03 -4.49560939030207E-04
6.68295348306376E-05 5.5631954143299E-03
-4.60047745511835E-03 -4.54475508158716E-03
3.96834974859688E-03 1.69140939128248E-03
-4.65006889766186E-03 8.75031530068201E-04
2.59249166790142E-03 -5.08194158837133E-03
1.15799765080134E-04 3.5671628990951E-03
-1.07386134672891E-03 -8.67192806160555E-04
2.59585156384439E-03 -4.94577901327238E-04
-2.69234277863985E-03 2.78440633770337E-03
3.62203027530567E-04 -2.67725185206218E-03
-2.37024691444712E-03 9.91289029165144E-04
-2.96455966828813E-05 6.20848043508189E-04
-1.46325153984212E-03 1.06664234546931E-03
-4.1812656454717E-04 -1.63004174818446E-03
1.58381278529749E-03 -2.9181388122144E-03
6.52789919417378E-04 2.87173458714237E-03
-4.69109043863805E-04 2.38155869413824E-03
-1.20288357207585E-03 2.52172939583795E-03
-3.09926925274337E-03 -3.41857457910716E-03
2.27854466355736E-03 -6.55807887845197E-04
1.35706731473259E-03 0.002902537869967
-1.9510738516065E-03 3.8022313997235E-04
8.36780634870366E-04 1.19253741300535E-03
-1.09800040893374E-05 -2.62975599080614E-03
2.7355640919996E-03 1.1009766850191E-03
1.78023142366359E-03 3.19906139125436E-03
-3.47049985335317E-03 -3.23438814651659E-03
2.12399382082525E-03 -3.30195254220282E-03
1.30308904624671E-03 1.80092796135379E-03
-1.94284111004951E-03 -1.05632310371135E-03
