3.33100169677258E-05 -4.5007735567256E-05
-6.41656114978127E-06 2.23162320657675E-05
1.46795799714664E-06 1.75824350617324E-05
1.41506509836429E-06 -2.0323571021318E-06
-3.26553494276922E-06 2.28025446665221E-06
-6.52502978524627E-06 -9.12738015129677E-06
4.31162758810873E-06 1.23433881309036E-06
-2.58823680798885E-06 -1.32342359792035E-05
2.4829762059452E-06 -1.24486929502672E-06
1.22158532477494E-06 3.85730436148518E-05
5.23063014593575E-05 2.49906587910297E-05
-2.98654388239201E-05 -5.44465529886345E-05
-1.54634786150605E-05 6.71699028095494E-05
-4.2882945271481E-05 5.98870167282758E-05
-0.000142808977466 9.73293487448668E-05
4.58145821389426E-04 -9.99041059083063E-05
-2.9737789644252E-04 -1.69228752196057E-04
-3.15109896885602E-04 -9.10748377496163E-04
1.93154111078796E-03 7.2280544477924E-04
-1.57744153200679E-03 4.12826929395436E-04
4.40081041538721E-04 1.3563610016722E-03
4.32264157712169E-03 1.91825763819214E-03
4.45167826217319E-03 7.22057460731834E-03
-6.16305442000995E-03 -1.02105711507223E-02
2.83686090066843E-03 1.25421266822651E-02
-3.55262816495196E-03 -2.92360382306024E-03
3.67050204012402E-03 -6.73246365878257E-03
-1.31848871246955E-02 -8.51191492316186E-03
3.43736647087974E-03 -2.75931104469491E-03
5.8625866247517E-03 -2.54059694502641E-03
9.3855019121111E-04 3.86965942340752E-03
-4.97235347516916E-03 -3.76179446515052E-03
4.79811394056899E-03 1.08164617435733E-02
-3.94826928101393E-03 -3.29470425354979E-03
0.010736954646495 2.09061033997963E-03
-5.55246809890335E-03 -3.29323372598967E-03
-2.26269140008926E-03 7.20465746267567E-04
-1.81948042204353E-03 6.97064353807739E-04
8.48342844946454E-03 7.83658187361588E-03
8.80830086113553E-04 -5.72936647645833E-04
-1.66449286284618E-03 3.49291735524409E-03
-2.27774698759821E-03 -7.45352722806438E-03
-1.13525655584686E-02 1.77259217108428E-03
-1.82718030943703E-03 -5.62605396491569E-03
6.90676627732901E-03 5.05397345007581E-03
7.4651599480501E-03 4.55452009125911E-03
-3.07909331277943E-03 -1.12057999271827E-03
0.004449366851744 -9.76954532718067E-03
-1.11327879515174E-03 2.73600858112828E-03
5.33730916057626E-03 -4.22023226618618E-03
-2.01273060467749E-03 9.16285112533487E-03
-5.36250141651264E-03 -1.33659446146073E-03
3.05078985758607E-03 -9.58821811860108E-03
1.00523316042606E-02 -2.68070046303245E-04
1.65337095713145E-03 -5.10035257563802E-04
-1.82873351104331E-03 -6.2151607656929E-03
-5.17623030839983E-03 9.01754525805907E-04
5.54262833839217E-04 2.70313406636049E-03
1.20024398694438E-02 -3.57115563113028E-03
7.95123806942911E-03 2.00987453969796E-03
-6.61271591479431E-03 -8.32220905306405E-03
-1.57621905051607E-03 -1.91323204879449E-04
-6.64271944349514E-04 2.66511189437939E-03
-2.82316000658774E-03 4.7287479169647E-03
8.18138949842082E-03 6.03750428923765E-03
-5.3073270686777E-03 2.82711433867915E-03
3.28225929736546E-03 -8.62397759396857E-03
5.36697007191506E-03 4.22883606669456E-03
-2.34908301150627E-03 1.95250481237157E-04
3.35264318530589E-05 -2.23846901361532E-04
-2.80756074164229E-03 4.4228141887653E-03
-8.43024908316134E-04 -3.97615278429167E-03
1.06487779575005E-02 1.39848691625413E-04
-1.00468506160737E-02 1.96927209239847E-03
5.94283546045726E-04 -0.01010989379821
-5.68587439392667E-03 3.87961669256954E-03
1.79398951655483E-03 1.68648960400578E-03
3.33594654475898E-03 2.8719218263748E-03
-3.72198726274809E-03 7.44907713053892E-03
-4.14915427473323E-03 -1.25910899456351E-02
3.96453402116164E-03 -0.007450020082724
-5.738350178562E-04 -1.17263997698129E-04
-2.38427988376939E-03 5.33950312240346E-03
-2.97666764610806E-03 -2.41027347894852E-03
6.21414342943841E-03 -4.15468744040837E-03
2.18642623933859E-03 2.78050543114544E-04
-1.3827778632125E-03 8.59022867146038E-04
-6.61448802270525E-05 4.70218560058904E-04
-6.37985202499962E-03 5.06554237929552E-03
-2.85964793781557E-03 -5.0830277205577E-04
3.60867415685755E-03 1.20977172098291E-04
3.68095143819712E-03 1.14313786080586E-03
9.28281449863377E-04 8.49660038464567E-04
-1.46370862067806E-03 4.36456755087203E-03
-3.35966323157678E-03 -3.09720203902536E-03
4.08543115037576E-03 2.05964717057667E-03
5.09257767657237E-03 3.1512147605794E-03
-3.21394441316669E-03 3.88567366085431E-03
-2.64468222575021E-03 -4.53875681960221E-03
3.55851452421861E-03 -1.89316433546821E-04
7.63096174715804E-03 4.80092911722574E-03
-4.16197094916789E-03 -1.40979542043232E-04
2.73713835884764E-03 -1.87578653179237E-03
-0.003409188572854 3.0029060676484E-03
2.17716480716339E-03 -4.78800002146171E-03
3.22793265597663E-03 7.29171769174995E-03
-6.8668641019149E-03 2.27319209599432E-03
-1.27438983312235E-06 -6.66366994644794E-03
1.90632320795449E-03 2.33186563691569E-03
-7.351460274057E-04 -3.39216982007367E-05
4.94558009721148E-03 1.5654509672959E-03
-2.78881643354811E-03 4.77123949573222E-04
2.69980787152831E-03 -1.87550526145854E-03
3.7609265116908E-03 -1.15743138132566E-03
-3.48407610467587E-03 2.07073628444571E-03
2.4502659630834E-03 -3.82749044114834E-03
-9.79864204412488E-04 2.76519848783771E-03
1.86957071317266E-03 -2.78255431283339E-03
-2.6815471108207E-03 -6.04517195177421E-03
3.89730917264648E-03 -1.39361414931122E-03
-7.85713095474198E-04 5.53297204650965E-04
-9.063446194756E-04 7.09031591537026E-04
4.83109655255041E-04 -2.28927476449179E-03
2.31872687384523E-03 5.12807729378228E-04
3.89358874755822E-04 1.11816622309843E-04
-1.9937085670172E-04 -9.50398792131957E-04
-2.40507820902885E-03 -1.12027742910123E-03
4.14951027583747E-03 -1.94156257964522E-03
3.06580538301887E-03 2.76853774785491E-03
-3.0846601791856E-03 7.78472781609771E-04
2.13965725397179E-03 -5.47027462613236E-03
-3.05844486811883E-03 3.28210241777167E-03
-2.68375348407539E-03 -2.75036122054092E-03
3.10291246744777E-04 2.84061585081804E-03
-2.51379371794286E-03 -2.55779074360756E-03
3.12826685286156E-03 -4.19466105205047E-03
1.15458118383178E-03 3.69301376591719E-03
-3.49616155131154E-03 -2.24301474239949E-03
1.32359486828823E-03 1.11186313062548E-03
-2.69916437954667E-03 2.47858956548696E-03
7.04303106996363E-05 -2.10742761865864E-03
-2.88145516200453E-03 -3.00733391191776E-04
-1.46860724126857E-03 -2.53907063109116E-03
2.72543583875502E-03 -6.19234767200643E-04
-3.20624355327672E-04 3.56797572246076E-03
-1.09815161478644E-03 -1.04912113827306E-03
4.52628298342248E-04 1.98040280932644E-03
7.03479276439908E-04 -3.63183287557627E-03
-5.16453694284439E-04 2.68452155416019E-03
2.48824849703513E-03 1.24634423127981E-04
6.08834721787598E-04 1.28221137242156E-03
-4.11557295370988E-03 1.17539058497723E-03
-2.85236703717726E-03 -1.61435494436456E-03
3.92493285127574E-03 1.62427810701299E-03
-3.96233007490853E-04 3.96924126897022E-03
3.33275072388582E-03 -1.57865426475661E-03
2.76010275269816E-04 2.80956574961294E-03
-3.21116972301134E-03 1.06831253464897E-03
2.04610850140193E-03 -1.62312352044104E-03
2.38794301388243E-03 5.72920563166979E-03
-1.54313406854473E-03 -9.33700140027894E-04
6.28995601568154E-04 -1.57969543731269E-03
5.26544691612013E-03 1.28015462447701E-03
3.47886249458705E-04 1.96621826002861E-03
1.11509164725636E-03 -3.07986262955946E-04
-1.08867350403533E-03 9.38020387194483E-04
5.11463420784887E-04 1.85840039194231E-03
9.15343300911465E-04 -3.29948389250349E-03
7.24421895781468E-04 2.53769153778768E-03
-2.89924172817825E-03 -1.23163222411018E-03
2.61244521833207E-03 -9.54988092333968E-04
-2.96749413215927E-04 3.34471380313089E-03
-2.8079590874695E-04 -7.66024711908116E-05
-1.66563603109213E-04 2.00673517701947E-03
-3.46800490665621E-03 -1.39434288729047E-03
2.2051876027337E-03 7.64921823806634E-05
-7.56203569256232E-04 4.25281388324525E-03
-1.01736031037068E-03 -2.81230575440657E-03
2.81192722282998E-03 1.1169359001744E-03
-3.31429606400285E-03 2.16011611738588E-03
-5.36596774531833E-04 -3.20854642569815E-03
2.30091109396422E-03 1.50540035616627E-03
-1.62716264061448E-03 1.18389686303932E-03
2.24085983288463E-04 -1.06928628011682E-03
-1.16262461938587E-03 3.48441401212601E-04
-6.31863099998478E-04 -2.33269863642771E-03
-4.18618587042506E-04 -4.2866909388352E-04
5.29233888530814E-05 2.54492492636317E-03
-2.48561500436298E-03 -3.9305925080411E-04
2.02697039587053E-03 -1.70155620127022E-03
4.68811919140146E-04 3.23694167201987E-04
-3.66575913467364E-03 2.23800306624246E-03
3.97717479265752E-04 -4.86764813470252E-03
2.11654761282042E-03 -3.43693856720054E-05
1.76433714382563E-03 3.05550786535739E-03
-3.06829813460502E-03 -2.21145789021207E-03
7.30204318026909E-05 1.46406790737252E-04
-1.4193747269001E-03 -2.56141057028813E-03
2.74951061866585E-03 -1.81408390690817E-04
-2.81437943399959E-03 4.13744454389787E-04
-1.63094352319159E-03 -1.92947617996005E-03
