3.08442479426066E-05 -4.71131859320726E-05
-5.01423227816499E-06 2.3385388124119E-05
-3.5092850876683E-06 1.36406314646084E-05
8.3087047818389E-07 -1.96894753485816E-06
-8.07608679559453E-06 1.05851124569015E-06
7.31079947190816E-07 -4.93456799986709E-06
3.19525025939591E-06 -1.17804438427491E-06
-3.38146765320657E-06 -1.23250949652618E-05
8.61072472088579E-06 -3.47579027677562E-06
-1.6859323649523E-06 3.95444558704183E-05
5.27638822228906E-05 1.81102422062166E-05
-2.02048365801037E-05 -5.14951707224081E-05
-3.9364643294297E-05 6.32460902852743E-05
-3.64867208675698E-05 5.20918420794525E-05
-1.25147940022908E-04 5.81627896456434E-05
5.1267310862654E-04 -3.05756284375876E-05
-3.75848203837963E-04 -2.99884019056414E-04
-4.78797744713555E-04 -5.03615636511501E-04
1.67917964464605E-03 7.83792381048831E-04
5.37392295629466E-04 -4.35225483500512E-04
-2.24691807811175E-03 1.73432102979042E-03
6.62854524669963E-03 4.74734404334724E-03
-1.30241426748772E-03 8.15252070322621E-04
-5.5705239113012E-03 -4.59821192740757E-03
4.67611492131503E-04 1.37952834953158E-02
6.27106340615999E-03 -6.32478009937833E-03
-0.010341560922892 -6.44488461391066E-03
-1.41405650664333E-03 -6.76747405035049E-03
-3.62990162992332E-04 -4.57337071951535E-03
9.53341025347587E-05 -4.03230387818792E-03
1.27719575816466E-03 2.41778228220652E-03
3.36675691302412E-03 -8.77154426876299E-04
-1.2511843275749E-03 2.11707494562501E-03
3.34577832026518E-03 2.54826475556214E-03
1.65560493825408E-03 1.61767113841438E-03
1.86180333067918E-04 1.60000843342997E-03
-7.75063572935635E-03 -9.63609351603538E-03
4.46596348138805E-03 7.08908856473345E-03
4.01729814280996E-03 1.79064393868225E-03
2.32602230747055E-03 2.55822506276621E-03
-1.64289764250833E-04 -1.93376128842516E-03
-5.04151151371555E-03 1.27400438041376E-03
-9.86764283569899E-03 -4.65090637820685E-03
-1.26576776401624E-03 1.44889659039284E-03
1.16682513372472E-02 3.89476929846243E-03
1.94776653077488E-04 -3.04373841876949E-04
2.16306563235469E-03 -1.04715900179205E-03
1.44452715045956E-03 -5.89882201013616E-03
3.63165988178372E-03 1.97953105929571E-03
-9.20057896515408E-04 6.79364082805202E-04
-6.7371972400722E-03 6.29834493931193E-03
-5.08230167540095E-03 -9.55314130531648E-04
5.50601418416819E-03 -6.9132031360662E-03
7.4418508345964E-03 1.68223994769392E-03
-1.05883041210336E-03 6.11644670629944E-03
-3.61613298935714E-03 -7.85076810618055E-03
-4.86227054787813E-03 9.10609015645476E-04
-1.73109834365988E-04 4.05594124923799E-03
7.25588923094669E-03 -3.66485974029875E-03
1.05116786416907E-02 3.89017680817884E-03
-1.00808927208335E-02 -6.72905283103453E-03
3.06943851124914E-03 -6.76818326723278E-03
3.95346109938263E-04 6.24092054065728E-03
-6.05791157733009E-03 8.20937768883652E-03
7.29849783306105E-03 1.61314658878602E-03
-1.1239552110129E-03 3.70127340363162E-03
-2.28289101447552E-03 -7.11630956451669E-03
4.39968714475846E-03 1.75198166311796E-03
-3.45617559199356E-03 4.74858394838451E-03
-4.6723328584118E-03 -5.30313757434864E-04
1.07933660171072E-03 1.91634970145005E-03
3.15920525342225E-03 1.67673833682542E-03
6.51525264809429E-03 6.18263968814445E-04
-7.77417003871834E-03 5.30742533901227E-03
-8.88839650699289E-04 -1.24354906700164E-02
-1.7989509399395E-03 2.43380586767375E-03
5.71329012702867E-03 -2.1645142174065E-04
5.81770770607541E-03 7.44938307330431E-03
-3.96098039338691E-03 4.03740628174058E-03
-4.71961659817262E-03 -0.011407260742526
7.09240068264029E-03 -7.2435680972003E-03
-6.7638801192999E-04 3.95132972469168E-03
-2.27064642118576E-03 1.09333680723618E-03
-3.97361660413402E-03 -3.33877720619838E-03
4.63100228322775E-03 -6.22400251460727E-03
3.92421583496011E-03 7.13594007714088E-04
-1.92806069632491E-03 1.48489976986784E-04
-3.43098446566412E-03 2.51762348534089E-03
-4.99924503120386E-03 3.23240443030424E-03
6.77160872528703E-04 -1.50898284841044E-03
4.34007763580988E-03 3.14222679303221E-03
1.55422562395709E-04 2.21723464391368E-03
-1.31593692745806E-03 -4.09970746830969E-04
-1.91775813960449E-03 5.87414066626631E-04
-2.33608978665566E-03 -2.38652445771809E-03
5.41784030543534E-03 1.33019327286536E-03
3.74460784696412E-04 2.19829094087677E-03
2.45569760254289E-03 4.7438055061975E-04
-4.30085680087621E-03 -5.3466523459844E-03
3.38528980557996E-03 -3.32812553799045E-03
4.58515795440169E-03 3.51597527803775E-03
-4.62552438477926E-03 -1.12766867483213E-03
2.43351344134308E-03 -5.39403593247002E-03
9.33016686827288E-04 4.32689320526298E-03
8.10856677562919E-04 -3.33058726925014E-03
2.48157714552131E-03 2.8152731931527E-03
-5.67552744062508E-03 2.74713218257307E-03
1.82267812025375E-03 -4.91670650085977E-03
2.71147668545938E-03 4.62572073307461E-03
-1.49787375797502E-03 -2.49021517719013E-03
6.20832932325408E-03 -3.1069133233634E-04
-4.90737671003275E-03 1.05864362531247E-03
4.96125677518039E-03 -4.92124252606573E-03
1.87367498384624E-03 5.22386385700745E-03
-4.88167656685983E-03 5.89511236035162E-04
-2.88524729989752E-03 -5.91901309174473E-03
2.64952962002446E-03 5.05819987136417E-03
-4.57452668751085E-03 5.86305738835795E-04
-0.004096033561718 3.78138642035435E-04
-1.12015799805324E-03 -2.96699708571865E-04
-5.27801400242759E-03 1.46113074923737E-04
2.35151379814341E-03 -3.2046229554251E-06
8.08034484173883E-04 1.66920200718047E-03
-8.1505497465373E-05 3.48366318882006E-03
-7.33186701234195E-04 1.8828327201043E-03
2.25519682667679E-03 -3.64418662545427E-03
-1.7355619848778E-03 1.69233803142848E-03
2.12346159065913E-03 -2.76269497292186E-03
1.30795812826004E-03 1.28444660011948E-03
-8.37318406231286E-04 -1.99764986724344E-03
-1.17852301582109E-03 -3.61293299628692E-03
1.57607074757102E-03 7.78787460447642E-04
-4.74568151823204E-03 1.19704226980515E-03
-1.13560931037387E-03 1.75387804364634E-03
-2.70853116637564E-03 -2.44951636862679E-03
6.45753320680813E-03 -3.25215971581844E-03
8.16221753317468E-04 3.29968171567056E-03
-3.71220165044026E-03 -4.1176961321095E-03
2.61418678452552E-03 1.29293876868832E-03
-2.24210679008755E-03 8.04106156381532E-04
-1.54324638985146E-03 3.30056546543568E-03
-1.68525771129293E-03 1.83099579015705E-03
-8.41645427716361E-04 -4.69483555368405E-03
9.62857182230128E-04 -3.88894947805488E-04
2.06138498980028E-04 2.2626547575834E-03
4.07218759561309E-04 5.27220721456333E-04
3.03639942496905E-03 3.71910096405097E-04
-1.60004800666516E-03 -1.71233878762863E-03
3.64389381537034E-03 1.89280821939975E-03
-3.36284405183446E-03 -2.02316884845723E-03
4.13985230633923E-03 4.30716917302262E-04
1.38984039160442E-03 3.18302847583966E-03
-7.11960860306552E-04 -1.27876314384075E-03
3.16096803346614E-03 1.10399527730389E-03
1.32149560373361E-03 -1.75336802275187E-03
3.66788888494737E-03 -1.60374134096556E-03
8.23040280669865E-04 1.55858589723132E-03
8.90896901835442E-07 -4.2498359950172E-03
4.69867093087489E-03 3.38286139776309E-04
-2.06814215306406E-03 -1.36727320657905E-03
1.78872719160564E-03 -4.41474767900923E-03
2.87811025281575E-03 3.09123179578911E-03
-6.51118361057214E-04 6.82900370397192E-04
1.5030875842882E-03 -2.71552495634333E-03
-1.85726675555282E-03 -7.09489215641811E-04
2.93871046457834E-04 -2.57215687469637E-03
-9.33091378310976E-04 1.97987961588026E-03
2.05991674493328E-03 2.22210572066934E-03
-2.82643416019908E-03 1.28526422461684E-03
-1.9282179272494E-04 -5.78699582798157E-03
3.77198259186185E-03 1.18171417580408E-04
-1.27958190915506E-03 6.06755702381893E-03
-6.64623477717967E-04 -1.69469569964651E-03
1.91278629659556E-04 1.6778215641892E-03
1.88728803329103E-04 -1.71078821851658E-03
2.2039222412484E-03 1.1737856475024E-03
-3.40227297674064E-03 2.3988402097634E-03
-1.49648997603943E-03 -3.49411931012071E-03
5.67748053443802E-03 1.1006408867495E-03
-2.43298947311355E-03 -1.98293343141217E-04
3.12850192030111E-03 7.94937995248219E-04
1.58800106597326E-04 8.31724606292958E-04
-2.00516203554742E-03 -2.11251951780214E-03
1.75793273992539E-03 7.21445161333312E-04
-9.34549743826462E-05 4.21853270030044E-04
-8.66379438692279E-04 -2.84196292799244E-04
-2.89177090374906E-03 -7.58696550602724E-04
-1.70394548004931E-03 1.32827600491395E-03
1.54226627395798E-03 -0.001390542001849
3.42657329589638E-03 5.17628544107013E-04
-2.66458117371417E-03 4.14469169268168E-03
-2.02309628439595E-03 -3.33873210935883E-03
3.59775356411211E-04 -1.81893286479928E-03
-1.33996069653312E-03 3.40003140353296E-03
-4.88708733585561E-04 -1.16588098821956E-03
-8.67934639464927E-04 -1.22039431250665E-03
-3.92407423796178E-03 4.42463686959313E-04
7.01608248130691E-04 -2.15784594257068E-03
5.38539788942891E-04 2.86275571262891E-03
-2.35572658797995E-03 2.20276785918567E-03
-2.82822399098108E-03 -1.80245907548858E-03
