3.36867088010075E-05 -5.15286235728749E-05
-6.90335003390584E-06 2.15062860003365E-05
-5.37540090197508E-07 1.36860473989271E-05
4.21827742754261E-06 2.72408665045243E-06
-9.4596181120182E-06 2.58518575610578E-06
-5.16588565923629E-06 -6.23160821025141E-07
6.40635401853458E-06 -3.17176781031696E-06
-2.5060690396726E-06 -1.01265713723126E-05
6.78150465932191E-06 -1.33915791207918E-06
-3.52400412949278E-06 4.12234282933445E-05
4.19535940698272E-05 2.24593105375468E-05
-8.49247773134577E-06 -5.15763544052769E-05
-6.89579230916051E-05 5.76277056589171E-05
-1.77613859252848E-05 3.31146233209761E-05
-4.83596051444669E-05 3.20010930236332E-05
4.13189240985004E-04 3.64093932108699E-05
-3.52478587982801E-04 -4.89355087793872E-04
-5.88604281438066E-04 -1.47922988518883E-04
2.01243673110863E-03 7.88857596303416E-04
3.62624884900559E-04 -3.05678965484612E-04
-2.15021961919354E-03 2.46974626431257E-03
6.67305186590711E-03 5.07641388982985E-03
-2.60906430826909E-03 -8.21078540906319E-03
-8.55933806747444E-03 7.85484126677943E-03
6.56841216614512E-03 2.38665393288814E-03
1.38734737043151E-03 1.93648547047905E-03
-1.22902477900496E-02 -9.30580606495195E-03
8.1527383130089E-03 -2.58359987847992E-03
-6.62887860331315E-03 -1.46692976353007E-02
-1.71096125551677E-03 6.4629204792655E-03
6.86261680465707E-03 -1.50612406025677E-03
-3.82869940597582E-03 3.86025695653827E-03
4.03143845689603E-03 -5.54317431087523E-03
-7.56645604811088E-05 8.95717556033279E-03
5.30826681000637E-03 -4.14633807869792E-03
-7.92581987549209E-03 2.06691632112089E-03
-1.44159587245952E-03 -9.61749701032565E-03
1.41548351852473E-03 6.73836401293885E-03
7.5051419560826E-03 4.50424838413047E-04
-8.5974345818933E-04 1.18863417956843E-03
6.04097093712211E-03 1.00920236294066E-03
-1.14147360100717E-02 -1.79759730740566E-03
-7.49557602715213E-03 6.086147083755E-04
4.82861114420556E-04 8.85850885246011E-04
7.62547293480076E-03 8.05544359183312E-03
1.63454382513412E-03 -7.25522294233858E-03
1.39107485610244E-03 1.47751730336217E-03
1.71797109536775E-03 -9.1174079441563E-03
3.11869975482741E-03 4.26939964493048E-03
-6.75111779929448E-03 3.02975409966957E-03
-4.87553222047892E-03 -5.58442960626679E-06
-4.39983443353604E-03 -4.42192382721053E-04
8.06493094052751E-04 -5.91096257403454E-03
3.41088425903373E-03 3.26939416182824E-03
-2.15033662477428E-03 6.66627379353849E-03
-8.52753385899148E-03 -8.74391802272868E-03
-3.54759406103685E-03 2.02872132014088E-04
-7.07764120073645E-03 6.25543494664109E-03
5.59025512155622E-03 -2.61391138456946E-03
8.8894629949145E-03 -6.98264812422593E-04
-1.19903911751135E-02 -4.87428611904274E-03
4.14107089599864E-03 -9.79153673505933E-03
1.89433598334381E-03 7.8821366407724E-03
-6.4565996125935E-03 6.36066041440553E-03
6.78944577231883E-03 -3.52065501922852E-03
6.07764822621489E-03 4.75526874211997E-03
-6.25618029338646E-03 -7.23467898631479E-03
5.00455372571122E-03 -1.90266673282937E-03
-4.6517072771549E-03 4.08210666492902E-03
-8.14389981045671E-03 -2.11409247630603E-03
5.85527539082585E-04 -1.5579155321661E-03
4.15288035757887E-03 3.69844718062568E-03
6.87741407476531E-03 3.21868603412699E-03
-0.005858039935905 2.70748308854094E-03
-3.98176442849957E-03 -7.6623486049227E-03
4.86076266739377E-04 -9.02477617599624E-04
3.11465698030989E-03 2.31139724298808E-03
4.08154127695858E-03 1.06884195044655E-02
-2.51291931569725E-03 1.4491985605959E-03
-9.13518493715392E-04 -6.40269581352226E-03
4.10879998959069E-03 -4.62830680942449E-03
-3.32905810784749E-03 7.95022867063318E-03
-1.31099286480512E-03 4.80981267220385E-04
-8.41236266303048E-04 -2.07596765500565E-03
1.88309888673316E-03 -6.13981972986443E-03
6.5956188706503E-03 1.9389334121153E-03
1.03029775325166E-03 8.24353839848351E-04
-2.17979042284637E-03 3.18024381380899E-03
1.60992564127457E-03 3.70708941601393E-03
2.44858541853046E-03 2.0704839232939E-03
3.09611787645526E-03 -1.25131068449309E-03
-9.82283942559705E-04 1.8348089545006E-04
1.02504529011798E-03 -4.26447448271412E-04
-3.777829920179E-04 -3.81860704666367E-03
8.31972710719579E-04 -6.39710403677892E-04
3.61534161158482E-03 2.1666211583275E-03
-5.590376998641E-04 6.83130378266894E-04
4.82899844941532E-03 -2.23309920484957E-03
-2.35390358101604E-03 1.0300847504015E-03
2.19922060174548E-03 -4.3337553868062E-03
2.3612881206847E-03 3.03779259647214E-03
-6.36827216412478E-03 1.19553446085952E-03
-5.27837326338216E-04 -7.70739251284008E-03
4.44007003506925E-03 5.63180817006339E-03
-4.2245961084751E-03 2.84192640363693E-03
-7.3751785883507E-04 -4.6080404730236E-04
-2.92100448291465E-03 -7.92667215603893E-04
2.24895633365295E-03 -5.78288925907617E-03
-6.62835610100841E-04 8.66672735463621E-03
-4.40228817778944E-03 -4.32600786279657E-03
1.38872807510463E-03 -4.88797186071748E-03
-2.98157748838166E-03 -1.19664519473282E-04
3.42336286905453E-03 -6.7562589235795E-03
-1.38355336644824E-03 5.90942747295902E-03
-3.75858190068084E-03 -1.22093048215308E-03
-1.68443156694004E-03 -2.33937210586582E-03
5.3459974725616E-03 3.7338411363094E-03
-3.11528069735146E-03 -2.5078207614793E-03
1.72810982314529E-03 1.71068701733991E-03
-2.99318534387809E-03 1.13531365642486E-03
8.01901064609338E-04 -4.32397352464999E-04
3.71302605186904E-03 3.92020898725768E-04
3.5680208382655E-03 9.61336098173516E-04
2.73290402256689E-03 4.2391613141121E-04
3.20010230611688E-04 -6.33139776933224E-04
1.80954751430189E-04 -6.29682881775664E-04
-5.47057131557379E-04 6.27912529449368E-04
-3.91285927906483E-04 -3.05981198054261E-03
1.37775570931873E-04 3.32711007314194E-03
-3.08933627708274E-03 -2.75222699048562E-03
-7.61580625096143E-04 -2.25153858636528E-03
7.91555370981358E-04 1.15913115178947E-03
-4.00590603184737E-03 4.25204375991173E-03
-2.0514019051293E-04 5.52823887149474E-04
-2.2886733568608E-03 -2.46768816831232E-03
5.30767130781284E-03 -1.04834221290354E-03
-2.5805100676145E-03 4.93178799555685E-04
-2.01874152034284E-03 -1.38793433182089E-03
6.05942248963464E-04 7.13107595810362E-04
1.36758737256625E-03 4.22931250959743E-03
1.75630725190193E-03 -1.26533192848112E-04
3.28978968055288E-04 3.11584508238127E-03
6.45064083779882E-04 -2.77278269745446E-04
2.73865152442118E-03 -3.19445412857326E-04
-7.02091767828303E-04 7.97910208517493E-04
-2.02755791613619E-03 -2.71708375618183E-03
0.005054260771023 -1.34712749709622E-03
4.2603926857433E-04 -6.18568665889788E-05
-1.61677951671852E-03 2.31853691581553E-03
-1.37620355114524E-03 -1.82890607192335E-05
2.87316744724686E-04 -3.43411498710722E-03
7.30030757119923E-04 -1.97859268942785E-03
4.69848968499596E-05 2.25585147444548E-03
-1.80080092171553E-03 1.02762599187172E-03
-4.18330275984239E-03 -1.09280802160854E-03
5.09081090632832E-04 -2.31206581250089E-03
-2.0622409887638E-03 -1.03335827735163E-03
-2.96559739433991E-03 -2.67609054506441E-03
-1.07201810149271E-03 1.01878251626223E-03
-5.49714627745122E-03 1.3889322191079E-03
-3.88921698408661E-05 -2.72208243737154E-03
2.54391724924185E-04 6.89759345389976E-04
-2.42667608162082E-03 3.86000713249507E-04
1.9934000768392E-03 -1.03319113669686E-03
-3.06453891553764E-03 2.98104644834395E-03
-2.10007408437357E-03 -4.04620676766524E-03
3.2288978788166E-03 3.52999745630144E-03
-3.50910246724229E-03 3.42814952387131E-03
-9.47149694812957E-04 -5.91422181026835E-03
3.25020637485194E-03 1.07117040873319E-03
-1.70265548676112E-03 4.73352526945288E-04
-2.56955158795434E-03 -2.11313653647132E-03
2.54144901812108E-03 -8.08480888695595E-04
7.78903058310922E-04 1.76082901119689E-03
-6.25897945101397E-04 -3.04743169441396E-03
2.20178139175668E-03 7.26783808121651E-04
-5.00148095217555E-03 3.99414000419704E-03
-6.07444625925387E-04 -5.56690733941379E-03
3.13289866156391E-03 3.01353474672607E-04
-2.38919404195629E-03 2.74140530195226E-03
1.81460989709446E-03 -3.60333956588096E-03
7.19086403948301E-04 1.61098234314821E-03
-2.3346477481423E-03 -5.99809911114295E-04
2.20196242907007E-03 3.45042947712884E-03
-2.16281846066671E-03 3.71870492288244E-04
-5.36448284167111E-05 -1.38593626397453E-03
6.28820073033681E-04 1.0642107304134E-03
-9.0657673257599E-04 3.22668530761137E-03
-9.5345823055652E-04 -4.36485985538908E-04
5.50799585252542E-04 1.65506711025928E-03
1.7341855159695E-03 -1.32708693858388E-03
-9.02305644455787E-04 -9.48074824737766E-04
1.20742137179073E-03 3.65148748016978E-03
-3.22370977254686E-03 -1.07040623956914E-03
8.4580616218671E-04 1.87008616140695E-03
1.52632723243622E-03 -1.58561233861762E-03
-1.12892846199269E-04 -2.07103152271992E-03
3.21266955103358E-03 1.93495745405944E-03
-3.66542776590009E-03 4.48100236591345E-03
-1.64448686143861E-03 -4.30526465112168E-04
5.41610272310153E-03 -3.47907825728353E-03
