3.142721918919E-05 -4.73108918561916E-05
-4.14515398365971E-06 1.84329290293374E-05
1.37364815121498E-06 1.15426331488641E-05
7.10882387743183E-07 -3.98610933545348E-06
-8.09143758484241E-06 1.04024535235283E-06
-8.25914826348564E-06 -6.67174325287368E-06
5.12109493822442E-06 -4.90458042163901E-06
-3.81750828425048E-06 -9.47160197262875E-06
9.03304955382925E-06 1.08267014589212E-06
-2.75794908587644E-06 4.4694276903792E-05
3.88742329671718E-05 1.40830488102455E-05
-5.61240656779917E-06 -5.41803087058835E-05
-8.40064579023683E-05 5.10914551909667E-05
1.09737544546867E-05 1.63207965234832E-05
4.67572003923878E-05 3.36917175804584E-05
2.29529271341008E-04 5.39904291191455E-05
-2.05861359495752E-04 -5.92060117471855E-04
-6.04753430349736E-04 3.60046562445488E-05
2.04478271332381E-03 7.77157605754168E-04
-3.42687281396146E-04 3.04149725539831E-04
-5.80180078314143E-04 2.38673271358828E-03
4.18266289967443E-03 1.19623839402676E-03
1.8217677746837E-03 -9.6646877341456E-03
-9.37756866612641E-03 0.01049400156623
1.46793960039818E-02 -7.46357040242844E-03
-1.00313139297571E-02 1.12330644306352E-02
7.61415863278094E-04 -1.31305192787973E-02
2.9733067927876E-04 -4.07415951237934E-03
-2.73400384366745E-03 -9.96792336500729E-03
-5.03535763150447E-04 8.30804576906512E-03
5.07310061573386E-03 -2.33803848327502E-03
-1.00424557355436E-02 -1.06663147004685E-03
6.31671719023332E-03 5.23123646101277E-04
3.34551352167531E-03 1.63168400563173E-03
2.26548255140316E-03 2.83482880000093E-03
-7.17997152488124E-03 -6.3968528269891E-03
-3.86411322376614E-03 1.77943497527222E-03
5.0104996680607E-03 -1.10218005803023E-03
3.91038123487128E-03 3.74581680347206E-03
4.80618619486613E-03 -9.49035368878598E-04
-1.76980620970896E-03 -5.69705635882386E-05
-4.72081130813409E-03 2.35951484781191E-03
-9.16827431873133E-03 -2.68656425721293E-03
6.24688077680344E-04 2.30233364624952E-03
7.79099418350938E-03 4.37360972784281E-03
-2.04360137433342E-03 -1.20108901923361E-03
2.22704532944084E-03 -9.94339139632849E-03
1.42090355471135E-04 -2.77100678051614E-03
3.17954117460814E-03 -1.36315292862077E-03
-5.79360071854963E-03 1.63750341113826E-03
-5.30281330334145E-03 3.26180717318011E-03
-4.94358697459413E-03 -1.73971962919173E-03
1.57264176202188E-03 -6.88546134242708E-03
2.54216400729182E-03 2.71594113459323E-04
-1.96820018715352E-03 2.51271348412958E-03
-9.04403782485817E-03 -4.35982502414553E-03
-3.4853182195277E-03 -2.70563573591664E-03
-3.68133255081449E-03 7.25184550739181E-03
2.56868290378429E-03 -2.06637619593578E-03
6.59924945585279E-03 6.27260379969851E-04
-6.41230528828066E-03 -7.11670716427017E-03
1.77975068768979E-03 -8.32691931244059E-03
4.29374101703874E-03 9.76077803469851E-03
-7.53213193448687E-03 4.45453670823641E-03
7.98137568237526E-03 -3.74602592056236E-03
1.03835831750799E-02 3.98083622793711E-03
-4.42035662738232E-03 -2.84104347799452E-03
5.93346523670612E-03 -2.98811365410339E-03
-4.79376375834629E-03 -9.80384661482724E-05
-1.92324885426764E-03 -2.44209529807817E-03
1.37571281921658E-03 -1.53940092665897E-04
5.53219334904966E-03 1.26935734289953E-03
8.99502302161508E-03 8.65671010125488E-03
-5.82693171970499E-03 1.50757384621295E-03
-5.05563218774303E-03 -9.46796462721812E-03
9.58687929357607E-04 1.03836035324115E-03
-1.40445521570156E-04 7.03116794545647E-04
9.85154233421313E-04 4.08688668986972E-03
-2.35333235037482E-03 2.49767662638406E-03
1.2904443146272E-03 -7.34022887059415E-03
1.44054865857746E-03 -2.11001669587446E-03
-7.31116649067746E-03 6.92951564745169E-03
-5.89535102370005E-03 -5.29638065049203E-04
4.25130528355496E-03 -1.93956688013462E-03
1.89069480269767E-03 -1.96833862015908E-03
1.79845023614448E-03 1.5565451054967E-03
2.23858438149499E-03 3.21557166847995E-03
-5.49953809651391E-03 5.07718974045253E-04
5.89361125979857E-03 -2.63069202049062E-04
6.87684017820461E-03 6.67117630347168E-03
-2.59603512683496E-04 -6.1360785310257E-04
-1.30093333022682E-03 -2.95828044609683E-03
7.71975049081727E-04 1.44200376719749E-03
-2.67641855834812E-03 -2.05712093281197E-03
2.50452355733319E-04 -6.21239127006911E-04
-3.7850755753409E-03 4.08167508154933E-03
-3.48807716152828E-03 -2.91650734987409E-03
3.91749717151979E-03 -7.50933215277373E-03
-8.85856086282041E-05 5.0259091658536E-03
-5.12468419439566E-03 -2.03646089052811E-03
3.68457586978422E-03 8.84666835344701E-04
-7.46676963475262E-03 3.36037582646438E-03
-1.50653354364433E-03 -9.28055001608784E-03
7.03978342546749E-03 4.49957440861868E-03
-3.52780504939935E-03 3.45726322095064E-03
-2.76052128724509E-03 8.75047376334992E-04
-2.52941060728114E-04 -8.58154447107427E-04
3.07577681259194E-03 -5.19748148357455E-03
1.86815054147623E-03 7.15794365440451E-03
-5.31647534328663E-03 2.92552908204318E-04
-2.82505805473741E-03 -5.33242191172686E-03
2.44827390102693E-03 1.20154654771823E-03
1.59978798698184E-03 6.11851040159322E-04
1.13770058251942E-03 4.97029288063957E-03
-5.48125369242477E-03 -6.09337472360574E-04
3.00711116108832E-03 2.43082011680857E-03
1.48795616551464E-03 5.81572037934735E-03
-1.83738592542773E-03 1.83419083689148E-03
3.71698403029219E-03 4.10734960569216E-03
-5.10182810077597E-03 -7.65175224132053E-05
3.92055212536838E-03 -4.83815727191063E-04
-2.86773257986327E-04 3.19540661739257E-03
-2.71754698283839E-03 -2.02375741078509E-03
3.93939469431737E-03 -1.18276173062398E-03
5.93898291104259E-04 -6.35065538631443E-04
7.57788196374704E-04 -4.47054678569658E-03
9.42748635474719E-05 5.73661300272018E-04
-1.61910296067134E-03 -3.81118965974989E-04
1.53892530731481E-03 6.19389371788938E-04
-2.32089535383055E-03 -2.1421603430128E-04
3.00653944593975E-03 3.82176075401919E-04
-2.67517806304657E-03 2.17550384266292E-03
1.93250929500972E-03 -1.15214204707337E-03
1.11179962162703E-03 5.52318563039157E-03
-8.56350612903847E-04 -1.0168740664558E-03
6.53098460860249E-03 -5.53552631694713E-04
-3.29822403456737E-04 -1.0727535095654E-04
-2.15572886465022E-03 -1.41090385872466E-03
2.9623115764658E-03 -1.16547729952934E-03
-1.02998494949993E-03 2.75707745162376E-03
1.04482306296754E-03 1.16974197776943E-03
3.22626916640132E-04 -1.46048567197238E-03
1.46592503720344E-03 -2.88951157246581E-03
2.47377171469797E-03 -3.59774019789518E-04
-3.34631921781107E-03 1.39834902128139E-03
-1.0362523036445E-03 -3.02801109104089E-03
-9.65353934920041E-04 -7.08117645139454E-05
3.08033985474882E-03 -1.66096516779943E-04
9.18007215982868E-04 -2.67928124230327E-05
-4.01141031461726E-03 4.12440095791833E-04
-4.69251751251707E-03 -8.57839273901905E-04
3.43820519031826E-03 -1.26195408837659E-03
-8.50739543399766E-05 1.59940674118418E-03
-6.68011350728065E-04 1.74596279438993E-03
-6.4048661145053E-04 -1.47940532817317E-03
2.6451778937559E-03 2.55271063128163E-03
-1.68160156058638E-03 5.03665093272598E-03
-3.76868331843072E-03 -1.64312256833532E-03
2.19940108317974E-03 7.03901675583321E-04
-1.42766692213711E-03 3.58033972545969E-03
2.16645363595184E-03 -1.09745976781964E-03
2.69944496141527E-03 2.41177477986581E-03
-1.76920423154003E-03 0.003170507245416
8.80932354752145E-04 -5.52383994941581E-04
2.72961555645319E-03 1.79089588374336E-03
-1.76765198384062E-03 1.87006359385667E-04
-3.05512334527223E-03 5.09834338400382E-04
1.08587624051742E-03 -3.74615437330996E-04
5.48068214420153E-03 4.10262852086293E-04
-2.44042827526766E-03 1.92847844045444E-03
-1.86967345571328E-03 -2.85995782395941E-03
-1.39850339369421E-03 1.0330374161788E-03
-1.33042435073542E-03 1.61288324076837E-03
-2.80803724296252E-04 -2.81315179605588E-03
3.40428672395703E-03 -3.52394902060097E-04
-6.04571103621404E-04 3.76606187922365E-03
-4.20081398264727E-03 -2.61643333994578E-03
4.22130605503352E-03 -3.00021227256827E-03
-4.56906153197827E-04 6.43167868626883E-03
-3.24997022844562E-03 -1.38450945553513E-03
1.61549895281641E-03 -2.10467445122295E-03
-8.38628382823532E-04 2.03902478770839E-03
4.66100141824605E-04 -2.55704645291464E-03
1.17005691167965E-03 0.002066456594529
-5.97112486059196E-04 1.71271750605334E-03
-1.79035010279378E-03 -4.28050325365271E-03
5.55023790832296E-03 -1.19518648535927E-03
-0.00222837109707 3.40207694912083E-03
1.19890250545411E-03 -7.32437522598513E-04
3.07992004148977E-03 -7.16262302544721E-04
-3.02482944016723E-03 2.47034722779507E-05
0.003366705846057 -1.98763426740545E-03
3.06490283291639E-03 2.19681156271159E-03
-1.10022605022113E-03 5.99130050166754E-04
8.89406206412015E-04 2.59550443189828E-03
1.26036991723738E-03 -8.13526173000143E-05
1.05630545978389E-03 -4.65735468260466E-04
-3.05903377356556E-04 3.22643340240712E-04
2.59750994844371E-04 -2.34948775410916E-03
1.79441811490415E-03 2.39106236946074E-03
6.17438525343662E-04 -4.40771697014539E-04
