3.16740972075443E-05 -4.88199554566466E-05
-7.29701705421883E-06 1.9297976548612E-05
-1.89563496802545E-06 1.75562988744906E-05
-4.40710161251974E-07 -3.74753116678248E-08
-1.05382165488941E-05 -1.7340350167223E-06
-6.23651018278921E-06 -5.49856618610383E-06
5.15871656440011E-06 -4.39530422832004E-06
-6.79323470212858E-06 -1.00730543334959E-05
1.12608767421991E-05 -1.93128451235648E-06
-4.7746341260112E-06 4.0629447662265E-05
4.72280455416442E-05 1.40654435342369E-05
-1.0980887208796E-05 -5.5849166783294E-05
-8.8646153565191E-05 4.64799092982537E-05
4.60414352269765E-05 7.60439255234177E-06
1.25270969994222E-04 7.30721957239469E-05
8.66910182711216E-05 1.53894912875626E-05
-3.08196750229481E-05 -5.94558392296618E-04
-4.63434670881403E-04 4.07231198126975E-05
1.1393361780639E-03 9.52546489739018E-04
4.95316845530262E-04 3.12855154008812E-04
4.31242897436777E-04 2.89933395087975E-03
3.11141393589628E-03 -3.20177450260582E-03
6.84700920048429E-03 -2.36643155917305E-03
-4.29261478288338E-03 1.22065585236738E-03
1.19447929291545E-02 4.78738044895984E-04
-9.33427572154343E-03 6.08313464587081E-03
2.59749992627965E-03 -1.05220260603559E-02
-4.62549221876168E-03 -7.56611063356895E-03
3.09655797329249E-03 3.1109777085667E-03
2.56304771786507E-03 1.08257913661375E-03
-7.11734495824984E-03 2.36752615263901E-03
-1.22951128977796E-03 -6.44221359992865E-03
-1.75395683239997E-03 7.587517110523E-04
1.32151403836145E-02 4.02362530396691E-03
-6.05781659304007E-03 1.76139176330968E-04
-1.05855508569466E-04 -4.44411201350089E-05
-9.14728663925612E-03 -3.20435969845286E-03
8.31910551697393E-03 4.42763294215711E-03
7.71142159336206E-03 9.00077702777025E-04
2.91962681847428E-04 3.76782085723723E-03
4.5138842637319E-03 -4.42081844926503E-03
-6.03359394383438E-03 2.48231403898945E-03
-9.20142916846884E-03 -2.0091973801558E-03
1.65629822142106E-03 7.87110436519169E-05
0.01405590489045 7.0850397995531E-03
-1.11709048459564E-02 -4.33736353474548E-03
6.49113158262692E-03 -8.55611955013717E-03
9.77568920848859E-04 -1.41807123391788E-03
2.07914853755614E-03 -7.50884788571697E-03
-1.24698720507107E-03 7.5372244777834E-03
-7.74848157186389E-03 5.71693283865136E-03
-3.0428458603956E-03 -3.39977261402428E-03
5.70281220836532E-03 -7.57537105635968E-03
4.63827380874334E-03 1.80195214335435E-03
2.81670731387305E-03 9.70716663503458E-04
-8.42613914483276E-03 -4.47570553604486E-03
-3.70504862859345E-03 -8.79059673568041E-04
8.53860382067306E-04 9.80079152996859E-03
3.27349412218995E-03 3.00918802774046E-03
5.07617052450964E-03 1.1732827876055E-03
-3.84766880947778E-03 -9.72017693610223E-03
1.77616450722909E-03 -1.63695583747593E-03
1.69083363930606E-03 1.03556133457292E-02
-8.73826144766167E-03 6.29719119167506E-03
6.61134904798516E-03 -7.7637496792877E-03
6.27516476575796E-03 5.68602501753675E-03
-2.59210981012775E-03 1.01307452866265E-03
2.2817107105863E-03 -2.13110518486105E-04
-5.42144610393896E-03 -1.08448320916716E-03
3.30263238758404E-03 -3.15290298753138E-03
2.52876286785331E-03 5.96756348654093E-03
4.01220532811979E-03 -1.0965836895316E-03
6.41218728547078E-03 9.70273473987909E-03
-5.39769253039355E-03 -8.37031754351978E-04
-8.94633476199081E-04 -1.04857279952045E-02
-5.95211549876017E-04 1.95964791170704E-03
-1.6639247147964E-03 -1.62364938682456E-04
2.08954684768089E-03 1.38250158886889E-03
1.51207355337013E-03 -4.20433567191621E-04
4.4175734091528E-03 -7.76946336376039E-03
3.22947159519845E-03 2.24111436061061E-03
-7.99869644912463E-03 5.01074545985667E-03
-5.2716007399075E-03 -9.31623530377482E-04
1.96592009785258E-03 -1.82610340688703E-03
4.24893011036246E-03 7.701572363904E-05
7.65498689358893E-04 1.16176384995733E-03
-4.10227150776234E-04 8.11573833025119E-04
-3.0133540703168E-03 -3.84321160602924E-03
6.19501465259102E-03 -3.69769048473934E-03
4.77812598830141E-03 4.95465143046128E-03
-3.7218199081005E-03 -2.25843865309873E-03
1.40347887805411E-03 -5.00645152327929E-03
-1.37406218465387E-03 -2.71357133224679E-03
-1.80546325889401E-03 -2.82127760810326E-03
-1.01452693983748E-04 -3.27656035221643E-05
-3.73118430398658E-03 3.81632683370723E-03
-2.88852647619602E-03 -7.72244570668664E-04
1.39086578837516E-03 -7.28276665213134E-03
4.43985213629054E-03 4.56549199335906E-03
-8.45352519169495E-03 1.29382865956881E-03
3.91457545234373E-03 -1.57799319337405E-03
-1.10609670867548E-04 6.02735345527044E-03
-1.71764980879132E-03 -1.12240094407423E-03
5.04704438346276E-03 6.46668630296542E-03
-2.43738316094711E-03 1.55276032820011E-03
-4.56657607580408E-04 -1.06844858000579E-03
-8.6007608085126E-04 -6.04720812038404E-04
-4.77181512964405E-04 -7.09053444312682E-04
4.36630817596848E-03 4.48281310669864E-03
-6.20707538028079E-03 3.2352459607736E-03
-3.21572463751015E-03 -3.01253774340412E-03
1.92962017120219E-03 -6.66368159301852E-04
-1.80913380002287E-03 8.84794542090308E-04
1.20237530537907E-04 2.36400608100758E-03
-3.46260967058907E-03 -4.43972212049987E-03
8.19953097013314E-03 -4.64188496098166E-03
4.78216821550418E-03 2.18299933607795E-03
-2.27148580954465E-03 -1.41486711573075E-03
3.6069334449054E-03 -1.79412637972959E-03
-7.66794258241629E-04 -2.62068502690326E-03
5.14211753697188E-03 -3.84178528372321E-03
2.31217587768587E-03 1.63910302477845E-03
-5.4104845021174E-03 -2.71778932571881E-03
2.73770350489372E-03 -6.04096042207296E-03
-1.43433223382186E-03 2.28025827616478E-03
3.72632482217891E-04 -2.79232940537997E-03
-1.38392614016459E-04 6.67005284144474E-04
-3.05046356384109E-03 3.64060909075086E-03
4.28178953256322E-05 -6.46482190712955E-04
1.77703943523697E-03 1.09800891493973E-03
8.9916311598789E-04 2.17190799217603E-03
-2.77544481207447E-03 1.46358159542754E-04
4.56330153907875E-03 -4.19103468038051E-03
2.76323239338785E-03 4.2758586370193E-03
-4.5641259179236E-03 -1.02035610606812E-03
3.15892778722904E-03 -3.2357843989637E-03
-1.4961375371624E-03 -1.69171329978146E-04
-4.57358818822583E-03 -2.81738505534978E-03
3.4280658620771E-03 -1.81661851094682E-04
7.47541422136522E-04 3.79071970342613E-03
-1.12119463158084E-03 -8.34605382358643E-04
3.83090943387649E-04 -7.05694277080152E-04
2.26546817534456E-03 8.08813246532459E-04
-3.10164427337198E-04 -3.23006571731781E-03
-5.4552773323488E-04 -1.89382784661566E-05
4.33134629917349E-04 5.3413193236755E-04
-1.24715544349098E-03 2.32318186347958E-03
9.94167004046879E-04 -3.49960832788143E-03
-1.05679349156636E-03 2.89544169441556E-03
9.5099837812192E-04 -1.45283966703637E-03
1.52575630816596E-03 -1.50683205956224E-03
6.5013178380493E-04 1.85799067580598E-03
-2.09951881130969E-03 -1.24778655832616E-03
-8.19314651813948E-04 -3.32141061198455E-03
3.73608791050085E-04 -4.01396716592492E-04
7.76967118755031E-04 -1.70658191373682E-03
9.42299006682144E-04 4.63640435485351E-04
-1.05833245021798E-03 -2.90204329096616E-03
-1.23987533845288E-03 -1.9908524743797E-03
1.69575951153439E-03 2.64854407212253E-04
1.1819348968263E-03 1.65378560798443E-03
1.64261943098158E-03 -1.67656685062246E-03
-5.64045063578498E-04 -2.90040568805753E-03
3.96722394570875E-03 -2.67281185358055E-05
-2.70555323764261E-03 8.68054044719972E-04
-6.93269372991348E-04 -1.29293780661329E-03
6.97885072924676E-04 8.36764838524971E-04
2.49716837563202E-03 -3.49512073515148E-04
4.07251936715976E-03 -1.09363067942223E-03
-2.69273528374709E-03 2.15383208588988E-04
1.82268078115401E-03 -1.36444579391066E-03
-2.58932973215236E-03 1.79907151440251E-03
1.12413408552171E-03 -2.07890300036195E-03
2.83132310292129E-03 1.15773807249351E-03
1.48270492161594E-03 -9.23758602650179E-05
-3.56244990326223E-03 3.51635502348981E-04
-7.74227630392061E-04 -2.35283985814863E-03
3.11097088932587E-03 2.08146580920059E-03
-2.02305960919293E-03 4.77290286513285E-04
-8.01491611195523E-05 -5.57750187123166E-04
1.88462848419874E-03 2.13147662991567E-03
-1.44635963766079E-03 -7.61396990869837E-04
9.01556827724732E-04 5.69298766843805E-05
1.2611802272462E-03 3.37229967643402E-03
-1.3235453528281E-03 -2.11174269286661E-03
1.11076026271401E-03 -5.13733026682551E-03
9.72027850618741E-04 2.41266597395279E-03
-1.84885435121657E-03 -5.42659792642009E-04
3.69085588478072E-04 -7.6126748403547E-04
3.95891002412452E-04 -5.54930493507162E-04
1.65559396200697E-03 -2.19043619795794E-03
2.59696098738482E-03 2.93861205772796E-04
-3.80410789389182E-03 3.2927756179909E-03
-2.00334304386301E-03 -4.77866013555369E-03
1.81964910430604E-03 -1.93692929805962E-03
4.25484459673829E-04 3.04805272694902E-03
-9.93392844245283E-04 -3.44481511201647E-03
2.22555581690673E-03 -6.79554505575673E-04
-4.45380855066845E-04 -4.85898999286178E-04
-1.80292849540776E-03 -9.23104664448792E-04
2.97444782578177E-03 1.54200354793652E-03
