3.04842618475756E-05 -4.46728318226004E-05
-7.69398055672106E-06 2.16109341950561E-05
-1.87162867143009E-06 1.27284892811526E-05
-1.46272182338839E-06 -2.73494815901516E-06
-5.10344756866004E-06 6.61454277929469E-07
2.84701478263653E-08 -6.98889528098206E-06
7.32912985591316E-06 -3.84511966171252E-06
5.56639670548938E-07 -1.54640163747085E-05
6.16241030487293E-06 -1.45781791617362E-06
-2.6977601969502E-06 3.70405572903267E-05
4.91723549876844E-05 5.36663053504791E-06
-1.44138655620101E-05 -6.14195534867E-05
-4.55538014971868E-05 1.06731906058156E-05
1.22041305976363E-04 -1.26671941223219E-06
3.07067549860391E-05 2.85206634924221E-05
1.79522774935418E-04 -2.36061593688732E-04
-4.63906282048642E-04 -3.5219239632897E-04
1.11161969779238E-03 -2.81191991416108E-04
-1.6843881102198E-03 7.19654703977985E-04
7.34768992098146E-03 -7.50066074417005E-05
-4.85292665624596E-03 3.22349624128553E-03
1.07465899562049E-03 4.22422556169445E-03
2.32539783102657E-03 -3.09249987422778E-03
-4.00135859937904E-03 4.02929943505524E-03
2.68952434850503E-03 7.27493805326793E-03
-3.0673439812542E-04 6.77447874677246E-03
6.14072993585609E-03 -6.29553906895932E-03
-1.3959077339252E-03 -3.56020955029141E-04
-3.97659784420692E-03 -5.77516076732645E-03
5.66601721561752E-04 1.92764813745052E-03
4.91989422938661E-04 -3.26513278166854E-03
6.77452989894904E-03 6.98314255480719E-04
-5.13414834289635E-03 8.34680320949095E-03
2.23348487202085E-04 8.24702844714924E-03
-6.90941880426292E-03 -4.60411147575436E-03
4.87124902658657E-03 -5.33251610560889E-03
-5.70284293116736E-04 -7.0033366734447E-03
-2.6948017142738E-03 1.04901474673213E-02
6.80001390988881E-03 7.16651253436703E-03
-1.01842608765465E-03 -1.75662619677242E-03
-4.06733139345817E-03 -6.76507203702419E-03
5.68934346034908E-03 -5.79268013241052E-03
-4.57822153315467E-03 1.12153297495913E-02
-8.8148712929647E-03 -2.73107811195383E-03
2.94943401390642E-03 1.1283263814973E-03
6.53363764471873E-03 4.70279845489408E-04
-2.93205648733948E-03 4.84968643507133E-03
-3.55702356845834E-04 -7.58669779624547E-03
-3.79713024552162E-03 5.62280080228633E-03
-8.39230846135814E-03 -1.11693741615781E-02
9.02723465625264E-03 6.99994414062295E-03
-5.20295376971878E-03 -1.58703205718275E-03
8.3574759885145E-03 -2.98013650151707E-03
5.63643278009566E-04 7.2981060921136E-03
-8.3825987347067E-03 -3.27854512265432E-03
4.02444119107819E-03 -2.96528739870026E-03
-1.11916738170102E-02 4.62309765907455E-03
3.04416783427959E-03 3.1564586301071E-03
8.25169071877422E-03 8.17598648475572E-03
4.79748553252529E-04 -3.10259801789091E-03
1.46507027441073E-03 -4.46155534480051E-03
-4.70671429109147E-03 -2.29248843073349E-03
2.17278933720475E-03 2.83846045617146E-03
-2.99851589670226E-03 1.37637573244579E-02
-7.88636403326521E-03 -1.06311046206451E-02
1.22113154264193E-02 -1.28420982623576E-05
2.18827036846659E-04 -1.16182773091696E-03
-1.32911639287714E-03 -4.68707198080222E-04
-3.92053180823806E-03 5.27058086372354E-03
-7.67421093823291E-03 -5.23014426896919E-03
1.08652529693496E-02 -2.64984505043472E-03
4.55098728819875E-03 1.10181986935139E-02
-2.13719306471642E-03 4.84895655446428E-03
2.86398927730179E-03 -5.73561950104685E-03
-4.25820066368387E-03 9.33248674329529E-04
-2.4695296182291E-03 -6.2332857824131E-03
-1.54372868470991E-03 6.33045688729851E-03
4.62499787661784E-03 -8.21051792399024E-04
-5.57799284008553E-04 4.47365402227491E-03
1.75000246369307E-03 -7.32498500431086E-03
2.11765327430512E-03 -1.73338475530621E-03
2.89143731316465E-03 2.02359048808101E-03
-3.78829232150208E-03 4.68454817044694E-03
-6.15994822301133E-03 1.65660777416962E-03
-2.8632485724857E-04 -5.91745267593467E-03
2.86784307818295E-03 -1.15896978911842E-04
3.81341278867393E-03 2.94617506932147E-03
-4.55588560136609E-03 5.49626996308778E-04
-1.66856512250852E-04 2.04035942779489E-03
-3.96788067660713E-03 -2.61075090413037E-03
6.81476643414388E-03 -1.28167511823087E-03
-1.44612056880541E-04 4.05935001877319E-03
-2.58671206811864E-03 -3.81208403147211E-03
-3.10139186679405E-03 -1.78327136250449E-03
2.01738309630954E-04 -1.63539247677276E-03
2.84542927368761E-03 -5.37086004219133E-04
1.40392312829143E-03 4.85110962533002E-03
-1.43767782269616E-04 -1.9447303067311E-03
-5.22805116382049E-03 1.40924068081271E-03
2.39762022042952E-03 -3.69058272591011E-03
1.43765720297442E-04 2.16425700569484E-03
1.22649232543598E-03 -9.84113652503062E-04
4.28422867550718E-03 -1.79861709226587E-03
-2.96796761992308E-03 2.17506044128728E-03
2.35830711369818E-03 -5.54268423358871E-03
3.06819184749736E-03 2.38334560597027E-03
4.89553790000799E-04 1.57012243499644E-03
-4.22225346490244E-03 -1.0338958319026E-03
-3.11835776801945E-03 -1.70599148054461E-03
1.36148041959344E-03 -2.26242681721754E-04
1.45336386884855E-03 2.32284725174142E-03
-2.16431507750789E-03 -1.0606947675524E-04
-7.76819363876562E-04 -1.1436678591331E-03
-2.52514508788176E-04 -3.24780125680054E-03
1.31783126530978E-03 3.8057128009025E-03
-1.34214131765748E-03 7.09462136196898E-04
1.98788241054019E-03 9.33294683134627E-04
-2.5282937773472E-03 -3.62761222103656E-04
3.16514711504809E-03 -5.21010706396987E-04
5.0793089511443E-05 3.60697306074987E-03
-7.25941018574656E-04 -8.81539555409245E-04
3.93325646777233E-03 -1.35404354307197E-03
-1.07885848394985E-03 2.82474690573497E-03
3.3964877734314E-03 -2.70192089270684E-03
-3.25576445357458E-03 4.88615878140781E-03
2.60691426139993E-04 -4.39963356395434E-03
-1.47159343236577E-03 1.44553551195063E-03
-2.26042049233436E-03 -1.83293701605195E-03
2.99567819161513E-03 -1.32428180427472E-03
4.02356233967351E-03 7.234213202907E-04
3.00565650318888E-03 1.06812405704239E-03
-4.60671044402483E-03 1.35997991799511E-03
-2.93823417630995E-04 -8.52579249302263E-04
3.28367562741524E-04 2.94317562620779E-03
-1.74593821483614E-03 1.94975472515907E-03
1.91674773824955E-03 -1.08863071315781E-03
-2.76871571702572E-03 -3.06437339395555E-04
4.16978078850463E-04 -1.11158227628695E-03
1.00341975108392E-03 1.08338233353042E-03
-7.97415235633798E-04 -4.87879887125593E-04
6.43475589315973E-04 2.32698899675841E-03
1.96432979287199E-04 -1.38028757558164E-03
-7.32875988851884E-04 -2.74704318087318E-03
2.46796150314453E-03 7.62041123462196E-04
-9.26018356500196E-04 2.30620839886917E-03
7.18589047204252E-04 -2.06353724715842E-03
0.001584440409855 8.18972720336573E-05
-2.29050116860209E-04 2.7148944340387E-03
-1.04899315868022E-04 -5.71279551611557E-03
1.91932806984354E-03 9.47434890567229E-04
-1.34271680267307E-03 1.27868776611055E-03
-1.6865439657886E-04 -3.93227220254572E-03
-9.4684270803285E-04 7.69985267353025E-04
3.15349453420154E-03 -1.15568033420278E-03
-1.07053469746487E-03 2.71445325413953E-05
-4.32197269356474E-03 -2.72866825920117E-03
5.78413134436404E-03 -2.38499061746128E-03
-5.12735486425719E-04 1.09119705874657E-03
2.13801148333503E-03 -2.15003953901373E-03
-8.47068870565766E-04 2.44859407974037E-03
-2.24047337922279E-03 -3.62334130727814E-03
1.95283757862874E-03 -2.02697648178976E-05
-2.10032104209861E-03 4.2121503149458E-04
-4.68508102822165E-04 -3.08525591485683E-03
-2.0737549106178E-03 4.09489601561243E-05
-6.66370353157108E-04 3.47390914515821E-04
3.53616010137564E-03 1.9805218114664E-03
-3.24412358860307E-03 1.91622735771991E-03
9.15460433034577E-04 -1.85286978763308E-03
1.59839077243497E-03 -2.79903844097412E-04
-1.82701297399034E-03 6.06377199163274E-04
1.0145904922237E-03 -1.96191161006444E-03
1.59933399468502E-03 1.95708357997594E-03
3.43900353656581E-04 1.11455748490287E-03
2.83678292397462E-04 -1.19210884024164E-03
8.04615878759221E-06 2.58042430253518E-03
-1.26601107963821E-03 -3.08071381239407E-03
2.28595104152951E-04 2.15583412611335E-03
-2.5645334428945E-03 5.98357376087198E-04
1.42927312985899E-03 -1.42068536665746E-03
2.89360754226464E-03 8.10315642184978E-04
-1.23374151271184E-03 1.10157545702863E-03
-4.8012675384907E-04 1.06446616641473E-03
-6.82962854934373E-04 1.41770151961582E-05
3.44640984662745E-03 -9.99504577797165E-04
-1.63839016728904E-03 4.9444900619537E-04
1.78155153951558E-03 5.35733694467994E-04
-2.28913537655691E-03 4.04365513176428E-03
2.09743279780299E-05 -3.50242317666826E-03
6.19799037185823E-03 -3.90881612927648E-04
-3.80820008757017E-03 4.31853375285133E-03
2.39248514177648E-03 -2.88954233483942E-03
-1.63940581097535E-03 9.65012494934298E-04
-7.93902604159967E-04 5.26231912594154E-04
3.22819672497563E-03 -8.91235512011819E-04
-2.50814372326819E-03 8.69147789072741E-04
2.7010162369082E-03 -1.36338388120531E-03
-1.33992826772716E-03 7.86383154974513E-04
-6.26125917978765E-04 1.61600590760414E-03
3.39879718312252E-03 -8.43233534188233E-04
3.24372729006893E-03 1.41492014159723E-03
