2.85343093356221E-05 -5.02397030347051E-05
-7.3766874218819E-06 1.55955167625709E-05
3.2933147945298E-06 1.6855167084124E-05
-1.36275609117257E-06 6.63196202759389E-07
-2.6987739380213E-06 1.2719275005664E-06
-5.00401064951527E-06 -2.09841332284429E-06
4.10845401326257E-06 -7.55488423922377E-07
-8.53878892619194E-07 -1.25927480585581E-05
2.87140577379731E-06 1.42313103852104E-06
3.55885305217055E-07 3.88840418682466E-05
5.94215108560331E-05 1.09063266898626E-05
-2.04987338046145E-05 -6.3398672909831E-05
-3.39243332592321E-05 2.26133865184481E-05
1.26377948113091E-04 1.69139338003041E-05
4.86192258018977E-05 8.25547087305987E-05
1.75434892942431E-04 -3.65770679039589E-04
-3.6164210492049E-04 -3.73287755922685E-04
8.07086612893696E-04 -1.13295134330068E-04
-1.01812316244394E-03 5.00355534143679E-04
5.81251378675844E-03 -4.78962779294574E-04
-7.79868020465843E-03 4.86284479131079E-03
3.0952476356549E-03 1.78735966280732E-03
4.9545120317853E-04 -8.76980051973323E-03
-1.70611969634189E-03 5.2733184887266E-03
1.58574884269617E-03 1.44747289727317E-02
1.95764129340256E-03 2.04377460222875E-03
1.50053617592883E-03 -1.97728349779608E-03
-1.15379256650441E-02 -1.95971600951724E-03
7.99299164253976E-03 -1.80641131543051E-03
-2.54724734543027E-03 3.44195941986971E-03
-1.24829825391483E-03 -4.52661858705021E-03
1.70371416065517E-03 1.7020072183632E-03
5.57682508316488E-04 7.9641439226008E-03
-3.49100437206805E-03 2.3696808936522E-03
-4.98510495484428E-03 -7.96048144514769E-03
-4.51469958357237E-03 1.84938020282124E-04
1.87466773844231E-04 -7.51762362628008E-03
-2.86512491234178E-03 1.35683104192783E-02
3.33695242418329E-03 -2.63049326225605E-03
-2.39158349142127E-03 7.48604500825307E-03
-4.17208135205296E-04 -1.02036287322517E-02
2.19052892237365E-03 -2.52767746901398E-03
-3.17859366026376E-03 4.2144282704322E-03
-8.96930256651307E-03 1.46378454818001E-03
7.03386427691798E-03 3.08357296214075E-04
5.53188221826824E-03 -5.26110950560173E-04
-2.45128488569132E-03 3.19851775380778E-03
1.71867421387012E-03 -1.60417811080737E-03
-1.42404392087742E-03 2.9372662660777E-03
-0.010225966116208 -6.78693228305937E-03
1.05555504576407E-02 -6.89627575370464E-04
-4.59478108917721E-03 4.4273879059933E-03
5.24426227408948E-03 -2.08003250269046E-03
3.56581923324136E-04 4.29676951184859E-03
-3.0048861489521E-03 -1.89150247381732E-03
3.42380587703152E-03 -5.18144771131792E-03
-1.07352348594842E-02 6.43696507283727E-03
3.13552533762296E-03 4.75335613935024E-03
1.05300554370834E-02 5.56461010039712E-03
6.95397611831329E-04 -2.29016788544348E-03
2.83397545354129E-04 -8.70970274535619E-03
-4.23664936562874E-03 2.77382798378937E-03
-9.14669187170984E-04 3.59370120941608E-03
-1.46780632050559E-03 9.37236387671696E-03
-5.76964754311957E-03 -8.44978291355654E-03
1.33669391198074E-02 -2.59348971518618E-03
1.71588181672374E-03 5.49028623133083E-03
-1.84585235741364E-03 -6.87539015788147E-04
-3.67144294475093E-03 -2.86975054737181E-03
-4.2177187202508E-03 -2.6305595771551E-03
1.07384480460674E-02 -2.09996461303489E-03
6.42357796766075E-04 1.07627021123352E-02
-1.56952501358988E-03 3.54544447706201E-03
9.45533665240368E-04 -6.84116889512675E-03
-8.98742455407446E-04 3.33496694251731E-04
-7.51949212894379E-03 4.90663485308565E-04
2.19018797819007E-03 3.50420118219979E-03
-3.28039543214304E-04 3.97304762939443E-03
8.27207157277596E-04 -1.07857751799289E-03
7.30046962180996E-03 -4.02488566009682E-03
4.37332990040996E-04 3.79619966950527E-03
3.74697322714905E-04 -3.94725683388678E-04
-3.62541227781212E-03 3.5369173430486E-03
-1.7130153999762E-03 5.34934897498813E-03
2.73379039040767E-04 -6.29186847642113E-03
2.88151114549924E-03 -1.20514392016662E-03
0.005866694842291 1.24692526446032E-03
-5.46591247679333E-03 6.96223188386814E-03
-3.63092068381071E-03 -1.75528548667797E-03
-1.11974913124471E-03 -2.53191536674013E-03
3.90472686176681E-03 3.00319325542856E-03
-6.21708838058471E-03 4.18176928164011E-03
5.03328982712385E-04 -6.00904751451852E-03
-1.3399171898075E-04 3.37641336457502E-03
-2.48951219685626E-03 1.23040537386621E-04
2.78795667447229E-03 5.3164948903211E-04
1.34392712021038E-03 6.16701375239879E-03
-1.21361595198774E-03 -4.74365906644109E-03
1.05579144114938E-03 3.46101619283346E-03
-1.08470312094716E-03 -4.68488543651068E-03
-7.14614046120904E-04 5.72195497131468E-03
-3.10304505750521E-03 -7.41354035901239E-04
6.23257940463116E-03 -0.00430942849905
-1.2898944595021E-04 6.47634946571257E-03
-3.81297489284406E-03 -7.85493380717005E-03
7.46849184294553E-03 5.48481797036157E-03
-5.77815014906929E-03 2.28354165183661E-03
-4.3659680129467E-03 -3.04090324594816E-03
4.00431098326149E-03 2.6809958031018E-04
-2.44481608324916E-03 -6.71604514716875E-04
2.81535769465534E-03 2.40604951338447E-03
-3.50383225736195E-03 -9.53784253368434E-05
3.42605940665107E-04 -4.56345629323658E-03
1.78958633198831E-03 -1.44013062532749E-04
3.98243460159552E-03 9.80821202422623E-04
-2.50703978274827E-03 1.52589039091799E-03
-1.31526944231041E-03 2.69392271672717E-04
-3.91891066870651E-04 -5.29550485053506E-03
5.7962491639278E-03 6.00422697868641E-04
-3.14494203052198E-03 4.36963302145963E-04
-4.40122835268906E-03 -1.47757798452598E-03
7.75193251506083E-04 -3.99709893830623E-03
-1.00405024209442E-03 -4.87579190009145E-05
1.44360538188018E-03 -1.72729622696901E-03
-3.95979326113968E-03 4.23835795999623E-04
-1.82492009542043E-03 -2.43887314272269E-03
4.35962408063077E-04 3.9991537607414E-03
-3.28353135498491E-03 -3.50134048431711E-03
4.51253897772168E-03 -2.60671090635896E-03
2.0180307099688E-03 4.16586671824699E-03
-6.9523807537451E-04 -7.99275714157374E-04
-8.40065670206361E-04 9.78895428008407E-04
-9.25448979949532E-04 -4.71573850940866E-04
2.81875435163016E-03 2.63637122498202E-03
-8.98601214027997E-04 5.34665458207226E-04
-4.94285388195158E-04 -2.54737769961103E-03
9.7427271972246E-04 0.002119674735019
-1.61802690224957E-03 -3.48222681608679E-03
2.05432678201048E-03 1.53892977172054E-03
-5.16494435205835E-03 4.47684799209714E-03
3.41575712404025E-03 -3.25043444944146E-03
2.34276073978026E-03 1.91816598891879E-03
8.84854572321552E-04 -9.67700239840996E-04
1.94344300465003E-03 -4.93524528837004E-04
-4.20051016089225E-03 2.33095287700819E-03
1.3708734035154E-03 -3.79802926671361E-03
1.73612358720567E-03 1.73771887673886E-03
-7.43848474084657E-04 3.17289234443366E-04
-1.3766170093482E-03 -3.06674105602079E-03
1.4404150657631E-03 3.16591500470032E-03
-3.75436374649433E-03 -4.06341948776415E-03
1.5354552920511E-03 -1.14497233119893E-03
8.56340721328273E-04 2.38415762699663E-03
-3.69564398680853E-03 -1.62157495042538E-03
1.7850784055408E-03 8.42727824218097E-04
-2.60730909114774E-03 -6.75726818029288E-04
-2.12287393821968E-03 -1.72650311730812E-03
3.91405366757688E-04 2.68047325847434E-03
-3.92922485196902E-05 -3.6268427689323E-03
1.26687883495373E-03 3.78512022795787E-03
-3.96900152175456E-03 7.88214487673114E-04
2.41448289955195E-03 9.2985544561897E-04
3.91452125289909E-04 5.43757920862969E-03
-3.12040687915169E-03 -4.54610351910093E-03
5.06619667188877E-03 1.56884771776822E-03
-1.77654227665119E-04 1.6292559664853E-03
1.2684897780237E-03 8.86214665620463E-04
8.70745708270082E-04 2.18503113586455E-03
1.08358444950634E-03 -4.06982114702266E-03
1.37226544203109E-03 1.34850924319866E-03
-4.13164489871288E-03 -3.30697691992187E-05
1.26986879468824E-03 -1.79464577227967E-03
-3.04048348923197E-04 1.32203132098781E-03
5.2719948538177E-04 -1.86793177205051E-03
1.92067454186324E-03 1.14377615248732E-03
4.98301050335656E-04 2.42212084632057E-03
-1.96667518020026E-03 -5.60715716717807E-04
-5.9362897874195E-04 -1.07643960927999E-03
8.49853293957405E-04 -1.15736669534272E-03
3.44236686954371E-04 3.63585973886428E-04
2.26976665689151E-03 -4.46744727312527E-05
-4.76962901665797E-04 1.22303088803437E-04
-1.40271099067788E-03 9.01116459395497E-04
-3.72835352014669E-04 -8.44756770256299E-04
7.96756899140452E-04 -1.10689635280913E-03
1.22722847309593E-04 6.54594839415254E-04
-2.00212009904542E-03 -1.10890718137541E-03
1.57304800507323E-03 4.83246455632846E-04
1.2829584650964E-03 -1.96879745253391E-04
-7.98610833408661E-04 -1.04946672168384E-04
-1.49452602544612E-04 6.8127687290919E-04
-1.35040718280217E-03 -4.95286341487351E-03
3.26031126486498E-03 4.39350878834589E-03
-9.47245073241686E-04 -1.49533041238784E-03
-2.88851872947291E-04 -9.24809855659086E-04
5.87210565192949E-04 4.86286699149365E-03
-1.05014361874653E-03 -4.93931789606199E-03
1.4780235119975E-03 1.80869775001106E-03
1.59584228529101E-03 1.49574977615144E-03
-1.22170389208465E-03 6.70490361748669E-04
1.16615164257587E-03 -2.51384462911147E-03
