3.27656089062147E-05 -4.62887568114319E-05
-6.27719383039853E-06 2.01548725562652E-05
-1.07507646155035E-06 1.5500726220158E-05
5.51953375886352E-07 2.10352921434151E-06
-7.47918558362506E-06 -5.090979405908E-06
-4.263788727803E-06 -3.18603746863249E-06
6.58610861131153E-06 -5.00554944502044E-06
-8.25527065566754E-06 -9.75700338958936E-06
1.49191400194985E-05 4.30614983323903E-06
-1.95110829432158E-06 3.9921392449945E-05
5.13597808265989E-05 1.53224054657176E-05
-1.21273244770559E-05 -6.21594955736283E-05
-6.341419007331E-05 6.91138500523714E-05
5.01243370069355E-05 -1.1314295076624E-05
-1.06541481490057E-05 1.7524947096381E-04
-1.32298469991112E-04 -2.05981761799675E-04
1.41537399621172E-04 -1.42134036674619E-04
-3.54941673303394E-04 -3.74748762569283E-04
6.33570278720746E-04 4.60404229947873E-04
4.2969606599819E-03 -4.50031328792042E-04
-3.91867446398401E-03 5.34176085355091E-03
-1.13390317191448E-03 -2.17716236434926E-03
1.12733182846193E-03 -3.82654937550744E-03
3.17450758916287E-04 -6.41420154155901E-03
7.69591496298115E-04 1.73263814867322E-02
-3.69257979328975E-05 -3.96464074098545E-03
4.50026002010235E-03 2.79308388543721E-03
-4.47352042549612E-03 3.51342784386084E-03
4.34214288623461E-03 -1.19418425900656E-02
7.82435265077621E-03 5.88020580773508E-03
-5.92451553580102E-03 1.66454722730099E-03
4.13074629962383E-03 -3.06879103040323E-03
4.52190009847767E-03 -5.82377000591887E-03
1.09838226514343E-03 1.52511673587403E-02
1.68152633459177E-03 -4.24126617709228E-03
-5.02228656162873E-03 2.92423734146759E-03
-1.14015639883367E-03 5.41447674308347E-03
-1.02934108319329E-02 -7.08553415637865E-04
1.29019636819567E-02 -3.99004905712035E-03
9.94412821978463E-04 7.06642633922037E-03
5.87202630630539E-03 1.38259306667869E-03
1.96348109854811E-04 -6.22649524414711E-03
-8.66844298113291E-03 4.14074752276365E-04
3.24380289354953E-03 -4.56211885749234E-03
2.63237687719265E-03 5.65171297249279E-03
3.82374943637619E-03 -4.072285288661E-04
7.94250836033652E-04 -2.46903705316677E-03
-2.81911958521016E-03 1.15723926273427E-03
2.31181943513167E-03 -2.50724678843643E-03
5.2006207919065E-03 1.39036267798086E-03
-9.92706060852234E-04 5.81479960569261E-03
4.92645819818443E-04 -1.12606826267871E-03
5.94533162568527E-03 -2.63783631039523E-03
7.44694453879603E-03 6.1790154407075E-04
1.79108908043002E-03 -3.38217173227332E-03
-2.63228502373883E-03 1.76541919825321E-03
-9.1178195315778E-03 -2.65614436941682E-03
6.80915404010559E-03 1.64886137194034E-03
5.34664453780475E-03 4.04354411593616E-03
-4.5347296363934E-03 -2.14890854426116E-04
-8.77567709314943E-03 -4.37343108749386E-03
1.20459929833185E-03 -4.63886809102723E-03
-2.59722039580943E-03 7.98356409339497E-03
1.16213004081566E-03 7.27855286597916E-03
3.32741609011217E-03 7.23030846892935E-04
-5.49349302411964E-04 6.41364145619465E-04
-2.73021326436482E-03 -6.68760758051736E-03
-2.27383786020872E-03 3.19437345020683E-03
-4.14310322219573E-03 3.27553631853695E-03
-2.40377223874913E-03 2.40043962032174E-03
6.34057981238956E-04 2.27084227050681E-03
6.52199541189195E-03 5.3255517922075E-03
-3.80420823839188E-03 5.70831371910816E-04
7.55052124295555E-04 -9.09982549994046E-03
2.45768636020503E-03 -2.22959404159369E-03
-3.50722385692613E-03 0.002973520180405
3.60187590284615E-03 -2.36801930806419E-03
3.8210739544713E-03 5.26111503863725E-03
2.15745574149334E-03 5.72855960462662E-03
-2.67668629446885E-03 -7.84592468281893E-03
6.45727971198541E-03 -3.77954956780261E-03
-1.20196812455994E-03 4.62163930059999E-03
-3.55088232596523E-03 -1.64809928566812E-03
2.1617719352403E-03 -3.08695579747642E-03
3.03717097787053E-03 -1.83710284129387E-03
8.05865675334572E-03 6.57985755115128E-05
1.17323973878665E-03 4.43353480610536E-03
-2.86351413623317E-03 -9.82762342188576E-04
-5.93646167572439E-03 -1.6122771167588E-03
2.98268987145844E-03 -5.56023242921694E-03
4.31609803149299E-03 4.51102011953226E-03
-3.85154726337448E-03 1.8862473375894E-03
-6.97956375352111E-04 -4.51804430149405E-03
9.86041892948879E-04 4.24518711130109E-03
-4.08839838911108E-03 2.62054881361983E-03
-6.45293677520373E-04 2.49757057277332E-03
-4.40742887915714E-03 2.74430945790419E-03
-4.52977889820232E-03 -4.2221850972268E-03
1.06203577737528E-02 -3.21415406332343E-03
3.77229152714226E-03 6.81226800897122E-03
-2.04925943557604E-03 3.1468004205349E-03
1.15124007097605E-03 -2.77179788878563E-03
1.21453769522939E-03 7.51970507177706E-04
-1.87621924824439E-03 9.81229738891949E-04
-1.81683305404748E-03 -1.64134153004707E-03
2.90660221861808E-03 -1.78537108645688E-03
-6.25392503582927E-03 -1.33644860154184E-03
5.9012973256731E-04 -4.18963426190815E-03
5.8231217347248E-03 1.5105261425712E-03
-3.8633058910794E-03 1.91474462534835E-03
1.10621744741666E-03 -3.25079879346715E-03
2.46380728205499E-03 8.55030108001641E-04
1.14387819360691E-03 -1.07946450960934E-03
1.94043003803293E-03 2.48138965300612E-03
1.36147184611939E-04 6.29143918739476E-03
-2.28402291654636E-03 -1.51524112748983E-03
2.29682861646966E-03 1.95990185537667E-04
3.1150493038968E-03 1.97749444394776E-03
-5.07110898213099E-04 3.06117424483761E-03
-1.41682276529428E-03 8.42177648003877E-04
4.66604083607939E-03 -1.4620342343864E-03
1.08316959267801E-03 -5.61516501052847E-04
3.13806438211795E-03 -2.43050866767002E-04
-1.5555933782305E-03 4.84424265991361E-04
-2.93324474337746E-03 -4.98410116368022E-03
1.03085141813907E-03 -1.4389879661574E-03
-3.8434889578066E-04 1.06791488609282E-03
1.42139051560268E-03 2.08699330227426E-04
2.93861621620577E-04 5.05307758761322E-04
-1.71970508847779E-04 -8.01197261185521E-04
-3.8106673482331E-04 -7.24890530831063E-04
-1.08382589581925E-03 8.34969069360634E-04
-2.11177635092882E-03 1.17314889475577E-04
2.83874536959801E-03 -2.89864623849922E-03
5.33329033713566E-03 1.49248753419725E-03
-3.16679186598723E-03 1.63673630171383E-03
2.35291655352738E-03 -2.86760226916683E-03
-3.7133872811984E-03 3.79851620153921E-03
-4.10089133128985E-03 -3.02845711693182E-03
3.62665598627188E-03 1.13346393903755E-03
-1.45331925847716E-03 2.77326622686161E-03
-7.24337677799547E-04 -5.46224238931779E-03
5.20828634461945E-04 2.71869813869842E-03
-4.36774654802808E-03 -1.15696566068811E-04
2.65649598770036E-03 -4.69340625797674E-04
6.43180434884093E-04 4.3175189301315E-03
-1.69060966975187E-03 1.9723238287211E-04
4.52316306583979E-03 -1.77319774044953E-03
-1.57985341132407E-03 1.90265645038432E-03
7.37510837756254E-04 1.92096915049074E-03
2.15061351079215E-03 2.19043042296994E-03
-1.6577403725507E-03 2.16987722475553E-03
1.55258281427539E-03 1.26108957172574E-03
2.6738977038716E-03 3.58014643874763E-03
-1.21066899936347E-03 5.47879990397716E-03
-8.31364201961296E-04 -3.41202494141677E-03
3.91431101557094E-03 1.16580889569392E-03
-4.49938275512464E-04 4.29953295355721E-03
-1.01517873528389E-03 -1.79491273046694E-03
9.32734379249056E-04 2.53230208818855E-03
-4.61299097593678E-03 2.3957667881621E-03
-2.17245100827869E-04 2.76394265865635E-04
8.78697852795675E-04 1.21067262758707E-03
-2.05443998489365E-03 7.24140987453982E-05
2.35117390476973E-03 2.02586072417238E-03
-2.06373922613988E-03 1.56327707630743E-04
3.14307778667401E-03 -1.40308214293401E-03
5.34019624266816E-04 1.23942550236859E-03
6.39411909029579E-04 -5.06652096109121E-04
-6.19621857162268E-04 1.57489538183599E-04
-7.87042933400307E-04 3.86494091674746E-03
-3.43697407100815E-03 -2.39610563213776E-03
2.0997552328409E-03 -3.47495258400583E-03
6.88483054988672E-04 1.56037305358436E-04
-1.36687781561587E-03 -7.80228096559846E-04
5.91247728479003E-03 3.59692932538255E-04
5.32284322241381E-04 3.34456943821885E-03
-3.51519977886142E-03 -1.03718562396356E-03
3.71991602537622E-03 -4.90671992935481E-03
4.00774243530576E-04 3.2468439441779E-03
-2.80886612350577E-03 -2.82086165058295E-03
4.15126843014563E-03 -2.15222733911536E-03
1.21633974549122E-03 -2.63166134887512E-04
-8.42358064177793E-04 -1.79738783152695E-03
1.37912909071635E-03 2.41320452842548E-03
-2.42127301060993E-03 2.88295966647395E-03
-2.72612364177049E-03 -4.32877049628251E-03
3.3677200216149E-04 4.43041382838174E-05
2.11213351279931E-03 2.44198144757402E-03
-1.79103453878193E-03 8.53551186459051E-05
-1.87365220630804E-03 5.90062656818837E-04
1.94269730834455E-03 3.02892333424836E-03
-1.07284831904604E-03 -2.92874993758808E-04
-1.6627761462726E-03 4.28067593742059E-03
-3.2598348952605E-03 -7.36495328208748E-04
8.4134857269619E-04 -2.07048114699749E-04
1.90824964642413E-03 5.24487305942531E-03
-2.50248320801946E-03 1.92778953808109E-03
-4.99660499218958E-04 5.34717048725047E-03
-2.24762288183963E-03 -1.43315578355626E-03
7.86987182886693E-04 1.19498125698221E-03
