3.19181567233917E-05 -4.76988935143135E-05
-5.64578705845701E-06 2.02185796818462E-05
3.57146051550243E-06 1.56572944547059E-05
-1.79322448628674E-06 -4.46477094280089E-07
-5.51636594703877E-06 -2.89849557405678E-07
-8.75460448692797E-06 -4.53970054717812E-06
4.84735627053778E-06 -2.49518904038729E-06
-7.14829199707227E-07 -1.28456781607311E-05
2.49436638284696E-07 -1.28797404291119E-06
-5.20806911860029E-07 3.70692498039948E-05
6.2770815562578E-05 8.56108656640697E-06
-2.68748566773775E-05 -6.91868164917182E-05
-1.04140168303199E-05 4.94787344338783E-05
1.06177681032299E-04 4.97553693303013E-05
2.29888180089835E-05 1.07788007918376E-04
2.92396134673513E-04 -3.73582745121919E-04
-2.66468533503823E-04 -2.95218064593955E-04
3.06102866043675E-04 -2.04236199066226E-04
5.87862020752799E-04 1.69328455066385E-04
2.62657975593148E-03 4.55950712551855E-04
-7.16263105878245E-03 4.61035830531755E-03
5.28220635688823E-03 -1.64497647808583E-03
6.47869660811378E-04 -1.32203025339219E-02
2.41523091595425E-03 1.14933883385724E-02
-1.53355219928286E-03 1.40662651646728E-02
4.09524771024449E-03 1.1660921451182E-04
-1.42290012914782E-02 3.35997107725881E-04
-1.87404774208959E-03 -2.23281658432522E-03
7.2578123786815E-03 -2.59543229264655E-03
-2.91690693728102E-03 -4.77100633794558E-04
-5.65814318637247E-03 3.09329442145816E-03
4.38986990107678E-03 -3.25239593593727E-03
-1.36300375288785E-03 8.52232444516554E-03
2.8251819424841E-04 -6.49241585056294E-03
-3.54537483188548E-03 1.55265432894942E-03
-4.68733809181765E-03 -7.46171639945968E-03
-1.52698805237005E-03 -1.86176398896711E-03
-1.76479254685947E-03 7.09809884949145E-03
-1.43736016070041E-03 -1.21207305660724E-03
9.0508438451699E-04 4.43813830863727E-03
3.32532915282061E-03 -8.18092321155223E-03
-2.75552754671172E-03 -3.4064110280358E-03
-4.93412309004839E-05 4.09689402447016E-03
-8.67580934174199E-03 -6.38480282726621E-04
9.18059965461939E-03 3.5124600624813E-03
4.23957655530112E-03 -3.75196974532428E-03
3.66651079876947E-03 5.02186127183023E-03
-2.14692991667376E-03 -1.93842749377435E-04
-7.55018627691711E-04 4.03696073628124E-03
-0.011359687933387 -5.83650283294728E-03
1.32886793099149E-02 -6.49738878693506E-04
-5.54640645434399E-03 8.73289138334304E-03
-1.98400431566785E-03 -6.23727223214495E-03
3.95875846202913E-03 9.25183558741543E-04
-3.06330257792091E-03 5.81268476704891E-03
2.15011725830596E-03 -8.37614017018283E-03
-4.75322089602247E-03 9.66440268923277E-03
2.47961970617158E-03 3.7092325069334E-03
1.03225705613784E-02 4.23611627880759E-03
4.72745878612243E-03 3.12175777301738E-05
6.14016670238396E-04 -8.6298423862528E-03
-3.34563627750209E-03 3.63619363527563E-03
-9.44373074620251E-03 3.05911410250182E-03
1.69486587673388E-03 2.28865988271814E-03
-2.51429599647182E-03 1.24084312038152E-04
1.08383056971671E-02 -2.02039785751361E-03
2.3194689416177E-05 4.37947347907509E-03
-3.47606769550318E-03 7.16860126961026E-04
-4.92849995477446E-03 -6.39787291939875E-03
4.39441161397984E-03 -1.85234540775473E-03
7.76758465552292E-03 -2.04349294706589E-03
1.05646508309844E-03 6.48917152224226E-03
-1.65285960583853E-04 -6.94282202711745E-04
1.48718806327035E-03 -5.43231844056786E-03
4.70174456219235E-04 -2.5787954483426E-03
-9.06853689922951E-03 3.57772218013647E-03
-4.59160202597156E-03 1.18761108045896E-03
1.42597739877349E-04 3.1011407679369E-04
-5.07076570505667E-04 -3.30076206607379E-03
0.01064142685843 -4.27030748896953E-03
-3.66176009713762E-03 4.53534476241371E-03
-4.37465865259272E-03 -3.92699796914647E-03
-1.09579894688426E-03 0.001097420943815
-1.72246702723213E-03 7.44395579914221E-03
-1.09678399186899E-03 -3.96831058734739E-03
4.23321925973989E-03 7.24149233602556E-04
-2.61738540475499E-03 -1.47434144914262E-03
-1.92035482238442E-03 -4.98973474968656E-04
-1.70919470906737E-04 -2.49502447268445E-03
1.64846028609767E-03 1.95515059466853E-03
2.45273360638784E-03 1.81057483639646E-03
-6.92476235351972E-03 5.28625785070461E-04
8.87528265808994E-04 -7.81706214524972E-03
1.11641750746006E-03 3.90160116800934E-03
-2.81077186948701E-03 4.00121147462495E-04
3.08779871930473E-03 -1.18519373630918E-04
1.65289936574051E-03 4.7671714892603E-03
-2.0186095154172E-03 -6.42002810414008E-03
8.59166156426932E-03 4.14018396283376E-03
-5.96476688710334E-03 -1.6492584003821E-05
1.53556965640417E-03 1.13380716804948E-03
-3.88308601015603E-03 -2.47860299940829E-03
4.09574666057199E-03 -5.91102329967311E-03
6.37718002194709E-03 4.29770374376608E-03
-8.53820808446837E-03 -4.23858617382523E-03
9.94089214486942E-03 -2.28748066118226E-04
-6.5938636661573E-03 1.59250115567001E-03
-2.84324073200323E-03 -4.78968260997037E-03
4.91090307668066E-03 1.84410462958209E-03
-4.47146703960163E-03 4.04766028205483E-03
2.60043233135103E-03 -6.26394044379637E-03
-3.13054120998093E-03 3.47539487925469E-03
-2.60686630175402E-04 -5.78902973437666E-03
1.17468381324153E-03 1.49707516004664E-03
-1.10615972864087E-03 2.15213048564077E-03
-1.79603914200612E-03 0.002926660591984
-2.8196237103738E-03 -1.4885356760566E-03
1.59886550700374E-03 -1.56288230649792E-03
4.23632459473849E-03 5.8357566112493E-03
-5.70493276935482E-03 2.36029602578102E-03
1.8128268667762E-03 -9.34340999864509E-04
-8.71807116258449E-04 -2.25283452244248E-04
1.73837423803483E-03 3.5765389771317E-03
-8.08997058493277E-04 -1.2012537294478E-03
-9.13483952146833E-05 -5.0685237868207E-05
-1.45978238399641E-04 -1.62822618842589E-03
7.89532184876423E-05 6.8572056964482E-04
-1.33684244568587E-03 -2.82601600276338E-05
3.03468410097866E-03 1.37341108836127E-03
1.61614314622966E-03 1.81430970777715E-03
2.40495902252896E-04 -3.36951462335781E-03
-2.31496556442831E-05 2.87473020030981E-03
-4.97631145181221E-03 -1.46362461929162E-03
1.6024189912149E-03 -1.23146396975161E-03
2.95769143126442E-03 1.80970251654844E-03
-2.87718584758097E-03 -6.25333697793945E-04
3.16918553315146E-03 -2.67348519531848E-03
-6.65250372301421E-04 3.3612544933356E-03
1.59824525846284E-03 1.6152047070992E-04
-1.78709931604339E-03 2.40420217208307E-03
2.01092402013402E-03 -3.01318177087202E-03
4.19217014671404E-03 3.4380939858741E-04
-5.47764164441718E-03 -1.70092813292048E-03
1.86009757085218E-03 -5.07176030690048E-03
2.00450278084463E-03 5.57245180738616E-03
-3.83556513764715E-03 -2.68396215706005E-03
2.34843367212755E-03 3.20919956874693E-03
-2.27197562875585E-03 -4.98026330106957E-04
1.7218801313806E-03 -2.5981084100652E-03
-5.33575835380182E-04 1.19265186608022E-03
-2.36049581185534E-03 1.00629395028851E-03
1.95145618149364E-03 -8.83849918508342E-04
-2.14069824731266E-03 -1.21124525100304E-03
1.53418337000462E-03 8.70148814553445E-04
1.6477647726271E-03 1.71273892776899E-03
-2.54593356544504E-03 1.97929518706357E-03
7.15162910130795E-04 -1.12356772044288E-03
2.20832514177898E-03 1.88924168579586E-04
1.60229754960487E-03 1.80111478759622E-03
2.16427594816008E-03 4.66560187380502E-04
2.06780391249889E-03 2.97519312473946E-03
6.98168323883487E-04 1.84093405957905E-03
7.56490452746467E-04 4.58083925957472E-04
9.56234814072171E-04 -6.50805712327592E-04
2.74184562610334E-03 -9.58498632874047E-04
-9.44668450038013E-04 -4.97005255365247E-04
1.09182546224613E-03 -1.77866218847886E-03
4.23918786967581E-04 1.62710541113468E-03
-3.0609234154522E-03 -1.07002345316351E-03
1.95772172205856E-03 -1.11807299430187E-03
-3.40819381590055E-03 4.47232819440896E-04
5.77711999682172E-05 -1.84755401277558E-03
1.81926082332057E-03 6.56508853972697E-04
1.19352191937806E-03 -2.06589157159882E-03
5.53065813267892E-04 1.66192743028384E-03
-2.78582609826339E-03 -1.79000082715546E-04
2.11965262176788E-03 -4.29250774030046E-03
2.42953027503419E-03 1.85122307959777E-03
-1.39716550507129E-03 1.21443231484197E-03
-8.25139182014994E-04 -2.9137186300261E-04
7.24590492428107E-04 -3.03626228933887E-03
1.63090340740792E-03 2.25623725659608E-03
-1.71696353850641E-04 -5.27025111328208E-04
1.82643991645459E-04 -1.73583928785472E-04
-1.62543120739438E-03 1.4994850758083E-03
-1.48299610809038E-03 -5.6498939681359E-03
3.39268717602848E-03 1.10734591751323E-03
-1.25253417266053E-03 1.1860738812237E-03
5.08793527589171E-05 -1.06029007899261E-03
1.00618908454422E-03 2.76684221799817E-03
-2.55040234396348E-03 -4.00373919377096E-03
1.09444929782967E-03 1.55309883195587E-03
1.14578165646409E-03 4.777023335547E-04
-1.30295996594685E-03 -4.70175362882349E-04
9.26033014804853E-05 3.5818888311586E-03
1.13318673734712E-03 -3.97483329745922E-03
3.59895578856679E-03 1.94365077160694E-03
6.00046179105842E-04 4.17145544171546E-03
-3.79144973853868E-03 -4.33057662541867E-03
4.40686450552911E-03 -8.26923617397607E-04
2.53341416364778E-03 2.18374135018084E-03
