2.84406636330739E-05 -4.71758315592525E-05
-5.87608667510569E-06 2.39297933355596E-05
-3.09438432774623E-06 1.42022527476171E-05
-5.07376717781404E-07 -1.43668247742194E-06
-8.04598758042278E-06 4.54178388487242E-06
-2.55802562199884E-06 -7.7053924140188E-06
4.89963745980334E-06 -3.53912500762429E-07
-5.84978761241124E-06 -1.54678238444818E-05
1.51832210955308E-06 -5.54311623926823E-07
-3.03018282371155E-06 3.33642117821938E-05
6.58812338114933E-05 8.79054706319793E-06
-3.15944743755513E-05 -6.5059761939288E-05
-1.95820410913031E-06 4.96584135324317E-05
8.10217252621403E-05 6.84689297360205E-05
-6.14350299794196E-05 1.31613977474898E-04
4.75049582193597E-04 -3.53079535877914E-04
-2.89093454274423E-04 -1.53890970910398E-04
-1.05514962199312E-05 -3.3901691924521E-04
1.57229790211443E-03 2.7600711418842E-04
3.65486899248903E-04 6.16327671888449E-04
-3.4672213018557E-03 4.32469372423315E-03
4.53382384688824E-03 -5.30808316010687E-03
2.99542708794415E-03 -1.24775926588738E-02
0.00410892266699 0.014333432803453
-2.84146055501348E-03 4.57811482683805E-03
-3.36337147470336E-03 5.05296055681792E-03
-1.35712723273277E-02 -1.26541688869286E-03
7.00741164602363E-03 -1.38627622267809E-03
-8.45316584019172E-03 -9.95885175004853E-03
8.41035676657792E-03 2.8189480180391E-03
-8.23896667172671E-03 1.11934591961567E-03
4.23482921440387E-03 -1.37406382835886E-03
-4.13223648263263E-03 2.03700745597504E-03
6.7136607207174E-03 -1.86531681797138E-03
-4.45651078511033E-03 3.46429556438872E-03
3.59131680045075E-03 -6.67449135212995E-03
-9.29662078639233E-03 -3.66062230162473E-03
3.0451805952813E-03 8.07308349466424E-03
-7.51301568339098E-03 -5.57379390469058E-03
1.29099247525693E-02 2.3438523930237E-03
-9.14409944897845E-04 -5.64779947683677E-03
-2.05227711411408E-03 1.42508098846967E-03
-9.27647752938294E-04 -1.60124533444183E-03
-2.7772696883301E-03 4.22698014750888E-03
5.58888267524801E-03 2.52354411723952E-03
7.00378685328963E-03 -2.00086604710921E-03
4.19774681935495E-03 1.17344751337738E-03
-4.47780049995077E-03 3.10974768717369E-03
-2.78733448258841E-03 -4.50956078652845E-03
-3.89011009367382E-03 1.40026397856203E-03
6.89349919205482E-03 -3.06837117818886E-03
-4.14094476784075E-03 6.89637759452949E-03
-2.97339808212621E-03 -7.30339529729865E-03
4.53756893733108E-03 -1.49697546297828E-03
7.59953731426322E-04 5.60563679120824E-03
-4.25715261499424E-03 -6.76949674812796E-03
-4.88646168263915E-03 9.38936928429422E-03
3.77570193204167E-04 5.2532219915683E-03
1.18919578781607E-02 6.82942330773362E-04
8.21740861131445E-03 -7.13377048341739E-04
-2.99472666989867E-04 -7.31054423169996E-03
-6.0854629012743E-03 6.39924112512421E-03
-9.12676433001799E-03 3.79555971134055E-04
4.12668564800345E-03 -4.95618479465189E-03
1.78823060625419E-03 6.46517614772382E-03
1.78767448909551E-03 -8.33709031125074E-04
-7.39650452311696E-04 3.91875140993083E-04
-1.91989323709168E-03 -1.24465132350773E-03
-8.88698518788019E-03 -7.48294839250095E-03
7.72200191024664E-03 -1.82651672256215E-03
3.84990012574104E-03 3.01368720426423E-03
7.96307920280554E-04 3.35061570964589E-03
4.80716676187276E-03 -3.40609951920563E-03
7.5439056727071E-04 -6.98418764599886E-03
2.39999127654853E-03 2.83165620314781E-04
-5.81605229802059E-03 2.49080642201903E-03
-7.35814016326615E-03 1.82566214155189E-03
6.54016325634769E-03 -5.56633953551376E-03
1.28783693293283E-03 9.4288503603829E-04
6.1435682924839E-03 -6.42153587228108E-03
3.12629237411935E-04 2.27846303894774E-03
-8.50143938148169E-03 -4.71923576044926E-03
2.73299441518497E-03 -3.84495001793717E-03
1.72656593912099E-03 6.24432634140409E-03
-3.34857093555675E-03 -0.001410393382681
5.96995380180605E-03 -9.65016600984472E-04
-6.08303049786552E-03 1.84292819588729E-03
3.08395977624043E-04 -5.80085606316314E-03
3.29166688451392E-03 1.27983952859839E-03
-9.32465311336173E-04 9.68596835306305E-03
-2.74621978027378E-03 -1.17270261969693E-03
-2.68146069122073E-04 1.73978220398038E-04
2.23994374766618E-03 -7.65925658035079E-03
3.46005480028238E-03 8.29992051722788E-03
-4.60311904278549E-03 2.55100338246172E-03
2.60223078167907E-03 -5.06032181621007E-05
3.32245737713459E-03 1.37577020956302E-03
-1.65662061764546E-03 -2.76742990341987E-03
8.46412603654029E-03 1.11864099525213E-03
-1.00929403002936E-02 4.2788206594524E-03
-7.52298841456669E-04 -2.63154390776972E-03
2.31745758602369E-05 -2.39863088299691E-03
3.87065470974655E-03 -1.84374858067136E-03
1.62803532075226E-03 1.15072085854207E-03
-7.19045591833903E-03 1.09247701431245E-03
4.1459599620369E-03 -4.8058199828987E-03
-3.80568879415438E-03 5.13239932725124E-03
5.8147056130688E-04 -1.74739791159371E-03
4.55021197611014E-04 8.38185052838756E-04
-3.14789710829269E-03 3.65228306796007E-03
8.56100483253723E-04 -6.06788706904748E-03
-1.05713342655792E-03 2.61416900405143E-03
-2.40057103532144E-03 -3.1352311793481E-03
3.67209392186321E-03 3.58383153262099E-03
-2.37480695067811E-03 -5.09967894170057E-04
1.10250578893234E-03 3.27790637614351E-04
2.28140611109397E-03 -6.1154389977493E-04
-5.64792793003717E-04 7.99781935023623E-04
1.94190082870445E-03 -1.12230836478138E-03
-4.72892028003819E-03 -3.62159880867663E-03
4.79053929907084E-03 -2.32885035431132E-03
-5.78056924935883E-03 9.69563992767228E-04
3.70416344645002E-03 -2.4244687738952E-03
-1.80569228015205E-03 7.7658629775013E-04
-4.06014235609615E-03 -2.73867217272807E-03
2.25682717434518E-03 -2.43244350688035E-03
-8.91260449119246E-04 5.62866168560703E-03
-3.24242017411634E-03 -3.96433882489696E-03
8.88915744898482E-04 3.62655386164865E-04
2.22642685607512E-03 -3.02226969582183E-04
1.81679570891963E-03 -1.95530171767859E-03
-4.91806006117955E-04 2.7748431752313E-03
-4.90846042200924E-03 -5.36440756833775E-04
2.99117269598892E-03 -5.41716204949445E-04
7.49178526034798E-04 1.69744539964334E-03
-1.74322783439632E-03 -4.53315960416915E-04
2.71762890752494E-03 -3.0511202215037E-03
2.21340221979985E-03 3.35344664515751E-03
-4.50659533931931E-03 -3.95742320836231E-03
2.51052550434389E-03 3.65481892944241E-04
1.91241719115169E-03 9.04666446872592E-05
-2.57733602612036E-03 -9.25936511058948E-04
-3.35665896240132E-04 -1.30190272813827E-03
7.47813367958133E-04 -1.12559846097207E-03
-1.04525728741438E-03 8.55170000183408E-04
5.77776975448018E-04 -1.30980622828142E-03
2.32227412990612E-03 3.83037005040647E-03
-3.36221637100772E-03 -1.31160537047193E-03
1.61799133107696E-03 -3.28234862280309E-03
1.82811243581516E-03 4.02059919135775E-03
-7.11156282086222E-03 -4.15014529294711E-04
1.50200800121254E-03 -1.75410475231226E-03
-3.94714796064583E-04 -4.31100274460913E-05
4.49890457574247E-03 -3.15826681776008E-03
-1.67878731178045E-04 4.16105790111992E-03
1.72819456841715E-03 -1.46937881867626E-03
4.08105098260557E-04 -2.42341999307268E-04
-1.39726454307812E-03 -1.40828921353473E-03
4.49423847594214E-04 -0.001681718922918
-1.38111406229502E-03 -1.58494898497438E-03
-6.13590676772397E-04 -3.05152006217269E-03
1.71787310453292E-03 -1.54640317553103E-03
1.86922098710879E-03 3.6283668279303E-04
-3.01928039284986E-04 1.07394929774489E-03
-4.2115159607369E-03 -2.00269640573602E-03
2.08204664754462E-03 -2.38574414200281E-03
-9.05980085441074E-04 2.89543533483969E-03
-2.79058328727564E-03 -1.26923610856503E-03
3.00138766446547E-03 5.11320923752163E-04
-4.83243382789949E-03 1.63061695379301E-03
-2.27204251905258E-03 -3.74732943721063E-03
2.50203972861967E-03 9.3687850882177E-04
-3.2252807873502E-04 2.06699421398716E-03
-2.43186362149625E-03 -8.0418542946864E-04
-1.34652285728147E-03 -8.57009191578377E-04
2.2160572683118E-04 -1.67028215100765E-03
1.54297810681635E-03 -1.64014525955022E-03
-6.42229482076172E-05 3.79980340885179E-03
-4.45861786052567E-03 -3.0027136762924E-03
3.35808569871431E-03 -1.3431835148878E-03
-2.88136234112872E-03 2.03594077538854E-03
8.85574985883574E-04 -7.93950828593047E-04
-4.76142539424976E-04 1.49693338423773E-03
-2.99652559806682E-03 -1.59448374605822E-03
2.23326743415749E-03 -2.74740521246395E-03
-2.65221351095769E-05 9.79758357667523E-04
-1.58947113582947E-03 -4.14237036069964E-04
-2.07471182550052E-03 -1.46167503916395E-03
1.79476747197133E-03 -5.02458119206259E-04
7.93305871747873E-04 1.94319380781815E-03
-2.98191095785277E-03 4.79095299184667E-05
4.39265175467744E-03 -3.15254603852886E-03
-3.61187243721755E-03 1.17108172190463E-03
1.97865476669645E-03 -1.0359874722042E-03
3.4855624577001E-03 9.88407221780256E-04
-2.79966801763128E-03 -3.30573188890415E-04
3.67915758339419E-03 2.17458091479887E-04
-1.4107713760175E-03 1.36912972170403E-03
-7.21551447036558E-04 -1.80532238980722E-03
1.31472802046396E-03 -8.46203784916932E-04
-2.14958288286949E-04 -3.42321335588204E-03
