2.92638916992173E-05 -5.16738894789991E-05
-9.45089026249159E-06 1.92906976192233E-05
-9.88038064027347E-09 1.80179855008864E-05
3.62893554804942E-06 -3.24537186364403E-06
-8.33880091533852E-06 5.42737200123429E-07
-4.35522466233864E-06 -3.7261994517522E-06
8.95090268084557E-06 -1.05005702650865E-06
-8.57385947677867E-07 -1.24519957170908E-05
4.24339372374512E-06 -4.17561163176749E-06
-3.676694718594E-06 3.56680273065358E-05
6.93394292437376E-05 8.18748927739564E-06
-3.14646348272482E-05 -6.23377105503814E-05
4.73618744425345E-06 5.41371294164422E-05
3.01435610656272E-05 7.5366408090601E-05
-1.4091397441248E-04 1.33370148869042E-04
6.45762231943146E-04 -3.28098038230984E-04
-4.69352262807767E-04 6.53739254675429E-05
4.27099336162442E-05 -8.36076233383892E-04
1.74249518577974E-03 1.01731307889512E-03
-2.79053898752138E-04 -3.33543827993988E-05
-2.44467869465967E-04 5.08847469273163E-03
2.3211470147843E-03 -6.07521048078281E-03
6.42606532913613E-03 -6.77013053502422E-03
6.57488379056595E-03 4.88628283132054E-03
-2.11994015192477E-03 6.08254079705324E-03
-5.57610355201959E-03 6.75903833975758E-03
-3.33438455401418E-04 -5.0986547723451E-03
-4.56778594634074E-03 -2.96680865963664E-04
-7.02809046840829E-03 -1.33981736347846E-02
1.63452308932622E-02 5.69570026276147E-03
-5.63399623031346E-03 5.84386197632051E-04
-6.16012104283531E-03 -1.36220919704111E-03
2.94177814397322E-03 9.93352183430629E-04
3.99234539855339E-03 0.001223903950492
3.97214246314367E-04 1.13526417574807E-03
-4.18026229967564E-03 -3.47646268261849E-03
-4.69824279510084E-03 -4.66846441826804E-03
1.63605274666487E-05 9.53169463445976E-03
-3.40042579421722E-04 -8.09639651007799E-03
9.96525021974683E-03 4.18050408490681E-03
3.46257386569306E-03 2.95764768638815E-03
-3.2437807173663E-03 -2.41781646508827E-03
4.5934486004424E-04 -2.47544058261965E-03
-2.47751335401779E-03 9.06019781803495E-03
8.49779788160875E-03 7.89699085385903E-04
3.42149358885567E-03 -4.04526328279289E-03
6.63050437694772E-03 3.37475449270369E-03
-9.34278453918271E-03 1.47864148004798E-03
4.06461365236205E-03 -9.90972546939316E-03
-3.39016647832396E-03 5.4277871800012E-03
1.67653172293352E-03 -1.24070874224768E-03
5.59563953724324E-04 6.88339455863507E-03
-4.04215360278284E-03 -3.42845508805582E-03
6.44223851089724E-03 -7.66066226230113E-03
2.23523452688415E-03 6.77376296667382E-03
-5.95026399810928E-03 -5.21034778754201E-03
-5.25989124630688E-03 4.55321263179047E-03
2.08266533110203E-03 3.28378367179999E-03
7.95253496020711E-03 -3.29409699756788E-03
1.40591730470598E-02 -2.96439256579091E-03
-2.5282593745735E-03 -1.74830486103307E-03
-5.69803937147262E-03 2.55225481091499E-03
-1.20303463238916E-02 -7.54871940865724E-04
5.67715792853316E-03 -6.83231465165373E-03
4.8334818797633E-03 7.00369351982189E-03
-1.72617845031525E-03 4.15634205598376E-03
1.71953117886666E-03 -5.28735106735731E-03
-1.24983222035449E-03 -2.4757802101923E-03
-8.32056902776437E-03 -7.88894628165018E-03
6.46632945901127E-03 -3.93539868714706E-03
3.28942578396636E-04 5.55363786991559E-03
-3.14193231436592E-03 -7.07009222186665E-04
7.95036246827575E-03 -4.06192724749483E-03
-8.89624056272218E-05 -2.76268995765769E-03
-3.06384886973798E-03 1.54286984400503E-03
-4.8599215424882E-03 3.57927265037261E-03
-3.70917543982033E-03 5.31194203090922E-03
-6.23653887283227E-04 -4.68828007659958E-03
8.5077805836715E-03 5.15870378245151E-03
-6.1085734906776E-03 -6.76003225607688E-03
2.43202413621006E-03 -1.99810209278141E-03
-6.3125407705706E-03 -2.82601878983364E-03
3.26825141073563E-03 -2.83830027753779E-04
6.20383904068952E-03 7.84670984958076E-03
-5.36884552012658E-03 -4.01932453414464E-05
2.40074120642689E-03 -4.82833199835487E-03
-4.16248863071591E-03 2.65707014675098E-03
-6.65420611068809E-04 -8.95419301700761E-03
4.84835177317885E-03 2.70818950663263E-03
-1.30882626423501E-03 6.07698188173057E-03
-4.56858968395539E-03 -4.18245052780119E-03
2.79510828244393E-03 -2.92110900185031E-04
-2.10801762790939E-03 -7.25720418048823E-03
6.20128871320705E-03 3.50851037506321E-03
-4.95852332780758E-03 3.42425826196154E-03
8.43644110829043E-04 -5.07324616716732E-05
4.44893371898549E-03 -5.68329280208571E-03
2.55339579187548E-03 1.40175076551405E-03
3.29936019315559E-03 -1.22764918102293E-03
-5.8775341718419E-03 1.89388197587272E-03
-2.45606348576582E-03 -3.70066507245736E-03
1.87912732126984E-03 -3.56527747724553E-03
7.82657523896341E-03 9.54832100995501E-04
-3.59061185572059E-03 1.51621092353857E-03
-3.24591975289851E-03 -1.32954740474759E-03
4.12984458901397E-03 -5.78378781596325E-03
-4.56305024622024E-04 4.1605166576796E-03
1.01767150395648E-03 -2.94702817563652E-04
-2.64291737600507E-03 5.70987668885696E-03
-1.04154040331636E-03 -4.57576695100697E-03
3.79140881200309E-04 -2.96678570928188E-03
1.07634350143287E-03 3.95793278418773E-03
-4.36906525473474E-03 -2.18749486278268E-03
2.0157561024617E-03 3.22047618719891E-03
-1.8550067457162E-03 1.37307944517163E-03
3.04838716896475E-03 -1.62094894377723E-03
8.5976198377243E-04 4.47198261892988E-03
-1.85383368400602E-03 2.7141021899254E-03
-1.07502875998625E-03 3.4726683504764E-04
-8.87636693451319E-05 -1.83164804651446E-05
3.06282098930367E-03 -1.62437562735997E-03
-5.23211290166915E-03 8.22732195600251E-03
1.90118364348942E-03 -4.36602847612309E-03
3.8973614369347E-04 5.79748226364197E-03
-3.90326724948126E-03 -3.24152206131509E-03
5.9073741664252E-03 -4.39702457733884E-03
-2.2284495440726E-03 8.51384743360335E-03
-7.38085317765937E-03 -6.6537950425042E-03
5.84218109812371E-03 9.26103047588044E-04
1.32876428365785E-03 2.08835283708618E-03
2.52154365995527E-04 -4.27018657263044E-03
4.6365408147981E-03 1.70546984876194E-03
-6.61097399178075E-03 1.69668640891563E-07
2.67294524368972E-03 -4.42008104312088E-04
-1.51480049779845E-03 3.21387410159028E-03
-1.26465510753566E-04 -1.68517656855626E-03
-3.38656342257813E-04 -3.28833590270568E-03
3.59930980720444E-03 7.45701259080135E-04
-3.56714934886506E-03 1.66260816375975E-03
4.48036147505458E-04 1.43819518095498E-04
2.02200926680141E-03 4.34218521778991E-06
1.3687209623443E-03 -1.65208399768912E-04
-9.28619339372683E-04 4.95507783455574E-04
-2.98687610483952E-03 1.37677269383225E-03
8.32904530049576E-04 -4.14282249267491E-03
1.18848277491289E-03 6.17925995664467E-04
1.44113115049445E-04 0.002675747964837
-1.60345927235137E-03 1.93664572338124E-03
3.49600273093598E-03 -6.81702121758853E-04
-3.81229950201177E-03 2.45146421010554E-03
-1.2553789539026E-03 -2.06675429694141E-04
3.05745262350328E-03 -9.63704288295696E-04
-2.79873744926263E-03 2.94331522724926E-03
-4.16130758506097E-04 -3.78779493831913E-03
2.82383662586481E-04 2.4764083623866E-03
-5.33853877447961E-03 -1.82303435888799E-03
1.87708261587977E-03 -1.32026490590468E-03
-3.80926580641186E-04 2.13984359746675E-03
-4.53037702685973E-03 1.7019911814633E-03
-3.57131109244717E-03 -1.40221330583696E-04
-1.27670706809466E-04 -9.56836386730835E-04
5.54429565615834E-04 3.98115468364571E-03
-4.45209902983242E-03 1.69959806424187E-03
1.30843078770692E-04 -1.77547215075857E-03
9.9267377428959E-04 1.3275871287995E-03
-1.35686072207559E-03 4.43566775317773E-04
-1.43468595533001E-03 2.96701267223015E-03
-1.5493399274744E-03 -1.82112278323158E-03
2.73585833129505E-03 -2.37745490247963E-04
-3.65866164732473E-03 4.35737248029806E-04
1.35444530301655E-03 -2.88613408162402E-03
9.12870543304158E-04 2.8098951998448E-03
-4.44502374051465E-03 1.14663459225493E-03
9.08008637134202E-04 -3.18844398181004E-03
2.75216326782886E-03 2.31540615977374E-03
-3.58148017535504E-03 -1.09594933674124E-03
1.78295160341986E-03 -1.3643813936206E-03
2.1278576529221E-03 3.25572230202439E-03
-1.56316039883835E-03 -3.69335093021446E-04
2.31966577792732E-03 -5.59976457293484E-05
-1.07093490075994E-03 2.92088438244592E-03
-1.87994646469851E-03 -1.35341664632586E-03
3.06250597943424E-03 -5.00485429481106E-04
9.32412094547835E-04 3.63463559943551E-04
-6.83261232221472E-04 -1.16870950839762E-03
-1.57086406874378E-03 1.39491805492725E-03
-9.08643609219093E-04 -1.07675908356599E-03
1.62087863721382E-03 -1.60493465619558E-03
2.77385137660491E-03 2.83887146627597E-04
-1.58275171759477E-03 4.21239216106602E-03
8.54799057562169E-04 -3.52822943277837E-03
-1.79408770924302E-03 -3.38962795875296E-04
-8.85319613150631E-04 -1.14939076354777E-04
2.32045969831933E-03 -3.1445941971476E-03
-1.68564617422245E-03 2.91338993760831E-03
-1.00000516836569E-03 -3.36166637500545E-03
3.40587838697874E-03 -4.72650295614409E-03
-1.41222060757323E-03 4.64657989795789E-03
-3.5186548114172E-03 -2.79215738210016E-03
3.04827228397347E-03 -2.15277320938673E-03
-3.80514597700687E-03 2.98952235354144E-03
