2.90938664531716E-05 -4.83899320783657E-05
-9.50963998761249E-06 1.94590377702987E-05
1.32101390009894E-07 2.05472787038788E-05
-7.89366072647046E-07 -1.10866564132776E-06
-8.6399727097791E-06 1.06657137046081E-07
-1.68272438126906E-06 -6.28362789303774E-06
6.90910491403336E-06 -2.80959478394058E-06
-1.1639274041647E-06 -1.0767491783333E-05
2.09528826143027E-06 -1.60330215213972E-06
-6.57705202240379E-07 3.54507414773581E-05
5.95992643165005E-05 1.46573889479402E-05
-2.81194522405324E-05 -5.70392785393274E-05
-4.52370939532499E-06 5.82605843598901E-05
-7.13843960592582E-06 8.39907765165876E-05
-1.94673232141973E-04 1.16918486315158E-04
8.09561218553693E-04 -2.82699684385398E-04
-6.80742838363117E-04 1.24372107285997E-04
3.73713632355832E-04 -1.08408499507368E-03
1.20563543168797E-03 1.30649135792864E-03
1.41650814053512E-03 -8.67083014698466E-04
-1.87293714261862E-03 5.29170027094516E-03
1.85899078931004E-03 -2.57240351139094E-03
8.83031440671975E-03 -5.00706271778925E-03
8.91889123610468E-03 -5.24473652938284E-03
-3.21085498673747E-03 0.017566940112903
-7.40365659547717E-05 -1.79999113877047E-03
1.45206821891549E-03 -1.22248526250769E-03
-1.52844661671738E-02 -7.00202758809131E-03
2.5859766243807E-03 -4.88692423172876E-03
1.48598187235593E-02 -2.49179129033898E-03
-7.36515339111323E-03 0.011235970944462
-8.11901635105483E-03 -8.56248591365814E-03
4.54058281501393E-03 7.60399056449144E-03
2.67996545011416E-03 -7.24834345100973E-03
6.73287489647167E-04 1.02887367425319E-02
-4.39362944239769E-03 -1.06085387021273E-02
-5.06206470321346E-03 1.57966925755008E-03
4.68553273255284E-04 2.4884440715488E-03
-1.36906559723132E-04 1.81787390472104E-03
1.00228716397766E-02 -2.43276880341644E-03
-1.56511195746228E-03 1.06739211250448E-02
2.11673089278762E-03 -1.69135211865696E-03
-5.00424023112766E-03 2.97685276166675E-04
2.62191862360536E-03 2.93208454612609E-03
5.25810116518412E-03 1.5102084106066E-03
5.99352554616333E-03 -1.27245974551737E-03
4.68309506814041E-03 4.69147389908199E-04
-0.007178785456522 -3.34447608906512E-04
1.43793828854805E-03 -1.16971318792123E-02
6.20292250126996E-03 7.60148946287004E-03
-3.04971514818311E-03 3.3696718001713E-03
-7.22072239650785E-04 4.36962414841826E-03
-3.74255317533896E-03 -1.49882925927906E-03
3.41148986449594E-03 -2.38836219669183E-03
7.45500210573962E-03 -1.55623875686899E-04
-4.86868967034812E-03 -1.03482410608233E-03
-6.29714246360391E-03 3.4045176018468E-03
1.04292821014739E-03 1.95010849927737E-03
1.16912603420134E-02 -2.82659536244005E-03
1.41335539855983E-02 -8.68054462149767E-03
-3.04877237861829E-03 2.59691829576378E-03
-8.36174161470044E-03 -2.11219957491645E-03
-5.06968751416945E-03 4.83520523612693E-04
2.24672073952693E-03 -4.49776883510346E-03
6.1358658418582E-03 5.70292688174615E-03
-1.44498814184165E-03 6.83269113539348E-03
-1.7266620753015E-04 -5.33121938938258E-03
2.2067997578278E-03 -5.28024244614506E-03
-4.80390464443836E-03 -3.38712406480137E-03
3.51542558587624E-03 -4.41623723146002E-03
2.94591857365279E-04 1.91399982297623E-03
-2.6143249418603E-03 -1.8728575321445E-03
6.27007376576918E-03 -5.27804596648303E-03
2.18707061874053E-03 -1.96861792174435E-03
-7.84183505126552E-03 -3.57249384240764E-03
-6.02737401341296E-03 1.55422062849961E-03
2.94243705304119E-03 3.48127882722918E-03
-6.64492293496629E-03 -1.0822001736082E-03
1.03304595154908E-02 -8.74092451215412E-04
-8.00165319457062E-03 -1.28381790062816E-03
-3.31414782041646E-04 -7.08773012926759E-03
-4.46026872186216E-03 -9.48828604883144E-04
9.02225226204276E-04 2.37666818794206E-03
5.63568145950686E-03 6.93028065015436E-03
-3.04717456872057E-03 2.72134983605112E-03
-7.59063505316431E-04 -7.17358509921091E-03
1.41728599960223E-03 1.9458436678218E-03
-5.34887394219899E-04 -2.14070739093777E-03
3.65178096505494E-03 4.92387495178333E-03
-1.82630614714918E-03 3.68329629180484E-03
1.13274199137087E-04 -7.06896485903058E-04
4.53352870754781E-03 -1.86906661389902E-03
-1.62123887998196E-03 -1.53861855957884E-03
4.81008607225889E-03 -1.25872745433912E-03
-1.06354617795089E-03 3.06403911330377E-03
1.58192492943853E-03 7.00728661682421E-04
5.04337457146884E-03 -7.74363925724536E-03
6.71552411144787E-03 3.49809333608506E-03
-6.76490154284752E-03 1.45651406009914E-03
-3.97813479605828E-03 -3.17387497234498E-03
4.22778720917564E-03 -4.28236394240925E-04
-2.89889446748644E-03 1.7361713286775E-03
2.81439208646697E-03 -4.26924890754902E-03
-2.15444980840274E-03 3.23527505457475E-03
-3.09822443778763E-03 -2.30254255752108E-03
4.52426198851956E-03 -2.86623254677529E-03
1.63269142564389E-03 7.58542425776306E-03
-3.7865100831514E-03 -3.30312369320195E-03
-1.94001115123121E-03 7.03698731844997E-03
-2.03009770035999E-03 -2.3120288689829E-03
2.46422898882207E-03 2.89692446802678E-04
-1.23135095343525E-03 4.5764628414343E-03
-3.10509719616684E-03 -6.53623696774635E-04
4.48200223511564E-03 -8.96330905010742E-04
-3.60373894471789E-03 4.56015677771119E-03
4.29436197681506E-03 -6.30408594374018E-03
2.43024084047762E-03 3.73805243030398E-03
5.74634975222255E-04 -1.56197325426787E-03
3.68927290368861E-04 -3.4188623974152E-03
-5.10707140320793E-05 -1.11280292438641E-03
8.76121064840018E-05 -4.18696931881882E-03
-3.19024980236189E-04 5.77894831898718E-03
-2.96092779907614E-03 -4.66434697640732E-03
4.04777075907075E-03 6.21721451673218E-04
-2.6561576668288E-03 -9.02221587597094E-04
5.38753436836994E-05 -1.91029361008051E-03
2.54146600911905E-03 3.29945806596013E-03
-6.35753539472349E-03 -5.12011798088379E-03
7.51859723045642E-03 2.25472785933673E-03
-3.22752656024455E-03 1.95807057067502E-03
7.59949464774463E-04 -5.72824417973807E-03
6.28523986420944E-04 2.14240250926675E-03
-5.56286401672007E-03 1.27109467613006E-03
3.74340266654935E-03 -3.74739365030478E-03
-3.22586124682112E-04 0.0066827070825
-5.06938844147555E-03 -3.80379370494192E-03
2.95892605754251E-03 -3.46544170847329E-03
4.46090420223298E-03 5.52425073223047E-04
-3.23885844420798E-03 3.72724005290085E-03
-6.76650997814138E-04 -1.47127809611013E-03
7.13245321721443E-04 -1.35976296485188E-03
-2.84897779740289E-04 -3.82877057320157E-04
-6.32781588970237E-04 4.60308566536306E-04
-2.65769274502482E-04 3.99696029315524E-06
-2.84773374544352E-03 -2.07218012327044E-03
-3.94540445163924E-04 9.55163390784879E-04
1.81098230269978E-06 7.90051014526697E-06
1.17151069360731E-03 -1.85499907546512E-04
2.02000827088017E-03 2.21131872938396E-03
-1.74408918033237E-03 1.90137567277034E-03
-8.6733364653173E-04 -3.38073547457147E-03
1.60164201173853E-03 2.2584812692914E-03
-1.64262354898046E-03 1.68360541475225E-03
1.89721994236908E-03 -2.27473576595446E-03
-2.08355365569373E-04 5.01923933166877E-03
-4.42690834211301E-03 -2.24876437423971E-03
7.17847267705617E-03 -3.39264485178711E-03
1.25146830427863E-04 5.95706143114255E-03
-2.86861331437959E-03 8.72488507947395E-04
2.3468126950483E-03 3.31614136033179E-04
2.00252290532547E-03 2.65250764149937E-03
-1.20488004838139E-03 -1.61190823364641E-03
1.92739829828721E-03 -1.07675524385108E-04
1.52909041572446E-03 -4.07868310668449E-04
9.65231821689421E-05 -3.82298763005268E-03
2.26120582580112E-03 1.33688940319108E-03
-2.46956025295974E-03 -2.89819620206929E-04
-3.01649904822868E-03 -2.01132531057069E-03
2.36116187059718E-03 -1.99406479776534E-04
2.32794719019717E-03 1.7800154175149E-03
-9.97573736204608E-04 8.20979597625934E-04
-1.04804303855284E-03 3.43006822548865E-04
-1.23933150634887E-04 1.02622703141582E-03
1.87261874672408E-03 9.81919903727191E-04
8.97570533398201E-04 2.15113331410194E-03
-2.63212160377442E-03 -1.35572496103214E-03
4.06669542582461E-03 -9.37512641129403E-04
-3.60817456052801E-03 4.12959105725812E-03
1.57717551199142E-03 -1.6248609718763E-03
3.53903457464137E-03 1.00558305423051E-03
-4.11976678568041E-03 1.68242418335211E-03
-2.50107135718691E-04 -1.47951307870515E-03
1.95221716161324E-03 1.8171400057333E-03
-3.23698334800368E-04 -2.00171417201143E-03
1.22215215536469E-03 4.50607408018213E-04
6.04368926283712E-04 2.9025146478011E-03
-2.32653014747881E-03 -3.19184411288909E-04
-6.67602406817736E-04 -1.59408827555119E-03
2.9626567615062E-03 9.33499306502439E-04
-1.27624496461665E-03 -3.23323020631655E-04
8.78682587003711E-04 -4.42991432719514E-03
3.18343109571675E-03 5.64972503966266E-03
-3.21663127476839E-03 -4.08297272215505E-03
-1.67441671605565E-03 1.5618039327885E-03
-0.001416899617927 9.53582358583491E-04
1.7255980741376E-04 -3.67980371866168E-03
1.62997668110076E-03 7.000780939147E-04
-3.38998542424201E-03 1.7538361627627E-03
1.23424612967855E-03 2.08605151185898E-04
-4.2103903821304E-03 1.72451201655933E-03
9.03096588281703E-05 -1.19754270819476E-03
