3.1948139988146E-05 -4.70929540124444E-05
-6.80681186492653E-06 2.2062153212906E-05
-2.13540468979751E-06 1.57060906758825E-05
-2.82741593989505E-06 2.40228613357613E-06
-6.23366212493227E-06 -5.35743360239243E-06
-4.41556646577088E-06 -5.52934440126828E-06
6.23032599898631E-06 -3.27574993347401E-06
-4.34664679825961E-06 -1.01400637509599E-05
7.14835092079161E-06 1.56687252314465E-06
3.88644479826809E-07 3.64603641605871E-05
5.26823290171546E-05 1.48305709035496E-05
-1.72169987264651E-05 -5.54688280149403E-05
-2.75923736890405E-05 6.36162028360619E-05
-2.07696534086233E-05 6.50044801038254E-05
-1.82208841171282E-04 1.06354124287866E-04
8.01133194827584E-04 -1.19367472263743E-04
-6.81360756877183E-04 -4.33991572665355E-05
3.63718272044039E-04 -6.32358494408107E-04
7.81246385874137E-04 1.56506793834538E-03
3.25057093573411E-03 -1.8137747941147E-03
-3.88786546574448E-03 5.77623586277262E-03
4.12824979059433E-03 2.05315860279419E-03
6.24647571730925E-03 -1.08217823433613E-02
1.25951478657519E-02 -2.40537755503216E-03
-2.52585042179229E-03 2.10941172371098E-02
9.27809589406423E-03 -7.15774221937522E-03
-1.01849195163209E-02 1.43206007363106E-03
-3.62797860594071E-03 -7.13180665592739E-03
-3.94648557923066E-04 -3.7044746139174E-03
8.02203243322687E-03 -4.2735200654327E-03
-7.91984029660797E-03 1.51095670786869E-02
-5.11707545121803E-04 -7.03553965756239E-03
-1.5863795303128E-03 3.43622124145382E-03
4.32746845919344E-03 -3.11643302551214E-03
-5.09593010597745E-04 6.82652932550469E-03
3.60120951320051E-03 -3.71532407304352E-03
-1.13949879233287E-02 -4.07478157085639E-03
8.08272167858085E-04 5.67936548005766E-03
-2.92205783816984E-03 5.36216251997673E-04
8.99762892674188E-03 -1.83568544798075E-03
-2.19979742093899E-03 5.9731918874066E-03
-1.19942538301468E-03 4.66563231915212E-03
-6.81852379080013E-03 -6.44153400263784E-03
4.34721141116185E-03 4.89737179181927E-03
0.011894580141041 1.6815316569883E-03
-1.44471736480367E-03 -1.19805782832126E-03
5.93369021945633E-03 -6.99353021442246E-04
-0.011706386043976 2.42297408593639E-03
0.005717399048204 -1.73462871280312E-02
1.12777544946519E-02 0.010825751912205
-9.73604660030803E-03 8.52708991734267E-03
-8.66096770364515E-04 -1.25237970415234E-03
1.22546234388228E-03 2.88131790293367E-03
3.3006378869294E-04 -2.56398655874354E-03
7.70914878730538E-03 -3.43476408685236E-03
-1.77122905276721E-03 3.17177585170882E-03
-9.11955288473548E-03 1.95601138763559E-03
2.51650003971275E-03 2.58081617297183E-04
8.83179699557732E-03 -2.27611539267085E-03
9.23820373014554E-03 -8.86663932596476E-03
-2.50198116331228E-04 -5.28622828203433E-04
-7.71357119348409E-03 -3.59666922385156E-03
-1.13851620412582E-03 3.19621919842721E-03
-3.84770327589069E-03 1.33489614399643E-03
5.35362634496423E-03 4.91954380775461E-03
-4.0731213574455E-04 4.51056074419008E-03
-5.56088596530626E-04 -5.39326184132423E-03
-1.07113944496384E-03 -5.67732478711372E-03
-2.39430553536629E-03 5.133528125287E-04
2.62235740638946E-04 -7.59924935944781E-04
-4.57389238553831E-04 2.95607832180421E-03
-1.03457712904111E-03 -2.97669477256073E-03
6.19739842577519E-03 -6.28873910505083E-03
5.18269937809921E-03 3.02572954399817E-03
-6.89539407732595E-03 -6.56528682013653E-03
-1.63555253169721E-03 -2.39009823072303E-03
6.20455281305555E-03 3.27988264550402E-03
-2.52276398907669E-03 1.96592416707494E-03
9.23378691750291E-03 -2.62422953546463E-03
-6.22913133678705E-03 2.56407197969209E-03
-3.23493798373517E-03 -1.22861617689708E-02
5.13842595766958E-03 -2.36767985941062E-04
-9.19128426237987E-04 6.02770807253342E-03
9.11993898407632E-05 2.83767658826458E-03
2.5725684392144E-03 1.99057748842344E-03
-3.21412036505358E-03 -3.05810498049669E-03
3.36984802749863E-03 -2.1787997679613E-03
-2.41268674702298E-03 4.80021727380954E-03
-3.60108360435081E-03 5.73669222510922E-04
2.03986398568083E-03 -5.26352755853137E-03
4.84522733055053E-03 4.1596594389954E-03
-7.81812605651843E-05 -6.86720488419457E-04
-5.17095518478857E-04 -1.51174040369021E-03
4.29087928586998E-04 -2.35382510355831E-03
-1.4972769260297E-03 -1.0572060831073E-03
1.53808427768838E-03 -2.05141801180819E-03
2.96148266299828E-04 -3.97736529728107E-03
5.00238483337484E-03 -1.24168725448035E-03
-5.54473376347166E-03 8.76270287634182E-04
-8.63692770569908E-03 -5.89194609223566E-03
6.47583447661521E-03 -1.34037526349171E-03
-2.84365428800336E-03 7.80457063352818E-03
-5.27502291682341E-03 -7.03449742197496E-03
2.8515650770676E-03 -1.13529956919231E-03
7.96238504379507E-04 2.60383038611538E-04
2.28661817188957E-03 -2.53361044325925E-03
2.60292746016916E-03 6.09305950692954E-03
-3.72736603056683E-03 4.21457072135295E-04
2.25945312368274E-03 -4.53049537993209E-04
-1.18861063439069E-03 6.56142047037333E-04
3.92575117617452E-03 1.72992050325542E-03
-2.20905932200771E-03 2.95118150206526E-03
-1.12009784383953E-03 -3.43296889822365E-03
5.33534460279064E-03 1.75289104769154E-03
-1.84456825305282E-03 4.16387416449946E-03
-4.7592979422944E-04 -4.84965069267754E-03
2.49964205270022E-03 6.97256795709994E-03
-5.08478755217339E-03 -2.27746819497237E-03
7.19519403690876E-03 -1.22084106194255E-03
-5.85737511258578E-04 3.80229284655137E-03
-6.24387982679908E-03 1.79883705664229E-04
4.17833470615135E-03 2.69085162947007E-03
-4.59250860158002E-03 9.89054234712324E-04
6.20012161210236E-03 2.77882989494457E-05
-2.04523403596476E-03 1.69990629828814E-03
-1.54970514002835E-03 -3.00622253061631E-03
-1.34842459368647E-03 1.53180515013722E-03
-5.25008874067693E-03 -9.35124130180716E-04
7.01182363913795E-03 -1.06449377559353E-03
-2.21970579591835E-03 1.85663279118941E-03
1.28942999892977E-03 -4.40365677484256E-03
-2.12023259805578E-04 -1.54569627417381E-03
-1.12322360910047E-03 -8.12600392987351E-04
1.46752716560133E-03 1.56963519701823E-03
-1.02699064579551E-03 4.40125663192668E-03
-3.57823382834586E-03 -2.94616845878467E-03
1.51690298453474E-03 -2.73025226368028E-03
-2.02086368912976E-03 -4.44171602174115E-04
-3.43892909969663E-04 -3.57505962022832E-04
-5.25523856564597E-04 1.23050025202694E-03
6.33942918379399E-05 2.90515115116996E-03
1.06567079317423E-03 -2.74136311781859E-03
-2.22232691161297E-03 2.14072714013462E-03
-2.05249390412907E-03 -7.73749613280598E-04
-1.61523692323664E-04 -9.05890601880767E-04
9.97928261234467E-04 1.3466364923824E-03
-5.76262665153153E-04 1.09363611550536E-03
5.32520389801091E-04 1.2150540030532E-03
1.15557824704174E-03 -3.55882968526648E-03
-3.42790524739191E-05 1.63819956266051E-03
3.3473449113373E-04 -2.15067980863331E-03
4.13945865566348E-03 1.40147958327262E-03
-2.45536299061829E-03 1.5201919948565E-05
4.32410524514848E-03 -1.48725637151354E-03
-9.70366052750053E-04 -6.52719636109891E-04
-2.81954990696142E-03 -1.99665546635028E-03
3.97429388234546E-03 -2.78201854411298E-03
-1.42797702607311E-03 -1.59716151847849E-03
1.46297274907663E-03 -4.73114292432409E-03
8.33968119105436E-04 -3.8382921517158E-04
-2.25076119604347E-03 -2.39220428361505E-04
9.75374366987867E-06 -2.80100314269599E-03
-9.82778189582571E-04 -1.68785956539036E-03
-2.32505437517677E-03 -4.06893972690322E-03
4.41442823343919E-05 -2.65986715851731E-03
4.80053497164787E-04 2.06750661990732E-03
-7.69557597389935E-03 1.0981850489635E-03
3.62009043804582E-03 -4.68052073764305E-03
1.81738518085936E-03 4.77085204390058E-03
-2.77885729046114E-03 -9.49152804118334E-04
1.19274000326282E-03 -5.22798662239064E-04
1.44833536985609E-03 -1.35871017652742E-03
-1.97742819270895E-03 -3.27701094969443E-04
3.0856023185062E-03 6.32924394434581E-04
4.98802516533781E-04 1.63688099086145E-03
-3.31463020859467E-03 -4.63739800423445E-03
2.56249140575287E-03 -2.87252671406077E-03
2.20048331547969E-03 5.48004899282124E-03
-1.28073230359143E-03 -1.98664238921514E-03
6.05296714875886E-04 -1.08231291641187E-03
-2.49179962693624E-04 -1.2323446749698E-03
3.78341323621769E-03 -1.58825909712263E-03
7.92398615455907E-04 3.55752838331424E-03
-2.1236802502485E-03 3.5168505802152E-04
2.36697090721985E-03 -3.36422893547267E-04
-7.48488218836278E-04 -1.59787163963622E-03
1.25960877986031E-03 3.13672696729668E-04
2.31461350510899E-04 2.23309270727761E-03
-4.80456549271365E-04 -1.51117124620219E-03
-8.48480638946199E-04 -3.65566411670761E-03
2.92212005413594E-03 1.07491917763597E-03
7.5434100652864E-04 -1.89626538569632E-04
-2.20163106237222E-03 3.65590933755816E-03
1.07101973928721E-04 2.45267864443521E-03
-4.77424057536779E-03 1.71204497879918E-06
1.75174403651126E-03 -1.5892477975555E-03
2.90103083206764E-03 3.77293886658166E-03
-4.22745909015061E-03 2.97180580383406E-04
9.16369694583059E-04 -5.14452781337863E-04
2.72090490802609E-03 3.86486412204495E-03
2.22161742041846E-04 1.3713309016199E-03
