3.10583133743375E-05 -4.63244113719038E-05
-8.54978252499785E-06 1.93724905443496E-05
-1.00948533744822E-06 1.33517126707086E-05
-3.73319361758796E-06 -2.7924282551788E-06
-9.9148274846882E-06 2.1763537652242E-06
6.11103100490916E-07 -4.85863022294675E-06
8.10019219978448E-06 -1.31300235664539E-06
-2.66802379760562E-06 -1.0523710996923E-05
8.91751870721533E-06 1.97287546090704E-07
-1.40255460583753E-06 4.10834006507042E-05
5.12759907327521E-05 1.24113083098757E-05
-7.92622369041862E-06 -5.41324252775014E-05
-4.23512089546966E-05 6.0238096657632E-05
-2.27095324782016E-05 3.15076954293503E-05
-1.16264096545968E-04 9.24874955106298E-05
5.7345598564071E-04 1.21879104861865E-05
-5.25832828376554E-04 -2.53622062033325E-04
1.08053662429647E-04 -1.11560176902053E-04
1.28011834412554E-03 1.33603105498568E-03
2.76978391119056E-03 -0.001376924440352
-3.39299965930618E-03 6.20603281291551E-03
4.48954781276084E-03 5.19186711716979E-03
4.3443892168722E-03 -1.57377402680607E-02
9.86680189530858E-03 7.84044484610342E-03
5.35484307088572E-03 1.40375881773471E-02
8.09285563846661E-04 -2.8432282468914E-03
-6.00440514311406E-03 1.09186912503992E-03
6.90972799262756E-03 -2.44874535519837E-03
-7.12801443174057E-03 -9.74704363191751E-03
3.81728934998228E-03 3.09865269316325E-03
1.72724875165781E-03 8.64207070277968E-03
-7.51970632449438E-03 -1.68811905267486E-04
5.04032957397872E-03 -5.0968920947703E-03
-1.57944382363875E-03 3.91451094594101E-03
8.65945857394391E-03 2.06607964850598E-03
-6.64779250406209E-03 2.81857045961463E-03
-5.82110046865159E-03 -3.85983788502745E-03
-7.63348822638582E-03 1.62214796120582E-03
2.84418177514212E-03 2.00281635345286E-03
1.9986473002593E-03 -6.33467413746097E-04
1.93923382976912E-03 6.02167101740903E-03
-6.08199114540745E-03 -2.88503087191237E-03
-7.71071969183266E-03 -3.16476028252381E-03
5.8927977165902E-03 -6.74856011716731E-04
7.19564045457468E-03 5.84799261551337E-03
1.09083952579877E-03 -3.67987239309611E-03
-1.15147156693346E-03 2.54178868485561E-05
-9.98464298266234E-03 -2.09783723499685E-03
3.02349845296713E-03 -1.54413885680508E-02
1.11691274030786E-02 1.13835483524728E-02
-8.74205146225248E-03 7.14672738208917E-03
-2.00112077102931E-03 -2.50234137328058E-03
4.28201847145625E-03 2.19332554543573E-03
-2.07383122137312E-04 3.71695615464856E-03
6.49533544138619E-03 -5.98740711318653E-03
-6.26761313669863E-04 3.75880899742374E-04
-7.34384524969466E-03 2.57806427914572E-03
-1.39954085711219E-03 2.08113192619048E-04
9.14540071655449E-03 -1.24746592189079E-03
2.68168502683828E-03 -7.4182996527695E-03
-2.58415376408494E-03 -6.54014637409778E-03
-6.37368945137672E-03 -2.96229572620839E-03
1.42389500583302E-03 2.65059142192279E-03
-7.33836109736507E-03 5.49740269872646E-03
3.27456819539319E-03 2.54486341418928E-03
8.03674470205527E-04 1.86589937512259E-03
1.5273890325472E-04 -9.56661961872901E-03
-1.61946814284475E-03 -4.62352594145318E-03
-2.50840598432431E-03 1.09439119919397E-03
-3.65414559576655E-03 3.12708903081423E-03
-5.23050390985165E-03 1.46071899893412E-03
3.23401409891339E-04 -7.94034737842799E-04
9.31217121802507E-03 -2.85113889128372E-03
6.55150840903393E-04 4.29870157372623E-03
-5.94119909977487E-03 -1.76577903261171E-03
2.6807746374815E-03 -1.26944580732369E-03
3.04886843516718E-03 4.3455624765881E-03
2.45421846858396E-03 4.95499189385223E-03
3.57154838832228E-03 -1.73621102746997E-03
-2.37116332459274E-03 2.5882296542142E-03
-2.28149711300836E-03 -0.014055981469853
9.20433789764648E-03 5.0467673233253E-03
3.8124413186592E-04 7.17608378422718E-03
-8.01583642918716E-04 1.82140655860682E-03
1.13574814196192E-03 -2.39420753261728E-03
-2.55265800213235E-03 1.30219290620985E-03
5.13943857962144E-03 -5.0455815784417E-03
2.01470902868132E-03 6.66803517718148E-03
-4.4482879185511E-03 1.56401249911013E-03
1.83654152816611E-03 -6.9228728643716E-03
6.5885660555061E-03 4.02428963805357E-04
-2.70232422885476E-03 1.95061909382057E-03
7.65114049092213E-04 -3.95096071135947E-03
-1.74307690559928E-03 -2.07297774902209E-03
-7.24969993108963E-04 -3.44714330483226E-03
4.45713243515962E-03 -4.54334822025503E-03
2.0246346648636E-03 2.90170539938452E-03
-1.61745384028383E-03 -1.26273369708834E-03
-1.07495177113042E-03 1.42833991316055E-03
-3.74972243010704E-03 -1.88290196324351E-03
-3.61037815891094E-05 -3.82784083322223E-04
1.04378855964309E-03 6.29056677589885E-03
-6.38662682815549E-03 8.2506707614395E-04
-2.02759601340899E-03 -2.90442435709102E-03
3.75101016944291E-03 -5.58931594857242E-05
2.68163853285947E-04 9.51621154005773E-04
6.30060391142343E-05 4.464608669034E-04
-3.51862234477562E-03 1.11089447982376E-03
3.45274459870654E-03 6.27701840432761E-04
1.30798706195009E-03 3.14969881515589E-03
-1.78868721558187E-03 5.45090670303829E-04
-1.57003921737106E-03 2.75426281443423E-04
-1.80754377867527E-03 -8.00871379902167E-03
3.62580755313135E-03 1.93701919237414E-03
-3.53174014418341E-04 2.37939202710359E-03
-3.74087101889489E-03 -6.51153121382474E-03
3.8726274807706E-03 -2.23522665067721E-04
-6.34353163850966E-03 -6.43694490387997E-03
6.44892205775595E-03 -5.87381939486672E-03
-3.43373075458993E-03 3.3662013297935E-03
-4.52396676076903E-03 -4.43160493066452E-03
5.5230108513577E-03 -5.92093544469715E-04
-1.24900280838777E-03 3.30724140404049E-03
1.37017481531551E-03 -3.87007072470022E-03
-2.53409931133249E-03 1.75291814051744E-03
-4.49051144328822E-04 -9.21265034362749E-04
-1.66201886105275E-03 7.47347350427655E-04
-1.60816960784608E-03 3.0072530760808E-04
3.98537535647133E-03 -6.26760700222057E-04
-1.09857736254499E-03 1.60099635710152E-03
-3.22067860409991E-03 -5.38266097370201E-03
1.21239714163629E-03 2.59006982733505E-03
-1.6688187930642E-03 -4.94264213116565E-04
1.30374550182909E-03 3.17257960147608E-03
-2.55079140671023E-03 -7.1289093706868E-05
8.46366438113388E-04 2.07135463119215E-03
1.29120123912684E-03 -7.03905485352435E-04
-3.33902418986485E-03 2.4828298706649E-03
-6.30693986505913E-04 -2.70608146951114E-03
2.23842306160891E-03 1.92474998631329E-03
2.92018460435032E-03 -2.1517327171866E-03
3.44472280812878E-03 1.70168363617357E-03
7.95736205572695E-05 4.36647956827109E-03
-3.13168073187089E-03 -4.50761472625146E-03
5.62420970311909E-03 2.86132172462927E-03
-3.98265161405606E-03 3.30451425314384E-03
1.03557237210005E-03 -1.33107510466337E-03
8.9959155608546E-04 -4.45383702606969E-04
-1.60499237265538E-03 2.2739509292079E-03
3.88150806621956E-03 -4.11949125960539E-03
9.18382422425196E-04 1.30298113597724E-03
-2.70343359837933E-03 2.9757544423238E-03
-3.34490818926053E-03 -2.87453919912504E-03
2.53466209959465E-03 -1.37240532334679E-04
-4.32296870863442E-03 4.08000883267169E-03
-3.02023321864262E-03 -4.10093739856928E-03
2.29557444362676E-03 1.90328268820727E-03
-4.75000505989663E-03 2.68621826434564E-03
-2.93977706448502E-03 -1.74456558678191E-03
8.15565822291597E-04 3.54994678841693E-03
-1.74202953018495E-03 1.55923888039054E-03
-1.08488329966257E-03 2.6642143999126E-05
-2.63480021695555E-03 4.58898080157197E-04
-9.36782867594806E-04 -4.5710333776845E-04
1.43628310271522E-03 6.38328784665579E-04
-2.12070050413913E-03 3.44393545761783E-03
1.37795317919459E-03 -2.88613313146848E-03
2.18609321894744E-03 0.001372504282097
-1.82280973669092E-03 5.18795896217215E-04
1.90763184076151E-03 2.51991998343224E-04
1.95599231208188E-03 -9.50846055455784E-04
-1.47364811998458E-03 -2.80480711698725E-03
1.01608808199399E-03 6.77783479103024E-04
1.23287857619495E-03 4.7454457878487E-04
-4.08514827613941E-03 7.92130762932778E-04
1.44456376217263E-03 -5.17123534860146E-03
3.06449946479987E-03 1.37721870760657E-03
-2.28906625520653E-03 1.96689937618725E-04
-2.84729495427527E-03 -2.07517375296451E-03
2.18437180699468E-03 1.98991837881227E-04
-3.12613328218544E-03 -9.88522385359263E-04
2.16503125508757E-03 -1.19193252997979E-03
-6.43144001958211E-04 3.64650533382191E-03
-1.22172239395843E-03 -1.41867334372863E-03
6.25770542981291E-04 -1.60993247992068E-04
4.63549533293052E-04 1.32179184858907E-03
-1.6203075453488E-03 -7.9572995560022E-04
5.39079265167868E-04 -1.30129431992273E-03
1.50955092925419E-03 6.42083933975318E-04
1.82222005545716E-03 1.42297150128424E-03
2.57081018658001E-04 1.02847588773409E-04
-3.84249717846393E-03 1.95992732994164E-03
4.84264318498616E-03 -9.0666283502214E-04
7.69484472251322E-04 1.66699716376412E-03
-8.01421523484117E-04 1.82824096122557E-03
1.70940480478175E-03 -9.87945584781301E-04
1.2155533811279E-03 1.23304714491772E-03
-1.00397421370837E-03 -3.0828676424808E-03
5.28555018118369E-03 1.24860707673568E-03
-3.94916171160331E-04 1.9945063750451E-03
1.16504778379098E-04 -2.87846868846723E-03
