2.99533615294401E-05 -4.63941207198597E-05
-6.20750903218654E-06 1.92904697877376E-05
2.46139551066521E-06 1.73119017578026E-05
1.71050956775728E-06 1.68533421887987E-06
-7.390277378804E-06 2.00370690355625E-06
-4.97601178779755E-06 -3.09132705435983E-06
6.65509253602853E-06 -2.64412662661658E-06
-4.6739577271901E-06 -1.01233263076439E-05
8.21399095976235E-06 -3.12613597753275E-06
-3.6791914129558E-06 4.27074697810373E-05
4.32851324743378E-05 1.00441375636902E-05
-9.54030614476849E-06 -5.82355622827272E-05
-6.16207173891735E-05 6.01774056087117E-05
-4.56687414274978E-06 1.06209965636968E-05
-5.2829837304492E-05 1.04471304584396E-04
2.41845412040413E-04 3.14902602943883E-05
-2.20287117425928E-04 -3.65535696984792E-04
-3.00976199391676E-04 1.20826327278487E-04
1.78157195549042E-03 5.39420753527673E-04
1.86150367443891E-03 -4.42903173056258E-04
-1.62564870606804E-03 5.78891504944785E-03
1.37507872605999E-03 3.52512792136419E-03
3.47232932727303E-03 -1.29140917332708E-02
4.13145603049612E-03 9.17973901344882E-03
0.013473876251995 7.6330379197065E-03
-1.27519596804588E-02 3.27455995707595E-03
1.39696119542654E-02 9.15274238952244E-04
-3.96833123518216E-03 -2.48373770730632E-03
-1.93798050371534E-03 -8.89105575688032E-03
4.06554784029903E-03 1.45156301224604E-03
7.06621250039816E-03 7.86340952972105E-03
-1.31785639990448E-02 -1.78339210593562E-03
1.17206043652443E-02 -1.39988347098126E-03
5.84187735920593E-05 3.60694132991441E-03
3.96248584694108E-03 7.23019559762094E-03
-6.45801517502689E-03 -2.32299772625907E-03
-6.51832327690213E-03 6.49133906860464E-03
-4.91895460597479E-03 -6.29553717746784E-03
2.2923403698083E-03 3.26996027136367E-03
5.80114419876111E-03 1.9674214314115E-03
-4.84732956660506E-03 1.72300418392649E-03
2.24607572763436E-03 -1.66604002575577E-03
-8.28647795076287E-03 -5.44923241839642E-03
2.58115181408741E-03 -1.0954862745994E-03
4.98579047912894E-03 2.4795720983244E-03
2.98640198784488E-03 1.23647846421253E-03
-3.34452295477781E-03 -8.19968424541742E-03
-7.46407160405114E-03 1.39710815559976E-03
-1.5724517099456E-03 -1.43698186069229E-02
1.18106918117503E-02 3.60653338418471E-03
-5.31863710518259E-03 9.63601250037886E-03
-4.14530832852433E-03 -2.4849693636392E-03
6.62136406413597E-03 1.42746339153085E-03
-9.54586255002557E-04 3.52317275943538E-03
2.74783831417242E-03 -7.81006604299164E-03
5.47334954693328E-04 1.0239278998195E-03
-6.87232955397908E-03 1.98771634067711E-03
1.4719778251919E-03 4.01380961664575E-04
6.09722658349678E-03 -2.53529015135466E-03
-1.2254210428289E-03 -1.00355637878497E-03
-3.81526358205145E-03 -1.19963518777449E-02
1.38635760919974E-04 -2.17193191490123E-03
7.51771475633652E-04 3.88370738879812E-03
-4.08009631882286E-03 4.8878854922049E-03
4.22286586803755E-03 4.23021300055817E-03
-2.65130583024851E-04 3.37647649317399E-04
3.06798741571616E-03 -1.20826992053379E-02
1.24697363578476E-03 -1.12129669056138E-03
-5.02688513457136E-03 1.21018827971505E-03
-1.64241458900335E-03 2.18730773635667E-03
-6.03800407316362E-03 1.54334417313283E-03
-9.48756440506995E-04 1.22625491792603E-03
8.43804330699572E-03 -3.15240922820755E-03
-7.33919483654345E-04 -3.29096154084277E-04
-5.95397057017628E-03 -3.58408840317076E-03
-2.8651494655592E-04 1.99021305203016E-03
-1.08129959060456E-03 2.36473542810417E-03
4.71775994654068E-03 9.87523907904741E-04
-2.29489851995183E-03 8.05641679788353E-03
-4.99698730643856E-03 -5.43473929319494E-03
-1.13671685089708E-03 -1.21133904760417E-02
6.48317511575985E-03 2.52306812752711E-03
-4.97565051024449E-03 5.99668689891783E-03
4.33766735840991E-03 -2.45802183859418E-03
1.24851524018642E-03 -2.04661276644513E-03
-3.36579469821617E-04 1.9069125744976E-03
4.03319153565413E-03 8.18160191869887E-04
-1.3459653327649E-03 6.76556655304159E-03
-5.83024701637742E-03 -2.75890696634835E-03
3.13388129749343E-03 -3.69948018980217E-03
7.92936004135501E-03 -4.45468699905606E-04
-2.60742900978367E-03 3.24578906276627E-03
7.00622640638084E-04 -3.96607258842494E-03
-3.97159554311087E-03 2.68674935901711E-03
-4.48859101474781E-03 -5.48584886517472E-03
3.05018358083169E-03 -7.6146497592616E-04
-1.39677219951501E-03 2.01041155485418E-03
-4.14830388752285E-03 -5.31968733973828E-03
1.14035626353061E-03 2.02384030112767E-03
-1.87190751290658E-03 5.06192123163528E-03
-3.96215656423041E-03 2.4322219630071E-03
7.0138660271872E-04 8.53920819168397E-04
-2.69262361138293E-03 2.63751026666511E-03
-3.21680075594503E-03 -4.42394106021308E-03
5.70081778315419E-03 -4.78965173240173E-03
2.0398026729529E-03 6.9302981198184E-03
-4.44850988290169E-03 -1.60357366962996E-03
7.3282852182742E-04 -6.53221767179839E-03
4.29185808385584E-03 -0.001342560400104
1.58154143006605E-03 4.73631505502982E-03
-2.78150461360335E-03 -1.83956032737468E-03
1.53685623250095E-03 2.35154062376909E-04
-8.58292989646542E-04 -2.58419184132911E-03
5.21428489101707E-03 -2.3519495860174E-04
-2.29029390173009E-03 6.41856222714737E-03
-6.49358151774576E-03 -1.73232826022317E-03
3.38556002603626E-03 -5.41354027925527E-03
1.69316694425653E-04 4.68304457282135E-03
1.03094011343662E-03 -1.88169499519603E-03
-4.96268237380419E-03 5.97763347685043E-03
-2.25248630059224E-03 -1.19047406126486E-03
3.06244979475338E-03 1.53720376162175E-03
1.35895002802848E-03 4.97248248887669E-03
4.0650155998721E-04 -2.62962459940828E-03
-1.61078890460668E-03 -2.76623584405565E-04
-2.42600015523171E-03 -2.29007048585324E-03
-9.48489996270777E-04 2.73508023085054E-04
3.37257065881022E-03 1.24867527183669E-03
1.47313290659309E-03 4.47355476285086E-04
-3.36129715349447E-03 -2.72216296745129E-03
1.44764454101683E-03 -3.85199042058533E-03
4.51369998068901E-04 1.78690518712153E-03
-1.78059038676423E-03 -7.6179203553518E-04
5.19145958525994E-03 2.20509125153679E-03
5.30574315700385E-04 2.09288629591928E-03
-2.33799934108006E-04 -3.91939292064747E-03
5.32933015686074E-03 1.04794664621395E-03
-4.59167681900747E-03 4.70233579212306E-03
-5.00064762430195E-03 -3.82227980722289E-03
2.66951776538618E-03 3.33047377390935E-04
2.68450513291001E-03 -2.11887394207145E-03
3.92938036753575E-03 -5.98943153959783E-04
-2.75422007385706E-03 2.11279263084818E-03
-1.39803040914354E-03 -2.87098592056396E-03
3.64521748280798E-04 1.5657185311166E-03
-3.01534190703526E-03 5.46372403463854E-05
4.41916630776678E-04 -2.06073638961859E-03
1.54241010415202E-03 1.0565378088427E-03
-5.71861712306417E-04 -3.48840769859752E-03
5.95938275514853E-04 9.99420031309183E-04
-2.47588858649787E-04 1.04052315155186E-03
-2.18484424867656E-03 -3.75534299262724E-04
1.3288394089752E-03 -2.23142036595279E-03
3.16708637756759E-03 1.30875333000541E-03
-5.8039694790546E-05 1.3961366317726E-03
1.53029611609478E-03 -3.36840353246743E-03
6.56179873802813E-03 5.29924164001599E-03
-3.42606337538881E-04 3.83771650776068E-03
1.5108624292886E-03 -8.82048019961638E-04
2.87877260373722E-03 8.29866646488318E-04
-3.18454438845721E-03 1.71115221786657E-04
6.12105289141443E-03 -4.3125041511758E-03
4.04073994061375E-03 3.5364524177966E-03
-2.1295946034708E-04 2.23320858857743E-04
3.63808737938084E-03 -1.13952262523988E-03
-1.29825178792581E-04 3.62172587409694E-03
-1.98915072071747E-03 -3.83138216384072E-03
2.61457708100999E-03 -1.99590419451502E-03
7.83243394676207E-04 -4.964968749864E-05
-4.64959169199577E-04 1.02150720960194E-03
-1.01813128565044E-03 -1.30426487577231E-03
3.96761600427695E-04 1.02139583861469E-03
-7.05882755642878E-04 5.93191776678241E-04
-2.68670614176135E-03 2.21501121851613E-03
2.68377767635934E-04 -2.30815527601529E-03
5.06806294808393E-03 -7.41135623524273E-04
-2.3530109735363E-03 3.72338128284991E-03
-6.51180067526477E-03 9.38389095124303E-05
2.74156259278077E-03 -1.04839721956041E-03
-2.00557066810398E-03 3.26271640823512E-03
-2.49307567894972E-03 -3.12007119267838E-03
4.34575498906793E-03 3.89984803330593E-03
-5.91544599975933E-03 1.68687397005624E-03
-2.32401994930972E-03 -3.04557797465105E-03
4.17015736717248E-03 1.65762275851673E-03
-1.23534697185716E-03 2.77296322475126E-03
-1.60346682683215E-03 -4.2669203492103E-03
6.91358276561475E-04 3.83073734258258E-03
-4.53952160037987E-04 -2.95704563831497E-04
1.57321986379888E-03 -3.18318929195126E-03
1.24114180537293E-03 4.76732882314297E-03
1.65430129071603E-03 -2.44658430375073E-03
-2.32236059984484E-03 -2.97502758840738E-03
3.1517939639586E-03 -4.4963186988814E-04
6.43898360043758E-04 -6.05181504371066E-04
9.48697737300062E-04 -1.87394074446515E-03
2.99136581699021E-03 -1.52654660004388E-04
-2.97685501639505E-03 -9.38134590177719E-04
-1.69819055270448E-04 -5.35028378066224E-03
4.23453353509932E-04 -1.75159902753839E-03
-8.30563811395447E-04 -5.05334444497139E-04
