2.84324132418845E-05 -4.90725218921466E-05
-4.08252630411048E-06 2.00006333271012E-05
2.03909504787068E-06 1.72075196465235E-05
1.46664625008636E-06 -2.53031448731555E-06
-1.1634758939746E-05 -3.13275486819148E-06
-3.40999537218323E-06 -1.60065341863967E-06
1.92323613496468E-06 7.70920728219008E-07
-1.14524984769488E-06 -1.18947406195483E-05
9.47913321020159E-06 -1.22717089300119E-06
-1.65889115958034E-06 4.49231990819336E-05
4.8908517300138E-05 9.72766308537345E-06
-9.99452742517487E-06 -6.24642085435953E-05
-6.70955230620396E-05 5.98063618803586E-05
2.53359438759193E-05 -4.46491356552744E-06
-7.90201869381131E-06 1.34320978689042E-04
-4.9930012619464E-05 -4.84607746719599E-05
7.30090798297676E-05 -3.36993348384745E-04
-5.66290353582355E-04 5.78222183259744E-05
1.38393056477016E-03 1.51685443621121E-06
2.64043012485867E-03 -3.86005950291854E-04
-4.43525000938663E-04 5.92876406393093E-03
-1.3537273496571E-03 -7.01786646606638E-04
2.19227321343475E-03 -4.67515126830319E-03
1.01604710702038E-03 -2.33134892761075E-03
1.01189690180657E-02 1.35448096223254E-02
-1.31334511532013E-02 -4.16333546383579E-04
2.07030892682432E-02 4.86905065455258E-03
-1.44220889872683E-02 -5.00768957854083E-03
8.53853859889668E-03 -3.66043294727549E-03
7.02617092716319E-03 -4.70097361231934E-03
-1.28442506215469E-03 9.4089223466836E-03
-1.65813591466848E-03 -6.63985652849826E-03
5.90371674387044E-03 -2.16232617303176E-03
7.45078377861221E-03 1.07678020120561E-02
-6.45168060490752E-03 -2.20933086024104E-04
2.91441339468418E-03 4.28793186811791E-03
-9.45874370840821E-03 3.46365226819421E-03
-5.01195175034494E-03 1.22559128844259E-03
8.39299743620198E-03 -6.4861006625669E-03
2.35828022002761E-03 9.68927695934632E-03
3.21039854758971E-03 -2.68275663701882E-03
-2.1853548694138E-04 -5.08609156918573E-03
-5.3503879365736E-03 -1.10570986265435E-03
-2.0452346221272E-03 -4.64347363983441E-03
9.7784956432227E-03 5.37608432408542E-03
-9.60669577791887E-04 -4.44835897966551E-03
1.19865951497161E-03 -5.91400045212888E-04
-3.04862021873723E-03 -1.08821980545983E-03
-3.96468220576567E-03 -1.13450826474834E-02
1.23912955208262E-02 2.99091484039553E-03
-3.72350358938014E-03 8.50905943002647E-03
-2.04201732436345E-03 -2.96224028370767E-03
5.85304280873673E-03 -1.90344662239234E-03
9.56033315826741E-04 1.11880347101321E-03
5.00318548111525E-03 -3.84305531376769E-03
-2.83753601591005E-03 -2.56683295724539E-03
-6.62871796467592E-03 4.67272615506008E-04
4.4789386992714E-03 8.26663620692664E-04
6.47420164289102E-03 -1.168662373802E-04
-1.97675228711679E-03 -9.35376076463662E-05
-1.00200782413185E-02 -9.17927334380615E-03
3.00868884256979E-03 -9.63565647266853E-04
-6.46811891357331E-04 5.34913480188728E-03
4.70469715909032E-04 8.97045372040483E-03
3.69155129713157E-03 3.04756812079794E-03
-2.99184452827371E-03 2.45850288212562E-03
1.95065820869763E-03 -9.21379317744313E-03
-2.05265679256009E-05 2.95180871193053E-03
-4.72582520157125E-03 3.19357843585848E-03
6.22537589718925E-04 2.24671722290455E-03
-3.18941711295181E-03 2.71500033567832E-03
2.05288996016613E-03 2.6722799145425E-03
2.49523983525546E-03 -1.77360176712238E-03
2.50521393909727E-03 -6.73609392634379E-03
-9.5931706791656E-04 -6.80250754919392E-03
-2.89082086977456E-03 8.41345026752665E-04
8.99267303490055E-04 -2.64403859403123E-05
4.90019145707861E-03 6.84574196883682E-04
1.89664356356532E-04 9.13801578007938E-03
-5.54160655445846E-03 -1.32500752947935E-02
6.66348272322709E-03 -6.92336145309345E-03
3.21147153495214E-03 -1.60783503284423E-03
-4.31147617453164E-03 4.92362925158365E-03
2.49336046454184E-03 -4.56805085364187E-03
3.04697052260669E-03 -1.50229987737626E-03
2.11874217516634E-03 1.64851125408003E-03
7.6316412544107E-05 -8.55762054565046E-04
3.44339322565515E-04 1.43850725410774E-03
-5.15917562441335E-03 -2.44465650029391E-03
2.29371533725803E-04 -3.5900047738491E-03
6.92044584162786E-03 7.46642534222631E-04
-4.73018151466748E-03 2.94896054204557E-03
-4.1084301345919E-03 -7.12696584740526E-03
-1.8120926679727E-03 3.66216972841478E-03
-6.50326308961354E-03 -4.06826271165391E-03
5.32260960274266E-03 -6.94879097990489E-04
-3.11135360555306E-03 6.14276825318577E-03
-5.99685179966051E-03 -7.99771320971014E-03
1.06153610846036E-02 -1.3839578648899E-03
-7.08436075102292E-04 9.89891992936298E-03
-3.39915039790848E-03 3.34273201448908E-03
2.90754341043811E-03 8.34111214807628E-05
2.96174938376085E-04 3.08694270367797E-03
-9.37743267029674E-04 2.20306296017889E-04
3.16599027014647E-03 -3.71890029762833E-03
3.28925247031096E-03 4.58249678321298E-03
-9.22232357224784E-03 1.10616063724885E-03
3.12907458968233E-03 -4.99377319417755E-03
3.45074041203295E-03 9.47881254773982E-04
-3.48726956983317E-03 3.24081538050207E-03
-1.40421675723063E-03 -2.3391868539419E-03
-2.29600428774988E-03 -1.59926950485558E-03
-3.82148944448148E-03 4.07033275128279E-04
3.47981789340735E-03 -8.03975898753182E-04
-1.52465098533366E-03 4.83409111818494E-03
-6.67145123652208E-03 -1.36831563956279E-03
-1.62252592970147E-03 -7.75883820855474E-03
2.54115487134231E-03 1.6655253749849E-03
-3.39282965759963E-03 1.82670500137827E-03
-2.97335824766408E-03 5.34982149831246E-04
1.40448665849192E-03 -1.39670096772866E-03
2.24676346681501E-03 -8.72915285891195E-04
2.8237866954053E-03 1.62742125498565E-03
-7.11310193351727E-04 5.57613131379949E-04
-1.92955239983744E-03 -5.21075157078993E-04
3.03508440364248E-03 -4.13171835115361E-03
5.87633848341415E-04 2.9978377035971E-03
9.98470291662995E-04 3.43443044108629E-03
-8.34938896069599E-04 1.57586306132455E-03
-4.07141105999995E-03 -4.05381692437721E-03
4.5034288505332E-04 5.36193066850996E-04
-1.96163158022009E-03 2.24547029816848E-04
3.0881118561131E-04 -3.50785037098565E-03
3.64630551230656E-03 -1.4189393128502E-03
1.88544960128466E-03 5.33869865649215E-03
-5.1930062329454E-03 -3.37856352419632E-03
7.41901942063535E-03 -2.59297135623309E-04
-4.1331553957034E-03 5.51423361632804E-03
-4.37836568092968E-03 -3.85561992866762E-03
4.17652775512637E-03 -1.51030018469873E-03
-4.12971833504005E-03 5.83573582916035E-04
2.45159321273601E-03 -5.66155289658632E-03
2.51105938627214E-03 1.54632488279658E-03
-2.49306904117653E-03 -1.46090143171498E-03
1.60020420995409E-03 -0.000356811588973
-8.12945320736501E-04 4.96015795242265E-03
-3.30401032003796E-03 -1.21357230520516E-03
-1.74270232447949E-03 -3.00221747891432E-03
2.85333457634288E-03 -1.55995108596509E-04
-4.88132838576265E-04 7.00702209088459E-04
-4.93499759458912E-03 -1.26983312195312E-03
4.37826489100696E-04 -1.15248014559571E-03
-6.95464672009986E-04 1.03419916014971E-03
-2.09986471782157E-03 7.57091014943163E-04
1.23031957220037E-03 -2.2462613634051E-04
6.87359574855229E-04 -1.79355044975993E-04
1.82693531414648E-04 -7.39470425324274E-04
7.39015608268856E-04 -1.32923650654811E-03
-1.55168064855699E-03 -6.30776486520539E-04
-2.61221960364352E-03 -2.5704176433068E-03
-1.17430871921202E-03 -3.58696590993015E-03
2.78346527439184E-03 -1.88084540081713E-04
-3.51692910821878E-03 -2.41905154349964E-04
-4.32965873644903E-04 -5.42660048932962E-03
1.80325206202827E-03 1.29115441696767E-03
-3.52680254611137E-03 3.22348052134377E-03
1.74337292106284E-03 -2.2967415539074E-03
5.73439989850296E-04 4.78376872757466E-04
-3.07018524381422E-03 -5.50996925136606E-04
-1.75292071309907E-03 -2.94891124987765E-04
0.003471398918992 -1.45210453184792E-03
1.41564514474429E-03 4.58067245763174E-03
-3.22199251825564E-03 -1.58039710160055E-03
4.39570279969925E-03 -1.66061391783961E-03
-1.46240927964837E-03 2.13814035210551E-03
-8.19194278002353E-04 -2.04555348724336E-03
4.71307463967229E-03 2.60501247744843E-03
4.51027235710245E-04 3.6528249258685E-03
-3.94161953651575E-03 -3.16329737806261E-03
4.71360046728038E-03 -1.46871068449731E-03
2.67021438754494E-03 2.92147219271124E-03
-3.18297559746833E-03 1.15599888883269E-04
1.30321867834421E-03 -4.2753251663126E-04
1.5703945442979E-03 4.61243270917148E-04
2.09778424681628E-04 -1.0585836893914E-03
-1.08132923642471E-03 -2.78019879352533E-05
2.16420017257598E-04 -2.92131264334559E-04
7.92553947389526E-05 -2.86192946053487E-03
2.4550690457656E-03 1.73161666869997E-04
7.4121867367764E-04 2.73941438699173E-03
-2.13674752679974E-03 -2.56680006358335E-03
-2.50446082144449E-03 -2.35473572993289E-03
6.88304134664745E-04 -1.17260863240238E-04
-9.9182638464134E-04 -6.36104205511594E-04
-4.5197941681016E-03 -1.93228375994858E-03
2.56244035351607E-05 -3.58097783256739E-03
-1.15374345989877E-03 1.94041082431588E-03
-2.7274888745171E-03 -3.30452282461402E-03
6.89673189575157E-04 5.57517576610168E-04
-7.40175230321925E-03 3.65615752150297E-03
-2.41173370292812E-04 -5.40365826146075E-03
