10000000
39950000
69900000
99850000
129800000
159750000
189700000
219650000
249600000
279550000
309500000
339450000
369400000
399350000
429300000
459250000
489200000
519150000
549100000
579050000
609000000
638950000
668900000
698850000
728800000
758750000
788700000
818650000
848600000
878550000
908500000
938450000
968400000
998350000
1028300000
1058250000
1088200000
1118150000
1148100000
1178050000
1208000000
1237950000
1267900000
1297850000
1327800000
1357750000
1387700000
1417650000
1447600000
1477550000
1507500000
1537450000
1567400000
1597350000
1627300000
1657250000
1687200000
1717150000
1747100000
1777050000
1807000000
1836950000
1866900000
1896850000
1926800000
1956750000
1986700000
2016650000
2046600000
2076550000
2106500000
2136450000
2166400000
2196350000
2226300000
2256250000
2286200000
2316150000
2346100000
2376050000
2406000000
2435950000
2465900000
2495850000
2525800000
2555750000
2585700000
2615650000
2645600000
2675550000
2705500000
2735450000
2765400000
2795350000
2825300000
2855250000
2885200000
2915150000
2945100000
2975050000
3005000000
3034950000
3064900000
3094850000
3124800000
3154750000
3184700000
3214650000
3244600000
3274550000
3304500000
3334450000
3364400000
3394350000
3424300000
3454250000
3484200000
3514150000
3544100000
3574050000
3604000000
3633950000
3663900000
3693850000
3723800000
3753750000
3783700000
3813650000
3843600000
3873550000
3903500000
3933450000
3963400000
3993350000
4023300000
4053250000
4083200000
4113150000
4143100000
4173050000
4203000000
4232950000
4262900000
4292850000
4322800000
4352750000
4382700000
4412650000
4442600000
4472550000
4502500000
4532450000
4562400000
4592350000
4622300000
4652250000
4682200000
4712150000
4742100000
4772050000
4802000000
4831950000
4861900000
4891850000
4921800000
4951750000
4981700000
5011650000
5041600000
5071550000
5101500000
5131450000
5161400000
5191350000
5221300000
5251250000
5281200000
5311150000
5341100000
5371050000
5401000000
5430950000
5460900000
5490850000
5520800000
5550750000
5580700000
5610650000
5640600000
5670550000
5700500000
5730450000
5760400000
5790350000
5820300000
5850250000
5880200000
5910150000
5940100000
5970050000
6000000000